697181
697184
697187
697192
697197
697202
697209
697216
697223
697232
697241
697246
697255
697266
697279
697286
697297
697308
697315
697326
697339
697348
697363
697378
697387
697404
697419
697436
697447
697458
697467
697474
697483
697496
697503
697520
697537
697548
697565
697582
697601
697620
697639
697652
697663
697678
697697
697718
697731
697750
697765
697786
697803
697826
697839
697852
697869
697894
697921
697936
697957
697966
697977
697992
698003
698016
698027
698048
698069
698082
698105
698116
698133
698162
698183
698198
698211
698224
698229
698242
698259
698268
698283
698306
698327
698350
698369
698370
698387
698406
698419
698436
698451
698466
698485
698502
698525
698538
698561
698580
698599
698610
698629
698644
698655
698674
698695
698710
698729
698750
698769
698782
698803
698822
698829
698838
698861
698882
698905
698924
698947
698962
698987
699000
699013
699034
699047
699062
699075
699088
699097
699118
699139
699152
699173
699184
699207
699220
699245
699258
699273
699286
699309
699334
699351
699368
699393
699408
699429
699450
699469
699484
699507
699528
699543
699566
699581
699594
699617
699636
699659
699674
699697
699708
699727
699752
699777
699800
699827
699840
699855
699872
699899
699920
699937
699952
699971
699982
700007
700034
700057
700070
700091
700106
700123
700148
700173
700188
700213
700230
700255
700274
700303
700324
700349
700362
700383
700396
700411
700426
700445
700472
700491
700518
700545
700568
700591
700604
700627
700640
700663
700678
700697
700708
700727
700740
700757
700786
700813
700838
700853
700870
700891
700914
700931
700962
700981
701004
701021
701040
701071
701102
701117
701142
701165
701192
701209
701230
701245
701278
701293
701300
701317
701350
701381
701404
701421
701440
701463
701482
701499
701524
701545
701570
701593
701620
701635
701652
701675
701708
701717
701736
701753
701782
701807
701832
701859
701880
701899
701930
701951
701978
702001
702014
702047
702072
702093
702122
702141
702154
702171
702186
702203
702222
702239
702254
702279
702302
702319
702344
702369
702382
702407
702422
702443
702464
702493
702518
702529
702564
702583
702606
702619
702640
702665
702682
702717
702730
702753
702776
702795
702832
702847
702868
702895
702924
702941
702966
702993
703016
703035
703054
703083
703114
703139
703150
703177
703202
703219
703238
703255
703278
703293
703314
703333
703358
703375
703402
703421
703442
703461
703482
703499
703520
703559
703582
703605
703626
703659
703682
703703
703718
703741
703768
703793
703818
703845
703858
703885
703904
703921
703938
703955
703980
704001
704016
704039
704062
704083
704112
704143
704154
704167
704196
704227
704242
704257
704280
704299
704314
704341
704370
704393
704406
704431
704454
704475
704498
704523
704556
704583
704596
704613
704628
704655
704674
704687
704706
704713
704726
704749
704768
704803
704836
704851
704870
704905
704936
704961
704984
705009
705036
705063
705076
705097
705114
705139
705166
705191
705214
705251
705270
705295
705326
705347
705376
705391
705410
705437
705456
705485
705506
705531
705564
705585
705608
705623
705648
705675
705706
705727
705744
705767
705786
705801
705838
705867
705896
705921
705932
705957
705986
706015
706042
706065
706094
706117
706138
706175
706194
706211
706226
706261
706286
706305
706336
706357
706390
706415
706440
706457
706486
706517
706544
706553
706568
706595
706622
706641
706672
706695
706724
706741
706776
706809
706830
706863
706888
706905
706928
706953
706980
706997
707026
707039
707058
707089
707118
707139
707154
707163
707196
707231
707254
707275
707288
707315
707340
707359
707384
707399
707424
707437
707464
707487
707512
707541
707572
707587
707620
707645
707674
707683
707700
707729
707754
707777
707800
707825
707846
707863
707890
707913
707930
707963
707978
708009
708034
708053
708078
708099
708130
708157
708184
708209
708230
708249
708270
708297
708318
708337
708348
708385
708416
708437
708452
708473
708492
708515
708532
708567
708596
708627
708654
708677
708696
708737
708770
708797
708830
708857
708880
708901
708928
708945
708962
708987
709012
709043
709060
709101
709128
709153
709172
709189
709208
709233
709250
709273
709308
709323
709358
709389
709402
709427
709438
709459
709482
709505
709534
709567
709610
709629
709658
709683
709702
709729
709746
709767
709796
709817
709846
709875
709892
709913
709938
709965
709996
710023
710040
710063
710092
710115
710136
710155
710190
710215
710244
710261
710292
710329
710346
710373
710390
710421
710440
710467
710484
710505
710530
710565
710598
710617
710636
710659
710688
710725
710750
710783
710812
710843
710862
710885
710914
710959
710978
711005
711034
711055
711068
711099
711124
711149
711178
711203
711222
711241
711260
711287
711306
711343
711374
711405
711432
711449
711476
711495
711528
711555
711582
711595
711630
711647
711670
711703
711728
711747
711768
711799
711816
711847
711874
711909
711920
711937
711966
711991
712008
712031
712040
712057
712082
712115
712150
712181
712220
712267
712282
712311
712328
712353
712384
712407
712454
712481
712522
712545
712572
712587
712608
712633
712656
712691
712722
712731
712758
712787
712814
712833
712856
712883
712904
712919
712948
712971
712986
713035
713052
713071
713108
713135
713156
713185
713228
713253
713278
713295
713330
713367
713396
713417
713440
713461
713476
713499
713518
713529
713556
713579
713596
713633
713662
713685
713712
713733
713752
713773
713794
713825
713846
713875
713896
713919
713964
713983
714014
714037
714064
714089
714106
714129
714156
714183
714200
714233
714256
714289
714310
714331
714358
714385
714404
714421
714452
714487
714524
714551
714584
714617
714642
714675
714684
714711
714730
714753
714774
714809
714828
714857
714882
714897
714918
714953
714984
715017
715040
715071
715102
715131
715164
715193
715210
715235
715264
715301
715330
715375
715406
715431
715448
715467
715488
715527
715548
715575
715596
715613
715630
715647
715668
715699
715728
715749
715772
715797
715826
715847
715872
715901
715924
715931
715950
715977
716016
716049
716072
716101
716122
716141
716194
716215
716244
716265
716284
716303
716342
716369
716396
716421
716450
716469
716496
716525
716546
716585
716624
716671
716694
716727
716756
716783
716820
716855
716882
716899
716916
716937
716962
716979
716996
717027
717048
717071
717094
717123
717150
717179
717208
717241
717264
717285
717310
717331
717370
717393
717418
717441
717456
717487
717504
717529
717552
717577
717604
717621
717646
717665
717686
717723
717758
717781
717804
717825
717840
717865
717888
717917
717934
717957
717986
718009
718044
718067
718072
718091
718114
718143
718176
718197
718218
718243
718274
718291
718302
718327
718352
718379
718396
718423
718452
718473
718502
718529
718560
718583
718608
718639
718666
718699
718730
718753
718788
718819
718834
718863
718882
718909
718926
718939
718960
718975
719002
719025
719054
719083
719102
719123
719150
719171
719198
719221
719246
719277
719300
719321
719352
719377
719392
719413
719432
719463
719488
719513
719530
719563
719582
719611
719646
719659
719684
719723
719748
719753
719774
719801
719828
719853
719884
719917
719950
719979
720004
720035
720062
720105
720124
720147
720172
720199
720224
720251
720276
720303
720330
720353
720384
720413
720442
720467
720492
720517
720540
720591
720612
720643
720672
720689
720706
720737
720762
720795
720826
720859
720870
720889
720910
720937
720960
720977
721006
721033
721064
721093
721114
721143
721168
721201
721216
721243
721266
721295
721322
721345
721372
721405
721440
721461
721486
721517
721552
721563
721586
721617
721638
721667
721686
721707
721732
721755
721786
721813
721832
721845
721876
721899
721920
721933
721952
721983
722000
722033
722054
722083
722098
722129
722158
722185
722214
722235
722254
722275
722302
722313
722338
722353
722388
722417
722446
722477
722486
722511
722538
722553
722578
722615
722636
722657
722698
722729
722756
722779
722792
722815
722840
722863
722886
722903
722932
722955
722974
723007
723044
723071
723092
723103
723128
723153
723168
723187
723218
723237
723264
723289
723322
723341
723368
723389
723418
723447
723470
723499
723538
723541
723562
723589
723620
723649
723678
723695
723722
723757
723788
723811
723844
723867
723890
723915
723956
723983
724002
724029
724056
724085
724128
724153
724178
724203
724226
724257
724296
724335
724348
724379
724404
724439
724468
724479
724504
724539
724566
724589
724612
724635
724664
724679
724698
724731
724760
724795
724816
724843
724870
724893
724920
724959
724992
725023
725064
725089
725108
725133
725146
725177
725196
725223
725246
725265
725294
725317
725338
725359
725386
725403
725414
725437
725474
725491
725518
725553
725574
725597
725622
725651
725678
725709
725720
725753
725786
725817
725844
725875
725904
725937
725966
725989
726012
726035
726060
726081
726106
726123
726142
726181
726200
726231
726254
726273
726292
726315
726334
726357
726392
726417
726446
726477
726504
726531
726564
726595
726620
726643
726668
726697
726728
726749
726776
726803
726834
726869
726888
726911
726934
726953
726990
727013
727026
727053
727088
727113
727146
727161
727188
727215
727242
727263
727294
727311
727326
727339
727370
727403
727436
727463
727494
727517
727542
727557
727578
727599
727634
727655
727688
727705
727732
727751
727772
727801
727818
727849
727878
727895
727908
727941
727976
728013
728048
728071
728092
728127
728148
728179
728210
728239
728276
728309
728338
728373
728400
728425
728458
728477
728510
728533
728560
728599
728624
728639
728662
728685
728714
728739
728766
728789
728820
728849
728868
728893
728920
728951
728982
729001
729032
729047
729068
729101
729126
729163
729190
729223
729242
729275
729302
729319
729328
729365
729394
729421
729450
729479
729502
729527
729562
729595
729622
729649
729654
729677
729702
729729
729782
729801
729828
729855
729878
729907
729930
729961
729974
729999
730024
730059
730088
730119
730150
730199
730218
730249
730274
730301
730334
730343
730382
730409
730428
730453
730476
730503
730532
730553
730588
730615
730654
730671
730704
730729
730754
730779
730822
730853
730876
730913
730950
730969
730988
731017
731042
731067
731098
731129
731152
731181
731188
731221
731256
731281
731306
731333
731360
731397
731428
731449
731470
731493
731526
731549
731568
731583
731612
731649
731682
731711
731738
731767
731794
731817
731846
731869
731894
731919
731956
731983
732020
732045
732074
732101
732138
732183
732218
732235
732264
732287
732316
732337
732358
732391
732408
732429
732454
732475
732512
732531
732554
732571
732606
732629
732662
732691
732720
732737
732770
732795
732814
732847
732874
732899
732918
732961
732988
733005
733044
733061
733098
733133
733168
733201
733222
733245
733274
733293
733324
733357
733386
733417
733436
733467
733498
733525
733538
733573
733596
733623
733652
733691
733714
733747
733780
733821
733854
733881
733908
733941
733960
733991
734014
734035
734054
734091
734120
734147
734186
734225
734246
734273
734290
734305
734358
734415
734440
734479
734512
734547
734576
734599
734628
734649
734674
734705
734730
734753
734780
734817
734850
734879
734914
734935
734970
734995
735020
735055
735078
735099
735138
735149
735172
735207
735230
735257
735292
735327
735350
735379
735404
735431
735450
735463
735484
735507
735534
735549
735580
735593
735618
735651
735682
735695
735718
735739
735766
735795
735822
735857
735878
735917
735956
735973
736002
736031
736056
736089
736110
736143
736168
736191
736220
736235
736264
736301
736332
736365
736382
736395
736422
736457
736490
736513
736548
736591
736610
736649
736674
736713
736734
736761
736794
736817
736846
736881
736902
736921
736952
736979
737014
737029
737054
737073
737100
737121
737140
737163
737184
737227
737248
737269
737300
737333
737360
737385
737416
737443
737466
737495
737530
737551
737578
737599
737624
737653
737680
737711
737744
737785
737812
737839
737868
737905
737938
737965
737974
738007
738032
738067
738098
738129
738154
738185
738210
738233
738254
738277
738304
738319
738350
738381
738406
738431
738460
738491
738516
738545
738570
738599
738634
738649
738674
738683
738704
738733
738766
738785
738826
738847
738882
738903
738920
738949
738970
739015
739046
739069
739094
739125
739154
739189
739214
739239
739270
739291
739318
739341
739356
739393
739426
739437
739466
739501
739526
739551
739590
739625
739640
739671
739700
739737
739786
739813
739846
739875
739898
739931
739962
739995
740002
740037
740066
740093
740114
740143
740174
740199
740242
740277
740296
740329
740354
740379
740424
740459
740488
740517
740556
740575
740610
740649
740678
740701
740720
740747
740774
740801
740818
740843
740864
740889
740938
740965
740988
741017
741038
741059
741080
741115
741152
741183
741218
741241
741268
741295
741324
741351
741372
741391
741418
741449
741480
741515
741544
741569
741608
741631
741642
741655
741690
741711
741732
741753
741790
741815
741844
741871
741890
741913
741936
741963
742002
742031
742056
742075
742102
742125
742152
742181
742210
742231
742252
742279
742314
742339
742378
742401
742436
742479
742492
742529
742560
742581
742602
742633
742654
742683
742714
742745
742762
742801
742818
742845
742870
742899
742922
742951
742968
742969
742996
743035
743058
743091
743120
743159
743184
743211
743236
743261
743292
743327
743346
743371
743398
743417
743448
743465
743496
743513
743544
743573
743596
743623
743646
743675
743706
743723
743744
743773
743790
743807
743828
743855
743880
743901
743938
743957
743992
744029
744064
744099
744124
744151
744174
744203
744232
744257
744286
744319
744346
744389
744410
744441
744466
744489
744536
744553
744584
744615
744640
744671
744698
744729
744752
744773
744798
744827
744848
744869
744896
744929
744956
744991
745010
745033
745054
745093
745120
745161
745178
745193
745224
745255
745282
745309
745346
745365
745390
745417
745452
745487
745516
745545
745574
745607
745626
745645
745658
745695
745732
745757
745782
745805
745834
745861
745882
745909
745936
745959
745992
746031
746054
746073
746114
746125
746154
746187
746222
746261
746290
746307
746340
746347
746370
746397
746410
746439
746486
746521
746532
746563
746586
746605
746638
746655
746690
746709
746754
746759
746768
746793
746834
746877
746910
746941
746966
746991
747028
747061
747100
747137
747156
747189
747208
747241
747274
747301
747328
747359
747380
747397
747430
747457
747500
747533
747564
747581
747602
747637
747672
747705
747726
747757
747798
747831
747854
747883
747910
747945
747964
747985
748008
748021
748042
748075
748098
748123
748152
748179
748212
748247
748272
748293
748324
748353
748378
748395
748430
748449
748472
748491
748526
748553
748584
748615
748634
748663
748680
748711
748736
748771
748808
748839
748868
748901
748928
748959
748986
749015
749044
749065
749104
749125
749142
749167
749200
749241
749274
749303
749328
749359
749392
749423
749448
749485
749516
749549
749576
749611
749626
749653
749678
749715
749746
749779
749798
749821
749850
749871
749902
749931
749962
750001
750036
750061
750074
750105
750140
750161
750188
750211
750224
750263
750300
750321
750342
750355
750376
750401
750434
750461
750486
750515
750548
750583
750606
750629
750666
750697
750722
750745
750778
750817
750850
750885
750908
750941
750970
751011
751042
751079
751096
751119
751136
751169
751208
751241
751270
751289
751320
751365
751396
751421
751452
751487
751518
751555
751582
751599
751618
751657
751682
751713
751734
751757
751790
751829
751858
751879
751894
751925
751958
751993
752022
752055
752088
752115
752144
752165
752192
752217
752250
752275
752304
752339
752360
752387
752400
752423
752454
752485
752516
752547
752574
752599
752620
752647
752686
752707
752746
752769
752802
752829
752868
752897
752920
752945
752970
752991
753014
753045
753072
753105
753138
753179
753212
753245
753270
753303
753338
753365
753394
753417
753448
753469
753498
753533
753556
753591
753624
753643
753676
753709
753732
753759
753798
753845
753872
753905
753926
753951
753972
754005
754026
754049
754072
754121
754144
754187
754228
754255
754278
754295
754300
754325
754356
754385
754414
754455
754480
754507
754544
754569
754600
754617
754656
754689
754718
754731
754758
754775
754806
754847
754884
754913
754934
754959
754982
755023
755060
755083
755114
755145
755174
755195
755236
755271
755308
755327
755366
755383
755412
755443
755470
755507
755528
755561
755584
755609
755644
755673
755694
755711
755724
755755
755784
755821
755842
755867
755904
755935
755968
755991
756022
756041
756076
756109
756124
756139
756182
756221
756238
756263
756302
756321
756352
756387
756424
756449
756482
756509
756534
756549
756572
756609
756630
756667
756700
756739
756772
756805
756828
756865
756884
756909
756944
756999
757024
757059
757074
757105
757134
757171
757196
757219
757252
757269
757304
757339
757360
757401
757428
757451
757476
757503
757542
757561
757594
757625
757654
757687
757706
757725
757760
757787
757810
757847
757868
757901
757940
757969
758000
758033
758062
758101
758136
758173
758204
758227
758246
758281
758288
758305
758334
758363
758390
758425
758462
758485
758524
758557
758592
758629
758644
758671
758688
758715
758744
758783
758816
758843
758860
758891
758904
758933
758962
758991
759022
759067
759090
759111
759138
759179
759214
759239
759256
759279
759298
759313
759346
759377
759406
759443
759468
759497
759528
759543
759572
759591
759622
759643
759676
759697
759724
759753
759774
759799
759824
759847
759882
759921
759944
759973
760004
760031
760084
760097
760124
760157
760188
760215
760252
760267
760310
760339
760368
760401
760428
760465
760506
760527
760554
760583
760606
760633
760650
760693
760706
760729
760760
760791
760816
760839
760880
760899
760936
760975
760996
761013
761042
761071
761094
761123
761144
761171
761198
761233
761252
761287
761316
761345
761358
761395
761420
761449
761470
761505
761516
761557
761580
761593
761634
761667
761700
761751
761776
761805
761842
761867
761892
761933
761962
761985
762026
762045
762082
762107
762136
762177
762220
762253
762290
762325
762338
762389
762410
762447
762472
762493
762514
762541
762558
762583
762608
762641
762660
762699
762720
762755
762780
762811
762846
762875
762894
762929
762956
762975
762990
763025
763044
763071
763096
763123
763152
763175
763208
763255
763294
763319
763348
763387
763416
763439
763446
763463
763490
763535
763564
763591
763612
763641
763658
763687
763712
763757
763794
763827
763852
763883
763918
763939
763970
763995
764018
764053
764074
764107
764146
764185
764212
764249
764278
764313
764332
764361
764398
764429
764454
764487
764498
764531
764560
764593
764638
764667
764688
764729
764758
764791
764822
764847
764876
764899
764950
764993
765030
765051
765076
765103
765132
765163
765192
765207
765248
765279
765306
765343
765376
765397
765436
765469
765490
765523
765554
765585
765606
765629
765630
765661
765698
765725
765744
765773
765802
765825
765856
765897
765936
765965
765994
766019
766064
766099
766134
766161
766188
766245
766272
766299
766328
766349
766372
766403
766438
766457
766484
766519
766548
766559
766588
766605
766630
766651
766676
766697
766708
766729
766758
766789
766824
766859
766884
766913
766938
766979
767008
767043
767078
767101
767124
767153
767186
767213
767244
767277
767316
767335
767358
767389
767406
767433
767454
767487
767506
767535
767560
767597
767626
767657
767696
767723
767746
767775
767808
767845
767874
767893
767920
767943
767972
768007
768038
768051
768078
768097
768126
768159
768186
768209
768234
768265
768290
768313
768344
768379
768410
768429
768464
768497
768524
768549
768580
768617
768628
768657
768698
768717
768742
768755
768788
768821
768848
768887
768908
768939
768962
768995
769020
769039
769066
769093
769124
769145
769180
769205
769224
769253
769276
769305
769328
769361
769404
769435
769470
769499
769520
769553
769580
769605
769630
769655
769686
769719
769754
769785
769814
769843
769856
769881
769918
769955
769970
770007
770024
770057
770082
770125
770158
770185
770210
770227
770258
770273
770306
770333
770372
770399
770430
770459
770492
770527
770554
770579
770612
770637
770660
770685
770720
770751
770774
770813
770852
770881
770910
770927
770956
770981
771036
771057
771088
771109
771120
771161
771200
771213
771232
771263
771300
771333
771346
771367
771400
771423
771458
771489
771524
771547
771574
771595
771624
771655
771676
771699
771730
771769
771808
771827
771852
771879
771892
771923
771956
771981
772000
772019
772050
772075
772110
772127
772168
772197
772216
772245
772276
772301
772324
772347
772366
772401
772434
772459
772498
772537
772558
772577
772598
772637
772678
772709
772734
772765
772794
772835
772868
772883
772914
772945
772972
773011
773046
773065
773098
773123
773152
773183
773224
773265
773298
773315
773338
773349
773384
773405
773428
773459
773494
773517
773548
773579
773602
773645
773682
773711
773738
773759
773790
773823
773844
773871
773908
773921
773950
773979
774016
774047
774082
774111
774138
774177
774206
774235
774254
774283
774326
774353
774388
774403
774428
774459
774480
774503
774550
774581
774618
774655
774688
774721
774750
774765
774792
774817
774854
774875
774908
774935
774962
774981
775016
775041
775078
775115
775136
775175
775186
775213
775248
775265
775286
775323
775354
775391
775420
775443
775474
775491
775512
775543
775566
775587
775604
775633
775674
775709
775732
775755
775794
775837
775856
775875
775898
775931
775968
776001
776016
776049
776084
776119
776160
776187
776216
776259
776294
776315
776342
776365
776376
776405
776410
776443
776468
776491
776508
776525
776544
776573
776602
776629
776664
776697
776726
776757
776788
776811
776836
776857
776882
776909
776946
776965
776982
777007
777032
777069
777096
777127
777162
777187
777222
777241
777280
777311
777334
777355
777398
777431
777464
777479
777508
777531
777562
777593
777624
777645
777672
777691
777728
777757
777778
777817
777852
777883
777912
777951
777978
778011
778036
778055
778078
778115
778160
778183
778206
778233
778254
778281
778300
778333
778364
778387
778410
778439
778474
778501
778518
778549
778576
778617
778642
778673
778694
778731
778760
778777
778808
778843
778862
778899
778924
778961
778988
779005
779046
779079
779096
779125
779164
779195
779232
779251
779280
779301
779330
779363
779374
779407
779440
779469
779508
779545
779556
779593
779612
779641
779682
779729
779750
779771
779810
779839
779870
779899
779926
779961
779990
780013
780030
780049
780080
780111
780132
780161
780188
780217
780252
780279
780318
780361
780390
780419
780448
780469
780508
780547
780586
780619
780656
780677
780698
780723
780748
780777
780792
780829
780854
780883
780920
780939
780964
780993
781004
781029
781062
781085
781108
781145
781180
781205
781232
781259
781290
781317
781344
781371
781388
781413
781446
781473
781488
781505
781538
781571
781586
781623
781664
781691
781710
781741
781772
781783
781798
781821
781858
781903
781938
781967
781976
781995
782024
782049
782108
782129
782144
782189
782212
782227
782244
782267
782300
782335
782364
782393
782416
782445
782476
782511
782536
782553
782574
782603
782626
782647
782694
782735
782758
782779
782796
782825
782872
782891
782914
782941
782972
782989
783032
783065
783110
783145
783170
783205
783218
783249
783274
783293
783322
783349
783374
783401
783446
783465
783500
783535
783556
783591
783622
783657
783698
783729
783744
783777
783812
783847
783882
783895
783930
783959
783984
784019
784050
784089
784110
784133
784166
784215
784238
784263
784274
784289
784316
784333
784368
784391
784424
784459
784502
784549
784564
784603
784634
784653
784690
784737
784794
784823
784860
784889
784924
784947
784972
784995
785036
785069
785106
785125
785154
785181
785216
785251
785270
785311
785352
785391
785422
785455
785490
785523
785560
785589
785622
785663
785690
785713
785744
785767
785792
785807
785836
785877
785900
785931
785962
785987
786006
786043
786068
786101
786132
786157
786192
786211
786234
786255
786278
786311
786334
786359
786384
786413
786448
786469
786498
786527
786562
786597
786632
786669
786706
786731
786758
786793
786804
786829
786860
786899
786918
786949
786988
787017
787054
787075
787100
787135
787158
787199
787228
787261
787288
787299
787330
787345
787378
787395
787432
787455
787480
787501
787522
787547
787574
787609
787638
787663
787702
787735
787752
787779
787796
787831
787866
787903
787924
787937
787978
788015
788040
788075
788114
788139
788152
788171
788202
788223
788252
788271
788298
788327
788346
788375
788392
788435
788474
788507
788536
788557
788588
788607
788628
788653
788682
788713
788742
788779
788800
788825
788854
788877
788918
788957
788976
789009
789048
789083
789122
789147
789168
789201
789242
789263
789280
789301
789340
789373
789414
789445
789466
789485
789520
789541
789566
789609
789646
789667
789698
789725
789744
789765
789788
789817
789848
789871
789916
789945
789974
790021
790054
790075
790108
790149
790184
790211
790234
790241
790276
790303
790334
790355
790376
790411
790436
790465
790498
790529
790564
790597
790620
790649
790684
790709
790732
790753
790796
790839
790862
790903
790930
790959
790988
791023
791050
791085
791104
791131
791160
791191
791232
791253
791286
791311
791332
791365
791392
791407
791420
791447
791482
791523
791568
791609
791644
791665
791696
791713
791734
791763
791788
791817
791848
791865
791900
791911
791954
791977
792008
792043
792056
792097
792116
792153
792188
792219
792258
792285
792300
792331
792354
792387
792420
792457
792496
792529
792554
792567
792590
792619
792646
792679
792696
792725
792740
792779
792806
792831
792860
792881
792916
792945
792974
793003
793020
793051
793076
793109
793142
793171
793196
793215
793248
793279
793296
793313
793346
793381
793424
793449
793476
793497
793520
793559
793578
793619
793644
793661
793696
793741
793768
793791
793816
793853
793882
793917
793932
793969
793998
794019
794040
794065
794096
794127
794166
794185
794218
794259
794290
794321
794342
794359
794396
794423
794440
794465
794500
794529
794566
794599
794626
794639
794678
794703
794734
794769
794792
794811
794838
794865
794886
794897
794916
794943
794972
794983
794996
795013
795034
795051
795084
795115
795150
795187
795220
795241
795266
795299
795318
795335
795356
795403
795436
795465
795492
795529
795550
795577
795610
795637
795678
795691
795718
795747
795774
795803
795828
795849
795880
795905
795942
795973
796000
796021
796052
796081
796112
796121
796154
796183
796230
796241
796272
796305
796338
796369
796398
796425
796440
796479
796508
796531
796562
796579
796618
796649
796676
796703
796736
796765
796788
796815
796842
796861
796886
796917
796948
796961
796976
797005
797020
797055
797084
797105
797148
797191
797222
797253
797294
797299
797332
797365
797408
797435
797458
797497
797544
797565
797596
797637
797648
797685
797724
797759
797792
797811
797840
797877
797906
797941
797984
798025
798052
798071
798092
798113
798130
798165
798202
798235
798254
798293
798320
798365
798384
798409
798422
798455
798486
798519
798552
798587
798616
798631
798654
798673
798696
798729
798754
798781
798802
798835
798872
798899
798916
798957
798980
798999
799036
799065
799112
799131
799158
799175
799208
799249
799262
799299
799328
799367
799394
799421
799450
799475
799504
799539
799562
799595
799652
799669
799692
799699
799732
799755
799788
799833
799858
799883
799920
799943
799972
800021
800044
800077
800114
800135
800164
800201
800238
800275
800320
800353
800378
800403
800428
800457
800486
800511
800536
800567
800604
800627
800662
800689
800724
800757
800782
800793
800826
800861
800884
800915
800948
800981
801018
801041
801058
801099
801140
801165
801200
801229
801264
801297
801326
801347
801370
801395
801422
801461
801484
801497
801520
801561
801586
801625
801658
801691
801716
801749
801776
801825
801848
801875
801894
801923
801950
801981
802000
802027
802060
802087
802098
802129
802154
802183
802240
802269
802302
802323
802352
802395
802430
802461
802484
802543
802576
802585
802614
802651
802688
802731
802770
802803
802820
802847
802878
802921
802954
802973
803006
803057
803086
803115
803156
803193
803224
803263
803296
803309
803344
803369
803408
803443
803482
803523
803544
803579
803604
803633
803662
803687
803730
803763
803798
803833
803862
803885
803896
803935
803968
803997
804018
804035
804072
804091
804110
804137
804160
804193
804214
804245
804280
804311
804340
804377
804402
804429
804450
804483
804518
804547
804568
804585
804604
804639
804668
804699
804740
804781
804806
804829
804862
804887
804906
804917
804950
804967
805002
805033
805054
805075
805098
805141
805162
805187
805216
805241
805268
805279
805310
805341
805392
805407
805440
805463
805500
805531
805556
805587
805622
805651
805676
805703
805724
805771
805794
805819
805852
805889
805916
805939
805974
805993
806022
806051
806068
806109
806134
806163
806186
806209
806252
806289
806320
806337
806350
806387
806420
806441
806476
806507
806526
806559
806590
806629
806662
806683
806708
806735
806768
806809
806820
806853
806864
806883
806924
806963
806996
807043
807068
807097
807116
807137
807164
807207
807228
807259
807308
807333
807374
807407
807434
807453
807490
807507
807536
807565
807588
807611
807642
807663
807694
807709
807744
807763
807774
807813
807828
807855
807884
807917
807944
807993
808032
808055
808088
808111
808138
808171
808206
808227
808260
808277
808296
808311
808340
808375
808388
808401
808432
808465
808478
808511
808542
808581
808610
808649
808680
808711
808736
808759
808796
808821
808842
808859
808876
808901
808938
808981
809016
809049
809078
809105
809124
809151
809170
809195
809216
809245
809284
809307
809356
809381
809420
809443
809470
809505
809528
809565
809592
809613
809648
809669
809696
809721
809764
809823
809864
809907
809930
809969
809998
810021
810054
810081
810108
810145
810170
810197
810236
810259
810290
810317
810344
810361
810380
810409
810442
810461
810474
810501
810530
810565
810588
810617
810660
810691
810712
810753
810782
810791
810814
810839
810864
810893
810926
810959
810978
810997
811034
811079
811106
811125
811156
811185
811216
811251
811280
811311
811336
811361
811400
811441
811470
811501
811536
811577
811616
811639
811664
811687
811718
811745
811770
811805
811840
811871
811908
811943
811992
812013
812044
812075
812092
812127
812164
812187
812216
812231
812252
812281
812294
812333
812362
812399
812428
812449
812476
812513
812536
812557
812582
812589
812614
812641
812660
812685
812702
812729
812756
812779
812804
812823
812846
812877
812908
812935
812968
812999
813026
813057
813080
813105
813142
813183
813208
813247
813266
813303
813328
813339
813370
813399
813422
813447
813472
813501
813526
813551
813576
813599
813626
813641
813672
813711
813738
813765
813798
813827
813854
813879
813904
813933
813956
813973
814012
814033
814054
814075
814098
814127
814146
814157
814186
814203
814236
814251
814282
814311
814326
814363
814388
814419
814452
814481
814508
814527
814538
814561
814586
814611
814646
814669
814692
814735
814744
814783
814808
814841
814876
814901
814928
814947
814980
815005
815048
815079
815118
815145
815176
815199
815236
815273
815302
815329
815358
815379
815410
815447
815474
815509
815536
815569
815604
815643
815666
815689
815716
815745
815772
815805
815834
815853
815874
815917
815950
815971
815994
816019
816048
816083
816124
816151
816180
816201
816232
816265
816290
816327
816368
816397
816430
816449
816478
816505
816534
816569
816596
816629
816652
816679
816708
816745
816780
816797
816836
816869
816910
816951
816994
817033
817062
817079
817108
817141
817162
817185
817218
817243
817274
817287
817308
817337
817368
817389
817414
817449
817478
817517
817544
817577
817612
817647
817670
817701
817720
817743
817772
817803
817842
817885
817918
817941
817964
817993
818028
818063
818088
818119
818152
818181
818206
818237
818264
818281
818312
818349
818376
818405
818424
818443
818466
818495
818526
818547
818564
818599
818614
818637
818666
818695
818724
818765
818794
818805
818838
818877
818916
818945
818972
819009
819036
819055
819086
819125
819150
819183
819216
819243
819272
819323
819368
819385
819408
819441
819468
819497
819532
819555
819586
819619
819652
819675
819698
819721
819750
819777
819798
819825
819854
819881
819898
819925
819954
819985
820004
820021
820042
820065
820098
820135
820160
820199
820226
820255
820310
820343
820370
820389
820418
820439
820470
820501
820534
820561
820580
820593
820614
820641
820672
820685
820708
820727
820762
820791
820830
820859
820904
820943
820970
821001
821022
821049
821082
821105
821136
821151
821184
821215
821244
821253
821272
821305
821328
821351
821380
821409
821434
821471
821498
821515
821554
821593
821614
821645
821676
821697
821724
821761
821774
821811
821844
821865
821880
821901
821930
821967
821996
822023
822050
822073
822104
822127
822152
822165
822196
822233
822258
822289
822292
822317
822348
822375
822408
822437
822474
822503
822522
822539
822564
822591
822616
822641
822668
822695
822720
822757
822784
822817
822850
822885
822912
822943
822982
823015
823036
823059
823074
823105
823140
823163
823190
823215
823262
823283
823320
823345
823370
823397
823418
823445
823488
823527
823554
823581
823612
823637
823666
823695
823724
823753
823788
823807
823842
823867
823900
823937
823972
824007
824054
824079
824112
824143
824174
824191
824216
824243
824266
824301
824338
824371
824404
824429
824458
824497
824522
824561
824598
824639
824692
824715
824740
824775
824804
824837
824856
824895
824914
824949
824970
824999
825022
825053
825078
825101
825132
825165
825202
825235
825260
825297
825344
825363
825382
825411
825432
825473
825500
825529
825556
825571
825604
825625
825648
825669
825680
825717
825738
825773
825808
825823
825858
825887
825932
825969
826002
826039
826064
826083
826122
826151
826182
826207
826236
826275
826294
826325
826358
826377
826412
826437
826470
826509
826532
826569
826588
826611
826626
826653
826678
826701
826726
826767
826786
826815
826844
826873
826900
826943
826978
827001
827030
827067
827082
827123
827154
827181
827202
827235
827254
827283
827312
827343
827366
827391
827420
827451
827490
827525
827546
827581
827616
827657
827684
827707
827742
827773
827788
827817
827836
827867
827892
827935
827968
828003
828030
828063
828092
828115
828168
828193
828230
828251
828266
828293
828324
828345
828382
828417
828442
828475
828510
828535
828580
828615
828640
828671
828692
828731
828762
828795
828820
828859
828882
828915
828938
828973
829006
829033
829060
829091
829112
829133
829170
829195
829242
829265
829306
829339
829382
829417
829434
829469
829498
829515
829536
829573
829608
829633
829660
829681
829710
829753
829784
829813
829850
829875
829904
829945
829972
830005
830038
830069
830096
830133
830162
830191
830224
830269
830294
830313
830340
830367
830398
830413
830440
830475
830500
830525
830550
830585
830618
830645
830690
830725
830752
830783
830808
830829
830862
830889
830912
830945
830970
831011
831040
831063
831096
831113
831134
831175
831198
831229
831246
831285
831326
831357
831376
831405
831448
831481
831518
831543
831566
831589
831610
831643
831672
831699
831716
831753
831780
831803
831832
831859
831896
831911
831948
831975
832004
832037
832048
832077
832112
832151
832164
832195
832238
832259
832286
832307
832326
832353
832380
832415
832432
832469
832506
832539
832574
832613
832636
832667
832702
832739
832764
832787
832824
832851
832896
832913
832936
832959
832986
833019
833042
833069
833098
833121
833150
833181
833198
833231
833262
833289
833334
833353
833382
833403
833432
833455
833484
833509
833550
833583
833612
833643
833676
833703
833736
833767
833800
833833
833846
833869
833894
833945
833980
834023
834050
834069
834098
834131
834158
834195
834224
834245
834266
834291
834322
834353
834382
834423
834458
834485
834512
834549
834576
834615
834648
834673
834696
834727
834752
834779
834792
834801
834834
834851
834888
834915
834954
834975
835006
835021
835052
835083
835116
835155
835182
835211
835238
835273
835292
835325
835364
835409
835440
835489
835524
835555
835574
835605
835640
835691
835724
835763
835784
835817
835842
835871
835898
835929
835960
835975
836022
836049
836092
836129
836156
836183
836226
836261
836276
836313
836330
836349
836380
836403
836420
836451
836464
836501
836530
836567
836594
836611
836632
836669
836694
836729
836746
836765
836784
836823
836844
836881
836916
836933
836966
836995
837036
837061
837102
837125
837160
837181
837212
837253
837276
837311
837344
837385
837422
837451
837484
837503
837522
837557
837586
837599
837636
837665
837722
837749
837788
837817
837848
837883
837912
837949
837982
837999
838036
838065
838100
838137
838160
838189
838220
838247
838288
838313
838354
838387
838414
838441
838464
838495
838528
838571
838606
838641
838678
838711
838730
838761
838782
838801
838840
838881
838912
838941
838986
839011
839040
839063
839094
839119
839156
839191
839230
839265
839292
839329
839358
839385
839418
839433
839470
839489
839528
839553
839570
839589
839632
839661
839690
839713
839728
839741
839764
839777
839812
839851
839874
839901
839926
839945
839972
839995
840022
840045
840060
840095
840118
840141
840166
840183
840232
840255
840280
840315
840338
840369
840392
840423
840446
840479
840510
840541
840558
840601
840642
840673
840698
840733
840746
840773
840808
840837
840866
840887
840908
840945
840986
841011
841040
841073
841104
841131
841158
841179
841208
841239
841278
841319
841338
841371
841390
841425
841462
841505
841532
841563
841602
841633
841666
841675
841706
841729
841760
841781
841820
841845
841882
841907
841932
841959
841986
842009
842036
842053
842086
842127
842170
842195
842236
842251
842272
842299
842332
842353
842376
842411
842448
842477
842500
842529
842554
842583
842608
842629
842634
842657
842688
842709
842748
842773
842798
842831
842866
842891
842924
842951
842990
843025
843042
843075
843114
843135
843168
843197
843220
843261
843288
843323
843348
843385
843438
843471
843514
843559
843596
843621
843654
843697
843718
843743
843770
843805
843826
843847
843868
843891
843914
843943
843990
844005
844048
844065
844082
844093
844128
844159
844192
844211
844252
844267
844304
844331
844364
844391
844424
844449
844482
844509
844524
844559
844604
844625
844656
844705
844738
844763
844794
844829
844848
844869
844892
844931
844954
844979
845012
845045
845074
845105
845130
845169
845186
845209
845234
845271
845298
845327
845360
845375
845394
845427
845464
845499
845532
845547
845572
845591
845612
845653
845676
845699
845722
845755
845792
845819
845840
845881
845902
845927
845954
845963
845996
846039
846078
846101
846142
846169
846202
846227
846250
846281
846302
846345
846390
846409
846426
846461
846496
846525
846550
846565
846600
846635
846662
846699
846734
846759
846786
846823
846854
846889
846916
846935
846954
846981
847012
847039
847064
847103
847140
847171
847204
847223
847262
847291
847336
847365
847394
847425
847444
847479
847520
847545
847570
847593
847626
847647
847682
847701
847720
847745
847760
847789
847820
847839
847864
847889
847934
847963
848010
848037
848086
848103
848136
848179
848200
848211
848248
848279
848318
848343
848374
848407
848436
848463
848498
848511
848528
848559
848598
848627
848654
848683
848710
848735
848758
848797
848830
848863
848884
848911
848930
848947
848972
848999
849016
849053
849066
849093
849122
849145
849184
849209
849238
849267
849298
849327
849364
849395
849422
849451
849482
849515
849538
849559
849592
849621
849638
849659
849700
849747
849794
849817
849850
849871
849896
849925
849950
849985
850006
850023
850042
850063
850098
850119
850144
850159
850184
850213
850248
850273
850304
850323
850342
850367
850398
850441
850478
850503
850516
850541
850566
850593
850624
850653
850678
850703
850736
850755
850784
850819
850842
850863
850894
850931
850966
851003
851038
851071
851098
851141
851176
851205
851248
851289
851304
851325
851340
851361
851394
851439
851474
851493
851512
851551
851582
851589
851618
851649
851680
851715
851740
851759
851794
851833
851866
851887
851942
851969
852002
852033
852060
852087
852112
852135
852160
852183
852202
852229
852258
852293
852324
852359
852378
852401
852446
852467
852486
852517
852552
852585
852608
852643
852678
852709
852744
852769
852806
852845
852874
852909
852958
852995
853014
853035
853072
853099
853128
853153
853178
853203
853226
853273
853312
853347
853388
853421
853454
853483
853508
853537
853564
853589
853612
853645
853674
853693
853736
853769
853792
853819
853836
853859
853898
853923
853946
853973
853992
854013
854028
854061
854106
854129
854170
854187
854212
854237
854268
854289
854330
854357
854394
854435
854460
854485
854514
854539
854570
854613
854636
854681
854716
854737
854762
854793
854832
854869
854886
854915
854964
854987
855024
855045
855092
855133
855156
855193
855226
855249
855282
855321
855352
855379
855412
855439
855466
855481
855538
855557
855584
855613
855644
855677
855682
855723
855746
855769
855800
855833
855884
855927
855950
855983
856002
856043
856078
856113
856142
856205
856246
856277
856308
856341
856360
856397
856428
856459
856484
856513
856536
856585
856620
856683
856714
856727
856750
856791
856836
856873
856906
856933
856958
856973
857000
857027
857054
857079
857114
857135
857174
857233
857274
857305
857330
857351
857380
857427
857468
857499
857532
857565
857582
857605
857622
857661
857684
857713
857734
857775
857816
857845
857872
857913
857946
857971
858008
858035
858072
858115
858146
858187
858232
858257
858292
858319
858350
858389
858414
858439
858466
858497
858544
858573
858590
858619
858658
858673
858708
858735
858760
858801
858820
858847
858878
858911
858932
858963
858988
859019
859052
859085
859100
859135
859158
859195
859224
859251
859288
859331
859344
859361
859396
859435
859454
859495
859522
859549
859574
859593
859622
859655
859700
859737
859766
859797
859834
859853
859884
859911
859942
859977
860012
860039
860076
860103
860136
860175
860206
860221
860256
860279
860310
860333
860364
860389
860420
860451
860488
860523
860556
860579
860610
860645
860678
860699
860724
860751
860770
860795
860820
860845
860874
860903
860922
860953
860976
861003
861020
861055
861088
861119
861162
861203
861230
861269
861274
861301
861318
861341
861356
861377
861398
861437
861466
861487
861522
861553
861586
861621
861652
861683
861712
861749
861768
861803
861838
861877
861906
861933
861970
861997
862036
862057
862098
862127
862152
862191
862216
862239
862274
862309
862340
862367
862392
862421
862444
862483
862512
862547
862584
862631
862654
862697
862730
862751
862776
862801
862836
862871
862890
862917
862954
862989
863016
863047
863088
863119
863134
863167
863188
863207
863232
863263
863280
863309
863334
863349
863380
863403
863452
863481
863532
863577
863604
863641
863656
863687
863716
863751
863768
863801
863832
863849
863874
863905
863938
863957
863990
864021
864046
864075
864114
864131
864164
864203
864240
864273
864310
864317
864352
864391
864428
864461
864498
864519
864538
864575
864600
864643
864666
864687
864716
864745
864800
864829
864868
864895
864946
864975
864996
865027
865062
865099
865142
865165
865206
865231
865270
865307
865330
865365
865396
865427
865472
865507
865520
865561
865602
865649
865668
865695
865728
865753
865788
865831
865850
865879
865904
865945
865970
865991
866038
866067
866094
866133
866166
866185
866206
866233
866258
866281
866310
866321
866348
866363
866384
866421
866442
866477
866518
866547
866574
866599
866638
866671
866714
866741
866788
866815
866852
866869
866902
866919
866936
866957
866992
867011
867046
867077
867118
867147
867188
867213
867232
867263
867288
867337
867364
867397
867426
867463
867494
867517
867536
867567
867588
867605
867662
867671
867694
867721
867750
867775
867804
867833
867866
867893
867924
867953
867982
868007
868038
868073
868092
868117
868152
868179
868210
868233
868268
868303
868342
868361
868394
868409
868434
868451
868466
868501
868522
868553
868596
868621
868656
868681
868698
868725
868752
868795
868826
868861
868894
868925
868966
868983
869010
869043
869084
869107
869124
869151
869196
869229
869274
869295
869328
869357
869374
869399
869418
869441
869472
869487
869518
869567
869612
869651
869684
869721
869746
869773
869816
869833
869868
869893
869916
869939
869964
869987
870008
870033
870062
870095
870148
870173
870212
870239
870268
870301
870344
870369
870394
870417
870434
870467
870496
870535
870556
870585
870630
870653
870676
870695
870718
870745
870778
870827
870862
870891
870906
870929
870958
870989
871018
871057
871086
871123
871152
871181
871208
871235
871262
871287
871316
871351
871392
871419
871456
871495
871526
871563
871588
871609
871638
871665
871690
871715
871738
871763
871796
871819
871836
871869
871906
871935
871972
872009
872032
872053
872088
872117
872148
872183
872212
872233
872268
872295
872320
872335
872366
872411
872450
872465
872498
872531
872568
872597
872624
872643
872672
872707
872730
872751
872780
872813
872842
872873
872894
872921
872942
872965
872992
873029
873054
873083
873100
873135
873156
873183
873206
873237
873274
873313
873344
873397
873430
873447
873460
873489
873528
873573
873604
873641
873678
873693
873732
873767
873800
873815
873836
873875
873918
873943
873956
873973
874008
874041
874066
874093
874122
874145
874166
874199
874228
874255
874308
874351
874376
874405
874428
874457
874484
874517
874554
874581
874612
874639
874676
874709
874738
874775
874802
874823
874856
874873
874896
874909
874940
874973
875000
875027
875056
875089
875128
875161
875200
875209
875238
875273
875306
875335
875372
875403
875428
875463
875490
875523
875560
875593
875636
875673
875710
875749
875774
875793
875816
875843
875880
875919
875940
875965
876002
876031
876062
876103
876142
876177
876200
876219
876244
876271
876300
876329
876352
876391
876430
876469
876500
876517
876546
876567
876598
876621
876646
876673
876698
876739
876774
876811
876838
876853
876880
876919
876950
876975
877010
877047
877072
877101
877128
877147
877166
877205
877232
877263
877290
877305
877342
877381
877402
877445
877468
877497
877534
877551
877566
877603
877630
877657
877668
877699
877730
877759
877794
877835
877864
877901
877922
877957
877982
877997
878020
878037
878068
878087
878118
878147
878176
878199
878232
878257
878310
878337
878360
878389
878412
878447
878490
878511
878548
878583
878618
878647
878670
878685
878714
878755
878798
878823
878844
878875
878902
878925
878952
878985
879002
879027
879048
879075
879086
879105
879142
879177
879218
879265
879312
879345
879380
879405
879430
879459
879496
879521
879556
879591
879604
879645
879666
879697
879720
879761
879780
879813
879846
879887
879898
879917
879948
879975
880000
880049
880068
880089
880120
880139
880190
880217
880254
880281
880300
880331
880360
880383
880412
880443
880484
880515
880536
880583
880610
880643
880684
880705
880734
880759
880778
880813
880836
880875
880898
880931
880968
880995
881016
881029
881066
881095
881122
881157
881190
881213
881232
881253
881296
881317
881346
881371
881402
881425
881466
881491
881518
881545
881576
881611
881640
881661
881684
881711
881748
881769
881806
881843
881864
881889
881910
881947
881978
882015
882052
882085
882118
882139
882174
882205
882228
882261
882296
882315
882336
882371
882388
882425
882452
882469
882502
882521
882550
882579
882610
882623
882656
882693
882728
882749
882756
882789
882816
882847
882872
882899
882934
882967
882996
883019
883034
883073
883100
883135
883174
883205
883240
883281
883298
883323
883344
883375
883412
883449
883484
883503
883538
883551
883568
883601
883632
883667
883692
883717
883734
883767
883794
883823
883846
883881
883900
883931
883954
883989
884028
884047
884062
884083
884112
884135
884160
884183
884210
884243
884266
884285
884310
884327
884370
884381
884414
884457
884484
884511
884544
884559
884576
884595
884646
884681
884708
884741
884764
884789
884826
884855
884882
884911
884948
884971
885012
885033
885066
885089
885126
885161
885190
885219
885244
885285
885324
885361
885362
885405
885438
885449
885468
885499
885524
885547
885572
885605
885628
885669
885698
885725
885766
885795
885824
885845
885886
885911
885944
886001
886026
886053
886096
886113
886158
886185
886210
886235
886268
886301
886306
886369
886392
886433
886460
886487
886526
886545
886560
886589
886614
886637
886660
886693
886716
886741
886782
886811
886842
886873
886886
886913
886930
886969
887000
887029
887054
887077
887122
887157
887184
887205
887248
887289
887320
887353
887380
887409
887426
887455
887484
887519
887556
887583
887620
887655
887696
887741
887762
887783
887814
887851
887896
887941
887978
887997
888032
888067
888096
888121
888150
888181
888210
888245
888272
888299
888328
888367
888392
888427
888456
888479
888512
888539
888564
888597
888656
888689
888720
888733
888776
888805
888828
888865
888910
888919
888952
888979
889012
889049
889088
889105
889136
889173
889198
889233
889258
889287
889310
889341
889362
889391
889426
889447
889488
889529
889558
889593
889636
889655
889690
889719
889748
889785
889814
889849
889882
889901
889922
889951
889988
890017
890048
890075
890102
890125
890164
890201
890230
890257
890296
890317
890330
890353
890384
890411
890434
890457
890480
890503
890542
890579
890610
890639
890662
890685
890716
890751
890770
890783
890832
890857
890888
890913
890938
890975
891006
891021
891060
891093
891138
891163
891204
891237
891258
891285
891308
891339
891370
891399
891426
891447
891476
891501
891520
891553
891572
891603
891636
891663
891692
891733
891748
891771
891784
891819
891848
891879
891908
891941
891974
892009
892036
892059
892088
892107
892138
892171
892200
892217
892246
892285
892308
892349
892378
892411
892436
892487
892532
892589
892608
892619
892624
892649
892682
892711
892740
892767
892804
892843
892872
892895
892944
892969
892994
893017
893048
893079
893100
893139
893164
893197
893220
893237
893266
893299
893336
893361
893382
893401
893438
893459
893498
893521
893562
893603
893622
893645
893678
893703
893734
893773
893784
893807
893834
893861
893894
893915
893934
893973
894008
894049
894084
894119
894142
894173
894204
894243
894266
894279
894312
894341
894362
894391
894428
894463
894504
894509
894534
894561
894574
894607
894632
894673
894690
894725
894768
894803
894824
894843
894862
894895
894926
894951
894976
895001
895032
895077
895112
895143
895180
895213
895236
895271
895292
895321
895336
895359
895402
895427
895448
895475
895506
895531
895562
895583
895626
895657
895692
895695
895720
895749
895776
895799
895844
895871
895910
895939
895958
895995
896014
896067
896108
896137
896160
896201
896222
896247
896290
896319
896352
896401
896418
896445
896464
896513
896546
896581
896594
896637
896668
896697
896720
896747
896776
896805
896840
896873
896902
896929
896962
897005
897016
897037
897066
897091
897116
897173
897208
897243
897278
897311
897344
897367
897400
897433
897454
897473
897494
897537
897556
897575
897596
897619
897646
897687
897718
897745
897772
897801
897814
897833
897866
897885
897908
897945
897958
897995
898016
898043
898088
898113
898138
898165
898198
898223
898260
898277
898308
898335
898372
898411
898444
898485
898510
898529
898574
898601
898626
898655
898678
898715
898754
898781
898812
898831
898858
898891
898932
898963
898984
899017
899040
899067
899094
899115
899136
899189
899206
899225
899232
899277
899306
899339
899376
899413
899436
899459
899490
899511
899538
899567
899604
899641
899650
899695
899730
899749
899778
899801
899834
899863
899884
899911
899944
899979
900008
900029
900056
900093
900120
900157
900186
900201
900214
900251
900294
900327
900366
900397
900436
900463
900494
900503
900530
900577
900600
900611
900652
900673
900694
900727
900746
900767
900810
900837
900880
900897
900922
900947
900984
901017
901040
901075
901098
901123
901138
901161
901192
901221
901256
901289
901306
901329
901352
901399
901426
901461
901490
901521
901548
901583
901610
901649
901680
901711
901734
901747
901782
901811
901842
901877
901888
901915
901934
901963
901986
902013
902030
902045
902060
902087
902108
902149
902186
902213
902234
902271
902290
902317
902338
902387
902416
902443
902464
902481
902504
902527
902572
902599
902624
902639
902670
902701
902728
902763
902816
902835
902874
902897
902916
902923
902940
902973
903002
903025
903050
903077
903116
903147
903168
903189
903210
903241
903262
903283
903318
903343
903380
903405
903438
903467
903486
903523
903544
903577
903616
903651
903686
903723
903746
903775
903804
903841
903860
903897
903924
903949
903974
904017
904044
904073
904102
904135
904162
904197
904224
904261
904278
904315
904338
904365
904400
904421
904440
904465
904488
904521
904550
904581
904600
904635
904666
904703
904720
904741
904780
904803
904838
904873
904932
904963
904992
905023
905052
905087
905132
905167
905206
905235
905256
905297
905314
905359
905382
905415
905440
905477
905514
905545
905574
905603
905638
905667
905696
905749
905778
905799
905824
905849
905870
905897
905928
905979
906002
906021
906048
906079
906108
906135
906176
906199
906228
906261
906302
906329
906356
906377
906414
906447
906478
906517
906550
906577
906606
906631
906658
906693
906730
906769
906804
906821
906848
906877
906902
906933
906944
906961
906992
907031
907056
907071
907104
907127
907162
907205
907222
907241
907276
907297
907318
907351
907368
907387
907430
907453
907470
907513
907534
907563
907582
907619
907638
907685
907706
907741
907782
907807
907838
907871
907900
907921
907960
907975
908016
908047
908072
908085
908108
908131
908156
908191
908224
908259
908298
908321
908344
908375
908420
908445
908468
908493
908514
908545
908576
908599
908630
908659
908692
908721
908742
908765
908804
908831
908870
908897
908916
908941
908970
909013
909056
909083
909120
909151
909164
909199
909236
909261
909304
909345
909374
909409
909446
909477
909516
909575
909578
909597
909630
909663
909710
909731
909784
909805
909834
909877
909900
909937
909968
910001
910028
910069
910088
910135
910170
910199
910234
910265
910290
910319
910368
910399
910430
910469
910512
910541
910578
910601
910628
910671
910694
910729
910774
910813
910824
910851
910888
910905
910932
910977
910990
911023
911054
911091
911134
911161
911190
911239
911260
911281
911298
911333
911356
911367
911398
911433
911464
911489
911528
911565
911590
911629
911666
911687
911724
911751
911780
911791
911814
911851
911896
911929
911950
911991
912020
912049
912072
912101
912134
912159
912196
912221
912262
912281
912308
912337
912356
912387
912424
912453
912492
912521
912548
912569
912598
912625
912658
912685
912712
912739
912792
912811
912842
912865
912894
912935
912984
913023
913062
913075
913128
913145
913180
913221
913242
913263
913290
913311
913328
913351
913372
913407
913432
913459
913496
913527
913554
913587
913618
913655
913694
913711
913736
913775
913806
913837
913866
913895
913916
913927
913968
913991
914018
914049
914084
914119
914142
914165
914206
914235
914278
914297
914318
914361
914390
914425
914458
914497
914534
914569
914606
914633
914646
914669
914706
914737
914766
914795
914824
914847
914874
914921
914966
915023
915040
915067
915102
915153
915188
915215
915240
915267
915300
915337
915376
915405
915432
915473
915510
915523
915562
915597
915620
915657
915692
915711
915738
915773
915796
915825
915868
915903
915932
915965
915994
916027
916054
916089
916120
916149
916190
916221
916258
916295
916330
916371
916392
916419
916452
916491
916536
916547
916568
916593
916638
916673
916718
916743
916768
916787
916812
916835
916858
916893
916924
916953
916990
917019
917048
917071
917104
917123
917142
917181
917234
917261
917288
917313
917346
917375
917394
917415
917442
917477
917516
917549
917588
917589
917618
917659
917688
917715
917756
917785
917814
917849
917866
917895
917928
917965
917990
918021
918038
918067
918084
918103
918128
918157
918180
918211
918254
918291
918320
918349
918380
918417
918434
918461
918490
918517
918546
918569
918598
918627
918662
918695
918728
918757
918766
918805
918854
918887
918902
918923
918954
918981
919022
919043
919088
919111
919146
919167
919218
919267
919316
919343
919374
919405
919440
919473
919492
919525
919556
919597
919614
919639
919682
919711
919746
919777
919804
919821
919840
919869
919884
919915
919946
919959
919998
920035
920066
920091
920126
920171
920202
920219
920246
920281
920316
920353
920386
920399
920420
920451
920492
920521
920544
920583
920620
920639
920658
920685
920724
920749
920776
920801
920832
920849
920870
920895
920912
920951
920988
921013
921044
921069
921092
921121
921132
921167
921192
921219
921242
921281
921314
921345
921372
921411
921440
921461
921508
921535
921548
921581
921614
921637
921652
921685
921716
921739
921770
921807
921830
921861
921880
921919
921960
921991
922020
922057
922082
922107
922148
922175
922212
922241
922280
922303
922338
922377
922400
922425
922458
922487
922516
922549
922570
922607
922628
922671
922700
922731
922770
922815
922844
922867
922896
922921
922956
922995
923040
923061
923094
923105
923134
923163
923188
923221
923254
923281
923304
923325
923360
923385
923406
923441
923472
923481
923528
923543
923574
923601
923622
923655
923688
923715
923750
923781
923810
923855
923874
923913
923928
923951
923988
924019
924050
924085
924114
924137
924158
924177
924192
924221
924234
924263
924294
924321
924360
924385
924398
924435
924466
924495
924532
924563
924594
924633
924654
924681
924702
924729
924762
924789
924812
924845
924880
924911
924942
924963
925002
925025
925074
925105
925122
925149
925174
925205
925228
925245
925270
925315
925336
925367
925396
925425
925450
925481
925514
925551
925592
925617
925644
925679
925704
925737
925750
925781
925788
925813
925842
925881
925908
925929
925954
925981
926010
926037
926072
926101
926130
926141
926178
926215
926256
926283
926318
926347
926372
926415
926444
926465
926492
926513
926552
926591
926618
926653
926698
926749
926772
926795
926814
926843
926868
926893
926910
926937
926954
926979
927006
927033
927068
927099
927132
927163
927196
927235
927278
927309
927332
927355
927394
927421
927442
927467
927470
927499
927526
927561
927596
927627
927660
927693
927726
927761
927790
927811
927846
927871
927900
927927
927950
927985
928000
928045
928062
928095
928130
928167
928192
928221
928258
928299
928326
928361
928386
928425
928452
928483
928512
928537
928566
928615
928646
928691
928724
928769
928788
928815
928840
928863
928886
928917
928944
928977
928996
929025
929062
929095
929120
929139
929164
929193
929220
929251
929290
929321
929356
929377
929410
929461
929484
929505
929538
929559
929582
929607
929644
929665
929710
929753
929790
929823
929862
929883
929910
929927
929962
930007
930040
930071
930084
930111
930138
930161
930188
930225
930262
930293
930344
930361
930390
930417
930458
930515
930544
930571
930598
930649
930680
930701
930724
930767
930804
930837
930866
930895
930924
930951
930996
931029
931066
931095
931120
931147
931186
931211
931246
931279
931306
931341
931382
931415
931442
931477
931510
931519
931542
931573
931598
931647
931682
931713
931736
931765
931792
931817
931850
931877
931908
931919
931946
931977
932000
932037
932060
932087
932114
932143
932178
932215
932220
932249
932272
932291
932330
932355
932396
932431
932454
932471
932496
932527
932552
932577
932608
932629
932654
932673
932700
932719
932742
932769
932788
932825
932852
932865
932910
932955
932974
933007
933018
933039
933078
933111
933148
933173
933200
933227
933244
933273
933302
933327
933362
933401
933426
933449
933470
933503
933532
933567
933602
933623
933652
933673
933702
933737
933764
933791
933810
933849
933886
933907
933926
933943
933986
934003
934030
934053
934084
934109
934136
934169
934196
934221
934252
934275
934308
934339
934362
934411
934442
934483
934508
934527
934562
934597
934614
934635
934662
934693
934726
934739
934768
934811
934832
934861
934906
934961
934992
935027
935062
935087
935106
935143
935164
935185
935202
935231
935272
935297
935324
935367
935402
935427
935458
935477
935512
935523
935540
935577
935598
935621
935652
935661
935688
935717
935726
935761
935790
935823
935846
935867
935902
935935
935954
935997
936016
936045
936070
936093
936120
936137
936168
936199
936232
936267
936286
936319
936332
936369
936390
936421
936452
936485
936524
936543
936588
936619
936646
936673
936700
936721
936768
936793
936808
936839
936876
936919
936952
936991
937024
937043
937076
937095
937134
937169
937210
937243
937260
937305
937348
937389
937418
937443
937468
937501
937518
937559
937588
937609
937632
937677
937698
937717
937752
937785
937830
937871
937886
937917
937930
937947
937988
938009
938040
938063
938100
938111
938136
938169
938206
938241
938260
938285
938320
938349
938386
938413
938444
938479
938504
938541
938582
938609
938638
938669
938706
938737
938770
938805
938830
938863
938876
938899
938928
938959
938992
939019
939048
939073
939094
939125
939156
939185
939226
939263
939282
939315
939342
939383
939394
939435
939474
939505
939544
939585
939616
939641
939660
939693
939720
939757
939778
939809
939826
939857
939882
939915
939936
939967
939996
940035
940068
940087
940100
940121
940156
940189
940216
940235
940266
940297
940318
940351
940382
940425
940466
940507
940532
940561
940586
940617
940640
940655
940686
940731
940746
940767
940794
940825
940858
940885
940900
940925
940946
940975
940996
941039
941076
941097
941134
941163
941178
941191
941218
941243
941280
941295
941338
941367
941394
941415
941452
941471
941498
941531
941554
941595
941618
941647
941682
941719
941750
941777
941814
941853
941884
941927
941960
941997
942032
942055
942084
942107
942138
942167
942204
942227
942254
942293
942320
942343
942406
942449
942482
942511
942538
942569
942602
942629
942668
942697
942726
942753
942782
942805
942816
942839
942860
942877
942924
942955
942974
942985
943016
943037
943070
943085
943110
943137
943170
943199
943250
943285
943328
943349
943384
943411
943442
943479
943494
943517
943554
943559
943596
943637
943654
943673
943700
943741
943764
943805
943840
943879
943900
943923
943960
943989
944016
944055
944084
944107
944142
944159
944188
944207
944228
944253
944292
944313
944334
944365
944392
944401
944422
944441
944458
944519
944542
944577
944614
944637
944668
944717
944748
944783
944820
944841
944864
944905
944932
944959
944986
945015
945030
945049
945082
945127
945152
945173
945190
945229
945274
945305
945334
945357
945410
945435
945474
945501
945526
945563
945616
945649
945672
945697
945726
945759
945774
945793
945816
945839
945868
945889
945914
945937
945962
945989
946014
946055
946104
946149
946176
946215
946236
946275
946304
946321
946342
946377
946410
946435
946480
946523
946572
946605
946646
946669
946698
946721
946740
946771
946796
946831
946872
946901
946926
946959
946988
947013
947042
947083
947134
947155
947186
947205
947224
947247
947284
947313
947328
947355
947386
947413
947456
947473
947506
947523
947546
947581
947598
947623
947658
947693
947726
947751
947784
947807
947840
947873
947894
947943
947964
948025
948058
948083
948124
948155
948194
948223
948248
948269
948318
948347
948364
948401
948462
948489
948512
948539
948576
948585
948612
948649
948680
948721
948754
948789
948824
948849
948888
948927
948954
948975
949012
949033
949060
949095
949114
949161
949188
949211
949236
949253
949290
949323
949348
949369
949392
949395
949410
949423
949470
949507
949538
949573
949604
949629
949666
949685
949706
949727
949744
949789
949820
949831
949866
949889
949922
949955
949982
950013
950048
950081
950108
best case: 697184
Average case: -608196
worst case: 746486
