7_18_20 11, 3, 7, 15, 8, 16, 4
2_9_16 11, 3
6_6_18 11, 3, 7, 15, 8, 16
2_3_10 6, 14
4_9_14 10, 2, 6, 14
1_26_12 5
8_9_08 7, 15, 3, 11, 8, 16, 4, 12
2_21_16 10, 2
7_3_02 2, 10, 14, 6, 11, 3, 7
1_14_00 16
5_8_06 5, 13, 1, 9, 10
2_5_20 12, 4
4_19_22 12, 4, 8, 16
4_28_14 10, 2, 6, 14
4_16_00 4,12, 16, 8
5_1_06 4, 12, 16, 8, 5
7_10_06 6, 14, 2, 10, 3, 11, 15
5_30_10 9, 1, 5, 13, 2
2_30_02 1, 9
4_26_06 6, 14, 2, 10
3_30_10 5, 13, 1
2_28_00 15, 7
4_15_00 4,12, 16, 8
5_1_16 9, 1, 5, 13, 10
3_2_08 1, 9, 13
1_4_04 7
4_23_14 9, 1, 5, 13
2_26_04 1, 9
4_17_14 8, 16, 4, 12
1_1_00 1
1_26_08 3
6_11_06 6, 14, 2, 10, 7, 15
6_17_00 1, 9, 13, 5, 2, 10
3_7_04 4, 12, 8
7_9_02 4, 12, 16, 8, 5, 13, 1
4_25_10 8, 16, 4, 12
3_4_00 13, 5, 1
1_6_20 8
5_23_08 6, 14, 2, 10, 15
3_3_00 1, 9, 5
2_16_20 10, 2
5_24_22 13, 5, 9, 1, 2
7_15_22 15, 7, 11, 3, 4, 12, 16
3_19_08 5, 13, 9
4_9_14 10, 2, 6, 14
3_8_08 2, 10, 6
8_22_06 5, 13, 1, 9, 6, 14, 2, 10
1_27_02 12
7_6_08 6, 14, 2, 10, 3, 11, 15
8_8_04 4, 12, 16, 8, 5, 13, 1, 9
3_24_20 8, 16, 12
7_27_14 10, 2, 6, 14, 3, 11, 15
8_7_06 5, 13, 1, 9, 6, 14, 2, 10
2_4_08 1, 9
7_25_06 6, 14, 2, 10, 7, 15, 3
1_15_02 13
3_6_06 1, 9, 13
1_17_02 2
7_22_08 6, 14, 2, 10, 3, 11, 15
2_31_00 4,12
2_26_22 10, 2
1_9_08 7
4_19_14 8, 16, 4, 12
5_28_12 9, 1, 5, 13, 14
6_6_22 13, 5, 9, 1, 10, 2
2_7_18 11, 3
4_16_12 10, 2, 6, 14
5_15_22 15, 7, 11, 3, 4
4_11_16 11, 3, 7, 15
6_4_08 5, 13, 1, 9, 2, 10
7_14_06 7, 15, 3, 11, 16, 8, 12
2_15_14 11, 3
7_2_02 2, 10, 14, 6, 15, 7, 11
2_5_10 7, 15
6_3_18 10, 2, 6, 14, 11, 3
5_25_22 14, 6, 10, 2, 15
8_16_02 5, 13, 1, 9, 2, 10, 14, 6
7_30_22 15, 7, 11, 3, 8, 16, 4
6_1_02 2, 10, 14, 6, 3, 11
8_23_06 5, 13, 1, 9, 6, 14, 2, 10
7_22_14 9, 1, 5, 13, 6, 14, 2
8_29_04 6, 14, 2, 10, 3, 11, 15, 7
2_8_18 7, 15
4_29_18 13, 5, 9, 1
6_4_02 2, 10, 14, 6, 15, 7
7_4_06 4, 12, 16, 8, 9, 1, 5
6_5_12 8, 16, 4, 12, 9, 1
7_23_08 6, 14, 2, 10, 15, 7, 11
3_4_18 6, 14, 10
8_27_02 4, 12, 16, 8, 5, 13, 1, 9
5_15_06 7, 15, 3, 11, 12
8_27_14 10, 2, 6, 14, 11, 3, 7, 15
4_11_16 11, 3, 7, 15
1_21_02 3
1_11_04 13
1_14_14 7
1_7_10 15
3_22_10 3, 11, 15
3_30_16 8, 16, 4
3_18_20 7, 15, 3
3_1_12 7, 15, 3
4_4_08 5, 13, 1, 9
1_8_16 14
3_1_08 5, 13, 1
7_2_04 3, 11, 15, 7, 16, 8, 12
4_1_04 3, 11, 15, 7
2_24_00 14, 6
7_17_00 1, 9, 13, 5, 2, 10, 14
3_27_14 10, 2, 14
4_29_08 8, 16, 4, 12
4_2_12 7, 15, 3, 11
4_23_06 5, 13, 1, 9
1_23_02 11
4_15_08 8, 16, 12
5_6_10 7, 15, 3, 11, 4
7_10_22 14, 6, 10, 2, 11, 3, 7
3_29_22 15, 7, 11
8_19_02 2, 10, 14, 6, 3, 11, 15, 7
2_23_12 8, 16
6_9_18 12, 4, 8, 16, 13, 5
3_29_20 14, 6, 10
5_25_00 3, 11, 15, 7, 4
1_26_00 15
5_29_18 13, 5, 9, 1, 10
3_16_20 10, 2, 14
7_11_04 5, 13, 1, 9, 14, 6, 10
8_9_16 11, 3, 7, 15, 12, 4, 8, 16
7_15_06 7, 15, 3, 11, 12, 4, 8
8_16_04 6, 14, 2, 10, 3, 11, 15, 7
5_19_14 8, 16, 4, 12, 1
2_5_04 4, 12
6_19_12 7, 15, 3, 11, 8, 16
3_22_12 4, 12, 16
5_22_22 13, 5, 9, 1, 10
7_10_04 5, 13, 1, 9, 2, 10, 14
3_4_06 16, 8, 4
5_12_10 8, 16, 4, 12, 13
6_12_06 6, 14, 2, 10, 3, 11
2_11_16 11, 3
8_5_04 4, 12, 16, 8, 5, 13, 1, 9
8_10_06 6, 14, 2, 10, 7, 15, 3, 11
8_28_20 13, 5, 9, 1, 14, 6, 10, 2
8_5_20 12, 4, 8, 16, 13, 5, 9, 1
1_8_10 11
7_4_14 8, 16, 4, 12, 13, 5, 9
3_4_00 13, 5, 1
7_27_10 8, 16, 4, 12, 1, 9, 13
3_26_18 8, 16, 4
4_31_12 10, 2, 6, 14
8_17_14 8, 16, 4, 12, 9, 1, 5, 13
7_19_00 1, 9, 13, 5, 10, 2, 6
2_5_20 12, 4
8_4_14 8, 16, 4, 12, 9, 1, 5, 13
6_22_06 5, 13, 1, 9, 2, 10
1_17_08 5
4_22_16 10, 2, 6, 14
6_15_08 8, 16, 4, 12, 5, 13
7_21_22 13, 5, 9, 1, 14, 6, 10
4_18_02 2, 10, 14, 6
7_1_22 12, 4, 8, 16, 13, 5, 9
1_9_08 7
6_8_18 11, 3, 7, 15, 8, 16
7_29_10 9, 1, 5, 13, 6, 14, 2
5_4_02 2, 10, 14, 6, 7
3_16_22 11, 3, 15
4_27_10 8, 16, 4, 12
4_27_06 6, 14, 2, 10
8_11_08 7, 15, 3, 11, 8, 16, 4, 12
3_21_10 7, 15, 3
3_12_04 1, 9, 5
4_26_02 4, 12, 16, 8
7_27_06 6, 14, 2, 10, 15, 7, 11
4_24_14 9, 1, 5, 13
8_11_18 12, 4, 8, 16, 13, 5, 9, 1
8_13_22 15, 7, 11, 3, 12, 4, 8, 16
6_20_14 8, 16, 4, 12, 5, 13
2_13_16 12, 4
8_27_00 3, 11, 15, 7, 4, 12, 16, 8
7_8_10 7, 15, 3, 11, 12, 4, 8
8_1_10 6, 14, 2, 10, 7, 15, 3, 11
3_29_10 9, 1, 5
4_16_10 9, 1, 5, 13
3_14_18 9, 1, 5
3_30_20 10, 2, 6
3_9_02 4, 12, 16
4_23_00 2, 10, 14, 6
6_29_16 12, 4, 8, 16, 9, 1
5_10_06 6, 14, 2, 10, 3
3_5_16 10, 2, 6
7_18_18 10, 2, 6, 14, 7, 15, 3
2_17_22 12, 4
3_28_12 5, 13, 9
3_13_22 15, 7, 11
4_3_06 4, 12, 16, 8
5_29_20 14, 6, 10, 2, 11
8_7_12 8, 16, 4, 12, 9, 1, 5, 13
5_16_18 13, 5, 9, 1, 14
1_27_08 15
4_25_02 4, 12, 16, 8
5_22_06 5, 13, 1, 9, 2
1_22_14 5
2_15_06 7, 15
5_4_16 9, 1, 5, 13, 14
1_8_02 7
1_19_02 10
4_4_06 4, 12, 16, 8
1_12_12 13
1_18_18 6
3_18_06 16, 8, 12
8_8_20 12, 4, 8, 16, 13, 5, 9, 1
4_9_04 5, 13, 1, 9
8_14_22 15, 7, 11, 3, 12, 4, 8, 16
1_21_16 10
1_24_08 10
4_15_00 4,12, 16, 8
4_15_12 10, 2, 6, 14
2_23_18 11, 3
5_12_10 8, 16, 4, 12, 13
7_7_18 11, 3, 7, 15, 4, 12, 16
2_22_10 3, 11
6_22_08 6, 14, 2, 10, 3, 11
8_27_16 11, 3, 7, 15, 12, 4, 8, 16
8_13_22 15, 7, 11, 3, 12, 4, 8, 16
3_29_08 8, 16, 4
1_2_12 3
3_15_02 5, 13, 9
2_6_16 6, 14
4_10_14 10, 2, 6, 14
6_16_14 11, 3, 7, 15, 4, 12
7_24_20 12, 4, 8, 16, 1, 9, 13
8_26_06 6, 14, 2, 10, 7, 15, 3, 11
2_18_12 3, 11
6_14_10 9, 1, 5, 13, 2, 10
1_19_20 3
8_6_02 3, 11, 15, 7, 4, 12, 16, 8
1_23_14 1
1_8_16 14
5_6_10 7, 15, 3, 11, 4
6_9_06 6, 14, 2, 10, 7, 15
4_9_08 7, 15, 3, 11
4_1_18 10, 2, 6, 14
3_4_14 4, 12, 8
7_29_20 14, 6, 10, 2, 11, 3, 7
1_3_16 1
5_3_14 8, 16, 4, 12, 1
7_18_06 4, 12, 16, 8, 1, 9, 13
8_6_18 11, 3, 7, 15, 12, 4, 8, 16
8_29_20 14, 6, 10, 2, 11, 3, 7, 15
3_26_12 5, 13, 1
5_15_02 5, 13, 1, 9, 10
3_1_16 9, 1, 5
5_1_02 2, 10, 14, 6, 3
7_31_16 12, 4, 8, 16, 1, 9, 13
6_28_20 13, 5, 9, 1, 10, 2
5_26_20 13, 5, 9, 1, 10
4_31_20 14, 6, 10, 2
8_31_20 14, 6, 10, 2, 11, 3, 7, 15
3_15_16 12, 4, 16
3_21_04 4, 12, 16
8_3_06 4, 12, 16, 8, 5, 13, 1, 9
3_1_00 1, 9, 13
7_16_12 10, 2, 6, 14, 11, 3, 7
8_27_06 6, 14, 2, 10, 7, 15, 3, 11
3_17_14 8, 16, 4
1_29_02 5
2_10_06 2, 10
6_6_10 7, 15, 3, 11, 4, 12
7_28_20 13, 5, 9, 1, 2, 10, 14
5_20_00 1, 9, 13, 5, 6
4_2_18 10, 2, 6, 14
4_24_22 13, 5, 9, 1
4_5_08 6, 14, 2, 10
5_2_20 11, 3, 7, 15, 8
2_3_16 9, 1
3_3_10 6, 14, 10
6_24_06 5, 13, 1, 9, 2, 10
1_21_02 3
3_7_04 4, 12, 8
1_13_06 7
8_8_00 2, 10, 14, 6, 3, 11, 15, 7
6_13_04 6, 14, 2, 10, 3, 11
5_5_18 11, 3, 7, 15, 12
7_27_18 12, 4, 8, 16, 5, 13, 1
7_28_02 4, 12, 16, 8, 9, 1, 5
2_24_14 5, 13
1_17_02 2
4_1_18 10, 2, 6, 14
5_9_20 13, 5, 9, 1, 14
3_8_16 6, 14, 10
5_23_04 4, 12, 16, 8, 13
1_31_08 16
8_9_06 6, 14, 2, 10, 7, 15, 3, 11
7_16_06 7, 15, 3, 11, 8, 16, 4
7_11_10 8, 16, 4, 12, 1, 9, 13
1_8_22 1
7_3_12 7, 15, 3, 11, 16, 8, 12
6_1_00 1, 9, 13, 5, 2, 10
1_1_20 11
4_6_12 8, 16, 4, 12
2_19_02 2, 10
2_7_20 12, 4
8_26_02 4, 12, 16, 8, 5, 13, 1, 9
7_1_22 12, 4, 8, 16, 13, 5, 9
7_22_06 5, 13, 1, 9, 2, 10, 14
1_24_12 12
7_13_18 13, 5, 9, 1, 10, 2, 6
6_25_14 10, 2, 6, 14, 11, 3
8_26_18 12, 4, 8, 16, 13, 5, 9, 1
7_10_04 5, 13, 1, 9, 2, 10, 14
5_2_04 3, 11, 15, 7, 16
4_4_12 7, 15, 3, 11
2_5_18 11, 3
7_29_16 12, 4, 8, 16, 9, 1, 5
7_17_14 8, 16, 4, 12, 9, 1, 5
7_25_14 10, 2, 6, 14, 11, 3, 7
3_21_06 5, 13, 1
8_13_00 4, 12, 16, 8, 1, 9, 13, 5
8_31_04 6, 14, 2, 10, 3, 11, 15, 7
7_5_16 10, 2, 6, 14, 11, 3, 7
1_31_02 13
5_31_10 9, 1, 5, 13, 14
3_8_04 16, 8, 4
3_16_02 1, 9, 5
2_8_22 9, 1
7_1_00 1, 9, 13, 5, 2, 10, 14
5_4_16 9, 1, 5, 13, 14
7_22_04 4, 12, 16, 8, 1, 9, 13
1_4_04 7
7_7_14 9, 1, 5, 13, 2, 10, 14
7_11_18 12, 4, 8, 16, 5, 13, 1
8_3_06 4, 12, 16, 8, 5, 13, 1, 9
6_16_20 14, 6, 10, 2, 7, 15
4_4_20 11, 3, 7, 15
8_30_14 11, 3, 7, 15, 8, 16, 4, 12
4_31_08 8, 16, 12
3_17_06 4, 12, 16
7_29_20 14, 6, 10, 2, 11, 3, 7
6_28_06 6, 14, 2, 10, 3, 11
7_18_18 10, 2, 6, 14, 7, 15, 3
1_20_22 16
1_9_22 14
7_30_00 4, 12, 16, 8, 13, 5, 9
3_28_00 15, 7, 3
7_21_22 13, 5, 9, 1, 14, 6, 10
2_11_02 4, 12
6_31_12 10, 2, 6, 14, 7, 15
4_17_16 9, 1, 5, 13
5_28_02 4, 12, 16, 8, 9
3_15_06 7, 15, 11
1_24_20 16
6_25_12 9, 1, 5, 13, 10, 2
8_20_02 2, 10, 14, 6, 3, 11, 15, 7
3_29_20 14, 6, 10
6_8_18 11, 3, 7, 15, 8, 16
5_20_18 10, 2, 6, 14, 15
2_17_02 2, 10
5_25_10 8, 16, 4, 12, 9
4_9_18 12, 4, 8, 16
1_9_18 12
3_31_20 14, 6, 2
8_14_18 13, 5, 9, 1, 10, 2, 6, 14
3_27_04 5, 13, 9
5_28_00 3, 11, 15, 7, 8
6_24_06 5, 13, 1, 9, 2, 10
2_11_22 14, 6
7_25_12 9, 1, 5, 13, 10, 2, 6
1_12_00 7
1_10_12 5
2_19_12 7, 15
7_13_06 7, 15, 3, 11, 4, 12, 16
4_2_16 9, 1, 5, 13
5_8_04 4, 12, 16, 8, 9
5_31_16 12, 4, 8, 16, 1
6_28_12 9, 1, 5, 13, 6, 14
6_4_18 10, 2, 6, 14, 7, 15
3_9_08 7, 15, 3
4_5_18 11, 3, 7, 15
5_5_22 13, 5, 9, 1, 14
1_15_00 12
6_26_20 13, 5, 9, 1, 10, 2
8_29_12 10, 2, 6, 14, 7, 15, 3, 11
2_14_02 1, 9
6_28_20 13, 5, 9, 1, 10, 2
7_16_04 6, 14, 2, 10, 7, 15, 3
7_6_16 10, 2, 6, 14, 7, 15, 3
1_8_12 12
2_25_08 7, 15
4_22_20 12, 4, 8, 16
6_20_04 3, 11, 15, 7, 16, 8
3_15_06 7, 15, 11
2_10_00 15, 7
1_31_02 13
6_31_02 5, 13, 1, 9, 2, 10
7_10_18 12, 4, 8, 16, 9, 1, 5
5_21_02 3, 11, 15, 7, 4
5_16_22 15, 7, 11, 3, 16
7_11_04 5, 13, 1, 9, 14, 6, 10
1_7_00 10
4_5_02 3, 11, 15, 7
2_2_16 5, 13
4_3_18 10, 2, 6, 14
7_7_20 12, 4, 8, 16, 5, 13, 1
8_3_00 1, 9, 13, 5, 2, 10, 14, 6
5_7_18 11, 3, 7, 15, 4
8_29_16 12, 4, 8, 16, 9, 1, 5, 13
4_21_02 3, 11, 15, 7
2_5_18 11, 3
2_13_16 12, 4
5_29_06 7, 15, 3, 11, 4
5_21_12 8, 16, 4, 12, 9
3_14_22 11, 3, 7
8_3_10 6, 14, 2, 10, 7, 15, 3, 11
6_13_00 4, 12, 16, 8, 1, 9
2_27_22 14, 6
4_14_06 7, 15, 3, 11
8_24_00 2, 10, 14, 6, 3, 11, 15, 7
5_8_08 6, 14, 2, 10, 11
8_24_18 11, 3, 7, 15, 12, 4, 8, 16
8_14_20 14, 6, 10, 2, 11, 3, 7, 15
6_27_20 13, 5, 9, 1, 14, 6
4_22_02 3, 11, 15, 7
6_14_22 15, 7, 11, 3, 8, 16
4_15_14 11, 3, 7, 15
3_28_12 5, 13, 9
4_10_12 9, 1, 5, 13
3_17_06 4, 12, 16
1_17_22 12
7_11_14 10, 2, 6, 14, 3, 11, 15
4_15_08 8, 16, 12
3_18_18 6, 14, 2
4_10_14 10, 2, 6, 14
4_16_14 11, 3, 7, 15
5_19_20 11, 3, 7, 15, 4
4_25_16 11, 3, 7, 15
8_24_14 9, 1, 5, 13, 10, 2, 6, 14
2_22_02 15, 7
7_25_02 4, 12, 16, 8, 5, 13, 1
1_28_22 2
4_18_04 3, 11, 15, 7
7_31_04 6, 14, 2, 10, 11, 3, 7
5_8_16 10, 2, 6, 14, 15
6_10_12 9, 1, 5, 13, 6, 14
5_8_18 11, 3, 7, 15, 16
2_16_14 7, 15
5_28_00 3, 11, 15, 7, 8
8_20_02 2, 10, 14, 6, 3, 11, 15, 7
8_7_22 13, 5, 9, 1, 14, 6, 10, 2
4_13_10 9, 1, 5, 13
1_12_14 14
8_9_00 3, 11, 15, 7, 4, 12, 16, 8
3_17_16 9, 1, 5
4_28_04 5, 13, 1, 9
7_7_14 9, 1, 5, 13, 2, 10, 14
8_3_18 10, 2, 6, 14, 11, 3, 7, 15
7_18_22 12, 4, 8, 16, 9, 1, 5
6_7_22 13, 5, 9, 1, 14, 6
6_23_08 6, 14, 2, 10, 7, 15
1_2_18 6
4_2_10 6, 14, 2, 10
5_21_16 10, 2, 6, 14, 11
1_6_04 16
8_1_08 5, 13, 1, 9, 6, 14, 2, 10
7_4_20 11, 3, 7, 15, 16, 8, 12
4_15_10 9, 1, 5, 13
2_15_02 5, 13
1_26_18 8
5_29_20 14, 6, 10, 2, 11
4_16_14 11, 3, 7, 15
3_26_06 2, 10, 14
5_31_06 7, 15, 3, 11, 12
1_26_10 4
4_19_16 9, 1, 5, 13
8_30_20 14, 6, 10, 2, 11, 3, 7, 15
5_17_18 10, 2, 6, 14, 11
5_26_18 12, 4, 8, 16, 9
4_26_10 8, 16, 4, 12
2_31_04 6, 14
4_13_22 15, 7, 11, 3
8_21_00 2, 10, 14, 6, 3, 11, 15, 7
5_1_00 1, 9, 13, 5, 2
7_24_02 3, 11, 15, 7, 8, 16, 4
5_24_20 12, 4, 8, 16, 1
2_8_12 4, 12
4_1_08 5, 13, 1, 9
4_2_00 1, 9, 13, 5
2_20_06 16, 8
7_20_04 3, 11, 15, 7, 8, 16, 4
4_28_10 8, 16, 4, 12
3_20_02 14, 6, 2
8_30_02 5, 13, 1, 9, 2, 10, 14, 6
1_1_08 5
8_14_06 7, 15, 3, 11, 4, 12, 16, 8
6_20_00 1, 9, 13, 5, 14, 6
4_24_10 7, 15, 3, 11
8_22_20 12, 4, 8, 16, 13, 5, 9, 1
7_24_00 2, 10, 14, 6, 7, 15, 3
4_29_06 7, 15, 3, 11
8_9_06 6, 14, 2, 10, 7, 15, 3, 11
6_4_10 6, 14, 2, 10, 3, 11
3_21_02 3, 11, 15
6_3_00 1, 9, 13, 5, 2, 10
2_2_20 7, 15
1_26_00 15
5_21_16 10, 2, 6, 14, 11
3_24_08 2, 10, 6
6_19_12 7, 15, 3, 11, 8, 16
4_30_06 7, 15, 3, 11
2_9_18 12, 4
5_8_20 12, 4, 8, 16, 1
1_13_12 10
7_14_18 13, 5, 9, 1, 6, 14, 2
3_22_08 2, 10, 14
4_16_18 13, 5, 9, 1
5_31_04 6, 14, 2, 10, 11
2_12_14 6, 14
3_2_16 5, 13, 1
6_24_12 8, 16, 4, 12, 5, 13
1_12_06 10
7_26_00 3, 11, 15, 7, 16, 8, 12
8_31_16 12, 4, 8, 16, 9, 1, 5, 13
1_3_00 9
1_1_16 9
3_10_18 8, 16, 4
4_1_20 11, 3, 7, 15
8_16_22 15, 7, 11, 3, 12, 4, 8, 16
3_17_00 1, 9, 13
5_14_22 15, 7, 11, 3, 8
6_7_14 9, 1, 5, 13, 10, 2
7_2_20 11, 3, 7, 15, 8, 16, 4
6_1_06 4, 12, 16, 8, 5, 13
6_24_10 7, 15, 3, 11, 4, 12
1_11_10 16
6_6_02 3, 11, 15, 7, 16, 8
2_24_20 8, 16
3_17_18 10, 2, 6
1_7_20 4
3_20_22 8, 16, 12
7_21_18 11, 3, 7, 15, 12, 4, 8
3_28_14 6, 14, 10
4_20_00 1, 9, 13, 5
8_14_06 7, 15, 3, 11, 4, 12, 16, 8
6_17_12 7, 15, 3, 11, 8, 16
3_4_02 14, 6, 2
3_28_14 6, 14, 10
6_23_14 9, 1, 5, 13, 10, 2
1_31_06 15
1_24_00 6
1_1_04 3
6_15_16 12, 4, 8, 16, 9, 1
5_23_22 13, 5, 9, 1, 6
3_16_22 11, 3, 15
7_17_18 10, 2, 6, 14, 11, 3, 7
5_5_00 2, 10, 14, 6, 3
5_25_14 10, 2, 6, 14, 11
8_17_20 11, 3, 7, 15, 12, 4, 8, 16
7_23_04 4, 12, 16, 8, 13, 5, 9
4_23_02 3, 11, 15, 7
6_15_16 12, 4, 8, 16, 9, 1
2_3_20 11, 3
5_5_16 10, 2, 6, 14, 11
1_21_12 8
4_17_04 3, 11, 15, 7
7_22_00 2, 10, 14, 6, 15, 7, 11
2_1_20 11, 3
5_15_12 10, 2, 6, 14, 15
3_22_20 8, 16, 4
1_11_20 5
2_16_20 10, 2
2_13_18 13, 5
7_20_18 10, 2, 6, 14, 15, 7, 11
7_11_04 5, 13, 1, 9, 14, 6, 10
1_18_12 3
1_30_04 2
6_15_06 7, 15, 3, 11, 4, 12
7_27_20 13, 5, 9, 1, 6, 14, 2
3_10_00 15, 7, 11
4_15_08 8, 16, 12
8_28_04 5, 13, 1, 9, 6, 14, 2, 10
5_3_02 2, 10, 14, 6, 11
3_17_10 6, 14, 2
1_16_14 15
4_24_02 3, 11, 15, 7
3_29_06 7, 15, 3
5_14_22 15, 7, 11, 3, 8
5_20_10 6, 14, 2, 10, 11
3_8_06 1, 9, 5
8_4_20 11, 3, 7, 15, 12, 4, 8, 16
3_10_22 10, 2, 6
6_24_08 6, 14, 2, 10, 3, 11
6_22_16 10, 2, 6, 14, 7, 15
5_26_16 11, 3, 7, 15, 8
2_4_18 6, 14
1_21_08 6
1_24_06 9
1_11_06 14
3_1_02 2, 10, 14
6_20_04 3, 11, 15, 7, 16, 8
6_9_06 6, 14, 2, 10, 7, 15
7_17_20 11, 3, 7, 15, 12, 4, 8
1_17_20 11
4_23_22 13, 5, 9, 1
3_27_06 6, 14, 10
8_6_04 4, 12, 16, 8, 5, 13, 1, 9
5_21_22 13, 5, 9, 1, 14
8_15_06 7, 15, 3, 11, 4, 12, 16, 8
5_13_00 4, 12, 16, 8, 1
6_31_06 7, 15, 3, 11, 4, 12
1_18_22 8
2_11_08 7, 15
6_14_16 12, 4, 8, 16, 5, 13
7_1_00 1, 9, 13, 5, 2, 10, 14
3_30_16 8, 16, 4
8_23_12 8, 16, 4, 12, 9, 1, 5, 13
5_11_04 5, 13, 1, 9, 14
6_5_10 7, 15, 3, 11, 8, 16
6_23_14 9, 1, 5, 13, 10, 2
6_1_08 5, 13, 1, 9, 6, 14
8_19_20 11, 3, 7, 15, 12, 4, 8, 16
3_27_20 13, 5, 1
7_24_02 3, 11, 15, 7, 8, 16, 4
6_18_12 7, 15, 3, 11, 4, 12
5_5_00 2, 10, 14, 6, 3
4_20_14 8, 16, 4, 12
7_25_22 14, 6, 10, 2, 15, 7, 11
8_26_08 7, 15, 3, 11, 8, 16, 4, 12
1_5_20 12
2_3_00 1, 9
6_15_00 4, 12, 16, 8, 1, 9
4_11_06 6, 14, 2, 10
3_14_00 16, 8, 12
8_30_18 13, 5, 9, 1, 10, 2, 6, 14
5_15_14 11, 3, 7, 15, 16
3_15_10 9, 1, 13
8_4_00 1, 9, 13, 5, 2, 10, 14, 6
1_17_06 4
7_31_06 7, 15, 3, 11, 12, 4, 8
2_31_22 15, 7
4_5_22 13, 5, 9, 1
7_8_06 5, 13, 1, 9, 10, 2, 6
6_11_02 4, 12, 16, 8, 5, 13
5_5_20 12, 4, 8, 16, 13
2_10_12 5, 13
6_19_00 1, 9, 13, 5, 2, 10
3_8_20 8, 16, 12
8_4_20 11, 3, 7, 15, 12, 4, 8, 16
2_15_10 9, 1
6_13_16 12, 4, 8, 16, 9, 1
7_21_14 9, 1, 5, 13, 10, 2, 6
3_17_02 2, 10, 14
4_10_08 7, 15, 3, 11
8_25_06 6, 14, 2, 10, 7, 15, 3, 11
1_21_10 7
3_18_06 16, 8, 12
3_25_22 14, 6, 10
1_2_22 8
1_1_04 3
2_19_14 8, 16
4_16_12 10, 2, 6, 14
2_26_10 4, 12
4_11_16 11, 3, 7, 15
1_28_18 16
1_18_18 6
3_28_08 3, 11, 7
5_8_12 8, 16, 4, 12, 13
3_18_20 7, 15, 3
7_2_12 7, 15, 3, 11, 4, 12, 16
4_11_10 8, 16, 4, 12
8_23_00 2, 10, 14, 6, 3, 11, 15, 7
5_4_08 5, 13, 1, 9, 10
6_28_06 6, 14, 2, 10, 3, 11
4_15_10 9, 1, 5, 13
4_26_02 4, 12, 16, 8
3_29_10 9, 1, 5
3_3_16 9, 1, 13
1_21_16 10
2_15_02 5, 13
5_21_18 11, 3, 7, 15, 12
1_12_02 8
6_10_06 6, 14, 2, 10, 3, 11
2_17_00 1, 9
2_17_00 1, 9
7_16_04 6, 14, 2, 10, 7, 15, 3
7_18_02 2, 10, 14, 6, 15, 7, 11
6_18_02 2, 10, 14, 6, 15, 7
8_22_12 8, 16, 4, 12, 9, 1, 5, 13
4_18_14 8, 16, 4, 12
6_31_18 13, 5, 9, 1, 10, 2
8_14_20 14, 6, 10, 2, 11, 3, 7, 15
7_8_12 8, 16, 4, 12, 13, 5, 9
2_17_02 2, 10
2_28_20 9, 1
2_8_00 14, 6
4_30_02 5, 13, 1, 9
3_8_18 7, 15, 11
4_22_14 9, 1, 5, 13
8_16_00 4, 12, 16, 8, 1, 9, 13, 5
8_16_12 10, 2, 6, 14, 7, 15, 3, 11
7_27_20 13, 5, 9, 1, 6, 14, 2
6_24_00 2, 10, 14, 6, 15, 7
8_9_02 4, 12, 16, 8, 5, 13, 1, 9
5_30_20 14, 6, 10, 2, 7
1_10_22 10
2_3_18 10, 2
1_7_20 4
1_26_18 8
3_14_18 9, 1, 5
4_5_04 4, 12, 16, 8
8_15_16 12, 4, 8, 16, 9, 1, 5, 13
6_24_02 3, 11, 15, 7, 16, 8
5_20_08 5, 13, 1, 9, 10
2_19_18 10, 2
1_13_16 12
5_16_10 9, 1, 5, 13, 10
3_22_00 14, 6, 10
5_28_02 4, 12, 16, 8, 9
7_6_02 3, 11, 15, 7, 16, 8, 12
2_9_22 14, 6
3_11_00 3, 11, 7
1_25_12 9
1_2_02 14
5_22_08 6, 14, 2, 10, 3
4_6_10 7, 15, 3, 11
2_27_12 9, 1
6_1_12 7, 15, 3, 11, 8, 16
6_31_04 6, 14, 2, 10, 3, 11
6_24_12 8, 16, 4, 12, 5, 13
3_20_00 13, 5, 1
2_17_16 9, 1
7_29_20 14, 6, 10, 2, 11, 3, 7
6_4_00 1, 9, 13, 5, 14, 6
8_22_08 6, 14, 2, 10, 7, 15, 3, 11
4_13_08 8, 16, 4, 12
1_27_10 16
1_21_18 11
6_9_16 11, 3, 7, 15, 12, 4
7_20_16 9, 1, 5, 13, 14, 6, 10
1_2_12 3
6_19_02 2, 10, 14, 6, 3, 11
7_16_08 8, 16, 4, 12, 9, 1, 5
3_17_02 2, 10, 14
6_19_12 7, 15, 3, 11, 8, 16
5_24_08 6, 14, 2, 10, 11
4_17_02 2, 10, 14, 6
7_20_18 10, 2, 6, 14, 15, 7, 11
1_25_14 10
7_1_06 4, 12, 16, 8, 5, 13, 1
2_31_08 8, 16
8_18_18 10, 2, 6, 14, 11, 3, 7, 15
5_21_12 8, 16, 4, 12, 9
8_12_12 9, 1, 5, 13, 10, 2, 6, 14
6_21_04 4, 12, 16, 8, 5, 13
3_6_18 7, 15, 3
4_30_14 11, 3, 7, 15
4_7_16 10, 2, 6, 14
3_30_20 10, 2, 6
5_27_04 5, 13, 1, 9, 14
5_21_14 9, 1, 5, 13, 10
2_31_10 9, 1
2_8_12 4, 12
4_5_14 9, 1, 5, 13
2_30_10 5, 13
1_9_14 10
5_28_16 11, 3, 7, 15, 16
4_6_06 5, 13, 1, 9
1_3_06 12
4_25_08 7, 15, 3, 11
7_21_18 11, 3, 7, 15, 12, 4, 8
6_13_20 14, 6, 10, 2, 11, 3
7_30_04 6, 14, 2, 10, 15, 7, 11
5_14_08 8, 16, 4, 12, 1
5_16_06 7, 15, 3, 11, 8
8_24_22 13, 5, 9, 1, 14, 6, 10, 2
5_18_10 6, 14, 2, 10, 3
3_31_08 8, 16, 12
4_22_22 13, 5, 9, 1
1_15_18 5
6_19_06 4, 12, 16, 8, 5, 13
8_2_08 5, 13, 1, 9, 6, 14, 2, 10
6_28_14 10, 2, 6, 14, 7, 15
3_4_04 15, 7, 3
3_11_12 9, 1, 13
1_6_12 4
6_5_14 9, 1, 5, 13, 10, 2
1_8_04 8
5_1_08 5, 13, 1, 9, 6
7_2_10 6, 14, 2, 10, 3, 11, 15
4_17_10 6, 14, 2, 10
3_5_22 13, 5, 9
4_12_12 9, 1, 5, 13
2_30_20 10, 2
8_16_02 5, 13, 1, 9, 2, 10, 14, 6
3_11_16 11, 3, 15
1_29_06 7
7_29_16 12, 4, 8, 16, 9, 1, 5
5_26_22 14, 6, 10, 2, 11
2_8_00 14, 6
3_3_16 9, 1, 13
5_16_10 9, 1, 5, 13, 10
1_16_02 9
3_8_12 4, 12, 8
7_23_04 4, 12, 16, 8, 13, 5, 9
7_9_06 6, 14, 2, 10, 7, 15, 3
6_3_14 8, 16, 4, 12, 9, 1
1_23_18 3
3_9_02 4, 12, 16
3_25_00 3, 11, 15
8_16_22 15, 7, 11, 3, 12, 4, 8, 16
2_25_06 6, 14
1_24_06 9
6_19_16 9, 1, 5, 13, 10, 2
3_10_16 7, 15, 3
7_17_04 3, 11, 15, 7, 4, 12, 16
1_2_20 7
3_30_10 5, 13, 1
6_19_14 8, 16, 4, 12, 9, 1
7_18_10 6, 14, 2, 10, 3, 11, 15
8_26_10 8, 16, 4, 12, 9, 1, 5, 13
6_26_02 4, 12, 16, 8, 1, 9
7_25_22 14, 6, 10, 2, 15, 7, 11
7_6_22 13, 5, 9, 1, 10, 2, 6
1_28_14 14
5_15_14 11, 3, 7, 15, 16
4_7_20 12, 4, 8, 16
3_10_06 2, 10, 14
4_11_12 9, 1, 5, 13
2_11_00 3, 11
8_12_02 4, 12, 16, 8, 5, 13, 1, 9
8_2_10 6, 14, 2, 10, 7, 15, 3, 11
5_24_02 3, 11, 15, 7, 8
6_30_12 10, 2, 6, 14, 3, 11
8_20_04 3, 11, 15, 7, 4, 12, 16, 8
2_23_00 2, 10
5_6_16 10, 2, 6, 14, 7
2_3_12 7, 15
7_3_12 7, 15, 3, 11, 16, 8, 12
4_22_04 4, 12, 16, 8
2_23_22 13, 5
1_23_20 4
1_26_02 16
2_17_00 1, 9
6_20_04 3, 11, 15, 7, 16, 8
2_9_22 14, 6
1_25_18 12
3_5_16 10, 2, 6
3_25_10 8, 16, 4
4_14_00 4,12, 16, 8
2_31_16 12, 4
4_5_16 10, 2, 6, 14
1_22_20 8
5_1_00 1, 9, 13, 5, 2
6_12_04 5, 13, 1, 9, 2, 10
2_2_22 8, 16
6_26_12 9, 1, 5, 13, 6, 14
7_1_12 7, 15, 3, 11, 8, 16, 4
6_12_14 10, 2, 6, 14, 7, 15
8_31_08 8, 16, 4, 12, 5, 13, 1, 9
2_8_04 16, 8
7_23_22 13, 5, 9, 1, 6, 14, 2
5_30_02 5, 13, 1, 9, 14
8_12_10 8, 16, 4, 12, 9, 1, 5, 13
1_26_08 3
6_7_16 10, 2, 6, 14, 11, 3
3_31_04 6, 14, 10
2_10_10 4, 12
8_27_10 8, 16, 4, 12, 9, 1, 5, 13
2_4_10 2, 10
8_6_02 3, 11, 15, 7, 4, 12, 16, 8
8_6_18 11, 3, 7, 15, 12, 4, 8, 16
4_20_14 8, 16, 4, 12
6_27_10 8, 16, 4, 12, 9, 1
7_13_04 6, 14, 2, 10, 3, 11, 15
8_3_06 4, 12, 16, 8, 5, 13, 1, 9
1_29_22 15
3_29_12 10, 2, 6
7_4_02 2, 10, 14, 6, 7, 15, 3
1_12_16 15
4_3_20 11, 3, 7, 15
1_24_02 7
3_5_00 2, 10, 14
5_14_02 5, 13, 1, 9, 14
1_21_04 4
8_30_04 6, 14, 2, 10, 3, 11, 15, 7
6_5_00 2, 10, 14, 6, 3, 11
1_31_08 16
3_20_18 6, 14, 10
8_19_12 7, 15, 3, 11, 8, 16, 4, 12
2_16_12 6, 14
5_21_10 7, 15, 3, 11, 8
1_31_20 6
3_7_00 2, 10, 6
4_9_16 11, 3, 7, 15
1_20_18 14
2_3_04 3, 11
8_31_00 4, 12, 16, 8, 1, 9, 13, 5
4_16_12 10, 2, 6, 14
1_29_02 5
6_14_08 8, 16, 4, 12, 1, 9
5_17_20 11, 3, 7, 15, 12
6_13_16 12, 4, 8, 16, 9, 1
2_31_22 15, 7
2_27_06 6, 14
5_13_02 5, 13, 1, 9, 2
1_30_14 7
3_17_20 11, 3, 7
7_6_06 5, 13, 1, 9, 2, 10, 14
2_22_10 3, 11
4_11_04 5, 13, 1, 9
4_10_20 13, 5, 9, 1
2_13_08 8, 16
7_29_20 14, 6, 10, 2, 11, 3, 7
7_31_10 9, 1, 5, 13, 14, 6, 10
1_22_14 5
6_20_00 1, 9, 13, 5, 14, 6
4_17_08 5, 13, 1, 9
6_3_10 6, 14, 2, 10, 7, 15
8_19_20 11, 3, 7, 15, 12, 4, 8, 16
8_28_20 13, 5, 9, 1, 14, 6, 10, 2
4_17_22 12, 4, 8, 16
5_20_18 10, 2, 6, 14, 15
7_12_22 14, 6, 10, 2, 3, 11, 15
5_8_14 9, 1, 5, 13, 14
7_16_12 10, 2, 6, 14, 11, 3, 7
7_23_22 13, 5, 9, 1, 6, 14, 2
6_29_08 8, 16, 4, 12, 5, 13
4_14_02 5, 13, 1, 9
8_30_02 5, 13, 1, 9, 2, 10, 14, 6
2_29_22 15, 7
8_26_08 7, 15, 3, 11, 8, 16, 4, 12
1_4_14 12
3_29_18 13, 5, 9
8_18_02 2, 10, 14, 6, 3, 11, 15, 7
3_20_22 8, 16, 12
1_16_12 14
3_16_02 1, 9, 5
4_9_22 14, 6, 10, 2
7_5_20 12, 4, 8, 16, 13, 5, 9
1_7_08 14
8_29_12 10, 2, 6, 14, 7, 15, 3, 11
1_10_22 10
1_2_02 14
5_20_16 9, 1, 5, 13, 14
2_18_18 6, 14
2_9_06 6, 14
8_1_16 9, 1, 5, 13, 10, 2, 6, 14
2_7_00 2, 10
6_22_10 7, 15, 3, 11, 4, 12
6_5_10 7, 15, 3, 11, 8, 16
1_5_14 9
7_7_18 11, 3, 7, 15, 4, 12, 16
3_21_06 5, 13, 1
3_20_12 3, 11, 7
4_4_08 5, 13, 1, 9
8_23_18 11, 3, 7, 15, 12, 4, 8, 16
6_27_20 13, 5, 9, 1, 14, 6
7_8_20 12, 4, 8, 16, 1, 9, 13
3_15_06 7, 15, 11
7_15_08 8, 16, 4, 12, 13, 5, 9
7_9_22 14, 6, 10, 2, 15, 7, 11
7_26_04 5, 13, 1, 9, 2, 10, 14
2_16_00 16, 8
6_1_06 4, 12, 16, 8, 5, 13
6_18_00 1, 9, 13, 5, 14, 6
5_4_08 5, 13, 1, 9, 10
7_10_08 7, 15, 3, 11, 4, 12, 16
8_25_14 10, 2, 6, 14, 11, 3, 7, 15
7_19_00 1, 9, 13, 5, 10, 2, 6
2_11_06 6, 14
2_11_08 7, 15
5_13_20 14, 6, 10, 2, 11
6_16_06 7, 15, 3, 11, 16, 8
6_28_02 4, 12, 16, 8, 1, 9
7_20_12 7, 15, 3, 11, 12, 4, 8
3_21_04 4, 12, 16
1_29_08 8
5_24_20 12, 4, 8, 16, 1
3_9_22 14, 6, 10
1_3_04 11
2_27_06 6, 14
5_6_18 11, 3, 7, 15, 8
2_5_02 3, 11
8_28_00 3, 11, 15, 7, 4, 12, 16, 8
6_31_10 9, 1, 5, 13, 6, 14
5_14_18 13, 5, 9, 1, 6
6_13_02 5, 13, 1, 9, 2, 10
1_31_14 3
3_26_06 2, 10, 14
2_3_08 5, 13
7_17_02 2, 10, 14, 6, 3, 11, 15
6_9_08 7, 15, 3, 11, 8, 16
3_18_22 8, 16, 4
3_17_18 10, 2, 6
6_8_04 4, 12, 16, 8, 1, 9
4_17_14 8, 16, 4, 12
2_23_20 12, 4
4_29_08 8, 16, 4, 12
6_25_06 6, 14, 2, 10, 7, 15
4_2_16 9, 1, 5, 13
3_8_08 2, 10, 6
6_12_06 6, 14, 2, 10, 3, 11
1_22_02 15
8_30_08 8, 16, 4, 12, 5, 13, 1, 9
1_26_10 4
8_7_06 5, 13, 1, 9, 6, 14, 2, 10
8_5_18 11, 3, 7, 15, 12, 4, 8, 16
4_6_14 9, 1, 5, 13
6_2_16 9, 1, 5, 13, 6, 14
2_27_04 5, 13
3_7_00 2, 10, 6
6_1_14 8, 16, 4, 12, 9, 1
5_22_00 2, 10, 14, 6, 15
7_27_14 10, 2, 6, 14, 3, 11, 15
6_25_20 13, 5, 9, 1, 14, 6
1_16_04 10
7_3_10 6, 14, 2, 10, 15, 7, 11
7_4_16 9, 1, 5, 13, 14, 6, 10
8_29_04 6, 14, 2, 10, 3, 11, 15, 7
4_29_12 10, 2, 6, 14
5_28_02 4, 12, 16, 8, 9
8_11_22 14, 6, 10, 2, 15, 7, 11, 3
7_4_00 1, 9, 13, 5, 6, 14, 2
5_15_12 10, 2, 6, 14, 15
7_2_08 5, 13, 1, 9, 2, 10, 14
2_7_02 3, 11
7_10_02 4, 12, 16, 8, 1, 9, 13
3_31_18 13, 5, 1
6_28_12 9, 1, 5, 13, 6, 14
5_8_00 2, 10, 14, 6, 7
4_21_18 11, 3, 7, 15
1_26_08 3
1_28_20 1
5_28_08 7, 15, 3, 11, 12
5_20_02 2, 10, 14, 6, 7
1_30_20 10
3_10_12 5, 13, 1
8_6_12 8, 16, 4, 12, 9, 1, 5, 13
2_14_04 2, 10
6_4_20 11, 3, 7, 15, 8, 16
4_5_12 8, 16, 4, 12
2_16_14 7, 15
2_9_02 4, 12
2_3_18 10, 2
2_25_00 3, 11
1_27_12 1
6_31_00 4, 12, 16, 8, 1, 9
4_5_14 9, 1, 5, 13
6_27_02 4, 12, 16, 8, 5, 13
5_25_04 5, 13, 1, 9, 6
3_20_04 15, 7, 3
1_6_20 8
7_6_02 3, 11, 15, 7, 16, 8, 12
1_7_08 14
2_21_00 2, 10
7_9_14 10, 2, 6, 14, 11, 3, 7
5_26_04 5, 13, 1, 9, 2
8_1_18 10, 2, 6, 14, 11, 3, 7, 15
8_31_22 15, 7, 11, 3, 12, 4, 8, 16
1_3_06 12
2_1_08 5, 13
7_30_20 14, 6, 10, 2, 7, 15, 3
1_27_08 15
2_5_10 7, 15
8_18_16 9, 1, 5, 13, 10, 2, 6, 14
8_24_12 8, 16, 4, 12, 9, 1, 5, 13
1_3_06 12
6_5_18 11, 3, 7, 15, 12, 4
4_23_18 11, 3, 7, 15
5_2_08 5, 13, 1, 9, 2
6_27_00 3, 11, 15, 7, 4, 12
7_11_00 3, 11, 15, 7, 12, 4, 8
1_31_00 12
7_27_18 12, 4, 8, 16, 5, 13, 1
1_11_18 4
5_29_02 5, 13, 1, 9, 2
4_3_16 9, 1, 5, 13
8_26_20 13, 5, 9, 1, 14, 6, 10, 2
7_29_00 4, 12, 16, 8, 1, 9, 13
3_7_04 4, 12, 8
7_26_20 13, 5, 9, 1, 10, 2, 6
3_30_02 1, 9, 13
4_23_00 2, 10, 14, 6
5_19_12 7, 15, 3, 11, 16
4_8_22 13, 5, 9, 1
8_2_16 9, 1, 5, 13, 10, 2, 6, 14
6_18_18 10, 2, 6, 14, 7, 15
2_5_02 3, 11
7_29_22 15, 7, 11, 3, 12, 4, 8
5_31_08 8, 16, 4, 12, 13
3_9_22 14, 6, 10
3_22_16 6, 14, 2
3_27_06 6, 14, 10
4_30_20 14, 6, 10, 2
7_7_22 13, 5, 9, 1, 6, 14, 2
6_23_18 11, 3, 7, 15, 12, 4
6_23_06 5, 13, 1, 9, 6, 14
2_20_10 2, 10
6_1_04 3, 11, 15, 7, 4, 12
4_26_14 10, 2, 6, 14
6_2_20 11, 3, 7, 15, 8, 16
6_6_16 10, 2, 6, 14, 7, 15
4_23_06 5, 13, 1, 9
6_9_14 10, 2, 6, 14, 11, 3
2_5_16 10, 2
1_4_10 10
6_24_08 6, 14, 2, 10, 3, 11
3_1_06 4, 12, 16
1_10_08 3
2_14_06 3, 11
4_9_02 4, 12, 16, 8
3_27_10 8, 16, 12
1_28_14 14
3_2_14 4, 12, 16
1_16_00 8
8_20_10 6, 14, 2, 10, 7, 15, 3, 11
8_10_08 7, 15, 3, 11, 8, 16, 4, 12
2_2_18 6, 14
3_3_16 9, 1, 13
1_15_22 7
5_8_16 10, 2, 6, 14, 15
2_24_22 9, 1
7_28_12 9, 1, 5, 13, 14, 6, 10
2_23_20 12, 4
2_6_12 4, 12
6_21_04 4, 12, 16, 8, 5, 13
5_6_00 2, 10, 14, 6, 15
2_26_04 1, 9
8_12_14 10, 2, 6, 14, 11, 3, 7, 15
6_30_16 12, 4, 8, 16, 5, 13
8_8_14 9, 1, 5, 13, 10, 2, 6, 14
6_26_06 6, 14, 2, 10, 3, 11
5_3_10 6, 14, 2, 10, 15
3_29_00 4,12, 16
5_22_16 10, 2, 6, 14, 7
7_15_10 9, 1, 5, 13, 14, 6, 10
2_14_06 3, 11
3_27_12 9, 1, 13
1_31_14 3
8_12_10 8, 16, 4, 12, 9, 1, 5, 13
3_19_20 11, 3, 15
4_12_00 3, 11, 15, 7
2_18_12 3, 11
7_30_04 6, 14, 2, 10, 15, 7, 11
7_31_04 6, 14, 2, 10, 11, 3, 7
3_12_18 8, 16, 12
1_28_04 9
4_5_02 3, 11, 15, 7
5_11_18 12, 4, 8, 16, 5
2_3_04 3, 11
7_17_16 9, 1, 5, 13, 10, 2, 6
3_3_20 11, 3, 15
5_3_08 5, 13, 1, 9, 14
4_17_12 7, 15, 3, 11
2_31_00 4,12
5_16_20 14, 6, 10, 2, 15
4_18_14 8, 16, 4, 12
1_25_14 10
1_9_16 11
8_17_22 12, 4, 8, 16, 13, 5, 9, 1
4_28_18 12, 4, 8, 16
3_9_10 8, 16, 4
3_14_14 7, 15, 3
7_3_12 7, 15, 3, 11, 16, 8, 12
5_19_18 10, 2, 6, 14, 3
5_3_22 12, 4, 8, 16, 5
6_17_12 7, 15, 3, 11, 8, 16
1_14_12 6
8_29_12 10, 2, 6, 14, 7, 15, 3, 11
6_5_00 2, 10, 14, 6, 3, 11
4_8_22 13, 5, 9, 1
1_25_10 8
3_28_02 16, 8, 4
2_2_10 2, 10
8_8_02 3, 11, 15, 7, 4, 12, 16, 8
6_8_10 7, 15, 3, 11, 4, 12
5_24_16 10, 2, 6, 14, 15
6_6_06 5, 13, 1, 9, 2, 10
1_6_16 6
3_1_08 5, 13, 1
3_17_08 5, 13, 1
1_11_02 12
2_1_02 2, 10
7_7_00 2, 10, 14, 6, 11, 3, 7
4_12_12 9, 1, 5, 13
3_19_14 8, 16, 12
8_7_02 3, 11, 15, 7, 4, 12, 16, 8
1_27_16 3
4_27_04 5, 13, 1, 9
8_21_20 12, 4, 8, 16, 13, 5, 9, 1
2_27_22 14, 6
2_7_18 11, 3
5_29_20 14, 6, 10, 2, 11
4_25_12 9, 1, 5, 13
8_22_04 4, 12, 16, 8, 5, 13, 1, 9
6_12_14 10, 2, 6, 14, 7, 15
5_11_08 7, 15, 3, 11, 16
1_21_22 13
5_18_18 10, 2, 6, 14, 7
8_25_18 12, 4, 8, 16, 13, 5, 9, 1
1_15_12 2
5_10_06 6, 14, 2, 10, 3
5_22_18 11, 3, 7, 15, 8
1_22_14 5
3_14_20 10, 2, 6
6_4_14 8, 16, 4, 12, 5, 13
4_4_16 9, 1, 5, 13
1_3_02 10
4_16_22 15, 7, 11, 3
8_26_16 11, 3, 7, 15, 12, 4, 8, 16
3_21_20 12, 4, 8
2_20_16 5, 13
4_20_20 11, 3, 7, 15
6_15_04 6, 14, 2, 10, 3, 11
5_11_14 10, 2, 6, 14, 3
7_10_04 5, 13, 1, 9, 2, 10, 14
1_3_04 11
5_8_06 5, 13, 1, 9, 10
8_9_02 4, 12, 16, 8, 5, 13, 1, 9
3_5_08 6, 14, 2
4_24_22 13, 5, 9, 1
6_15_16 12, 4, 8, 16, 9, 1
1_2_12 3
3_16_18 9, 1, 13
1_23_18 3
6_29_12 10, 2, 6, 14, 7, 15
3_2_14 4, 12, 16
6_14_18 13, 5, 9, 1, 6, 14
3_3_22 12, 4, 16
6_19_20 11, 3, 7, 15, 12, 4
2_26_14 6, 14
4_21_12 8, 16, 4, 12
7_17_08 5, 13, 1, 9, 6, 14, 2
4_11_02 4, 12, 16, 8
3_21_16 10, 2, 6
1_22_08 2
1_21_14 9
3_28_10 4, 12, 8
7_27_06 6, 14, 2, 10, 15, 7, 11
1_27_18 4
2_9_10 8, 16
8_21_12 8, 16, 4, 12, 9, 1, 5, 13
6_17_20 11, 3, 7, 15, 12, 4
7_31_20 14, 6, 10, 2, 3, 11, 15
3_22_14 5, 13, 1
1_1_02 2
6_15_18 13, 5, 9, 1, 10, 2
7_23_12 8, 16, 4, 12, 1, 9, 13
3_7_12 8, 16, 12
1_1_00 1
7_24_22 13, 5, 9, 1, 2, 10, 14
3_3_06 4, 12, 8
6_3_22 12, 4, 8, 16, 13, 5
