2050
2053
2056
2061
2066
2071
2078
2085
2092
2101
2110
2115
2124
2135
2148
2155
2166
2177
2184
2195
2208
2217
2232
2247
2256
2273
2288
2305
2316
2327
2336
2343
2352
2365
2372
2389
2406
2417
2434
2451
2470
2489
2508
2521
2532
2547
2566
2587
2600
2619
2634
2655
2672
2695
2708
2721
2738
2763
2790
2805
2826
2835
2846
2861
2872
2885
2896
2917
2938
2951
2974
2985
3002
3031
3052
3067
3080
3093
3098
3111
3128
3137
3152
3175
3196
3219
3238
3239
3256
3275
3288
3305
3320
3335
3354
3371
3394
3407
3430
3449
3468
3479
3498
3513
3524
3543
3564
3579
3598
3619
3638
3651
3672
3691
3698
3707
3730
3751
3774
3793
3816
3831
3856
3869
3882
3903
3916
3931
3944
3957
3966
3987
4008
4021
4042
4053
4076
4089
4114
4127
4142
4155
4178
4203
4220
4237
4262
4277
4298
4319
4338
4353
4376
4397
4412
4435
4450
4463
4486
4505
4528
4543
4566
4577
4596
4621
4646
4669
4696
4709
4724
4741
4768
4789
4806
4821
4840
4851
4876
4903
4926
4939
4960
4975
4992
5017
5042
5057
5082
5099
5124
5143
5172
5193
5218
5231
5252
5265
5280
5295
5314
5341
5360
5387
5414
5437
5460
5473
5496
5509
5532
5547
5566
5577
5596
5609
5626
5655
5682
5707
5722
5739
5760
5783
5800
5831
5850
5873
5890
5909
5940
5971
5986
6011
6034
6061
6078
6099
6114
6147
6162
6169
6186
6219
6250
6273
6290
6309
6332
6351
best case: 2053
Average case: 3970
worst case: 6351
