6_31_08 8, 16, 4, 12, 5, 13
2_22_22 9, 1
1_5_20 12
2_31_14 11, 3
4_25_14 10, 2, 6, 14
1_28_22 2
8_4_04 3, 11, 15, 7, 4, 12, 16, 8
5_29_18 13, 5, 9, 1, 10
2_5_00 2, 10
2_25_04 5, 13
4_3_18 10, 2, 6, 14
3_13_12 10, 2, 6
4_7_00 2, 10, 14, 6
3_15_02 5, 13, 9
8_17_00 1, 9, 13, 5, 2, 10, 14, 6
1_10_18 8
7_1_06 4, 12, 16, 8, 5, 13, 1
2_12_00 15, 7
8_11_08 7, 15, 3, 11, 8, 16, 4, 12
7_11_08 7, 15, 3, 11, 16, 8, 12
2_13_12 10, 2
1_24_08 10
2_19_12 7, 15
5_26_10 8, 16, 4, 12, 5
5_1_02 2, 10, 14, 6, 3
2_15_00 4,12
7_5_16 10, 2, 6, 14, 11, 3, 7
5_17_18 10, 2, 6, 14, 11
4_22_18 11, 3, 7, 15
1_27_02 12
1_1_12 7
3_31_18 13, 5, 1
3_17_08 5, 13, 1
8_20_18 10, 2, 6, 14, 11, 3, 7, 15
8_10_14 10, 2, 6, 14, 11, 3, 7, 15
7_2_10 6, 14, 2, 10, 3, 11, 15
6_27_10 8, 16, 4, 12, 9, 1
5_20_02 2, 10, 14, 6, 7
1_28_02 8
3_25_08 7, 15, 3
3_11_18 12, 4, 16
7_17_04 3, 11, 15, 7, 4, 12, 16
4_12_12 9, 1, 5, 13
6_17_14 8, 16, 4, 12, 9, 1
4_5_08 6, 14, 2, 10
1_9_00 3
6_25_16 11, 3, 7, 15, 12, 4
5_17_06 4, 12, 16, 8, 5
3_16_16 8, 16, 12
7_8_20 12, 4, 8, 16, 1, 9, 13
2_5_16 10, 2
7_31_08 8, 16, 4, 12, 13, 5, 9
7_21_22 13, 5, 9, 1, 14, 6, 10
3_8_16 6, 14, 10
6_9_12 9, 1, 5, 13, 10, 2
2_3_12 7, 15
1_3_00 9
6_16_10 9, 1, 5, 13, 2, 10
5_12_08 7, 15, 3, 11, 12
7_23_22 13, 5, 9, 1, 6, 14, 2
7_30_10 9, 1, 5, 13, 2, 10, 14
8_17_10 6, 14, 2, 10, 7, 15, 3, 11
1_13_08 8
8_7_08 6, 14, 2, 10, 7, 15, 3, 11
6_9_14 10, 2, 6, 14, 11, 3
4_7_14 9, 1, 5, 13
1_9_20 13
1_20_16 13
4_31_16 12, 4, 8, 16
6_26_20 13, 5, 9, 1, 10, 2
8_1_02 2, 10, 14, 6, 3, 11, 15, 7
6_10_14 10, 2, 6, 14, 7, 15
5_12_22 14, 6, 10, 2, 3
4_22_06 5, 13, 1, 9
4_13_14 11, 3, 7, 15
7_5_04 4, 12, 16, 8, 5, 13, 1
4_2_18 10, 2, 6, 14
4_9_06 6, 14, 2, 10
3_13_20 14, 6, 10
5_8_16 10, 2, 6, 14, 15
8_6_04 4, 12, 16, 8, 5, 13, 1, 9
7_4_10 6, 14, 2, 10, 11, 3, 7
2_21_08 6, 14
5_12_20 13, 5, 9, 1, 2
1_13_18 13
1_5_02 3
5_18_20 11, 3, 7, 15, 8
1_5_22 13
6_27_04 5, 13, 1, 9, 6, 14
7_14_14 11, 3, 7, 15, 4, 12, 16
5_14_12 10, 2, 6, 14, 3
2_8_00 14, 6
3_22_08 2, 10, 14
7_6_14 9, 1, 5, 13, 6, 14, 2
4_4_22 12, 4, 8, 16
2_12_12 5, 13
8_26_04 5, 13, 1, 9, 6, 14, 2, 10
3_7_08 6, 14, 10
1_20_18 14
7_28_14 10, 2, 6, 14, 15, 7, 11
7_27_04 5, 13, 1, 9, 14, 6, 10
1_7_04 12
4_14_22 15, 7, 11, 3
4_14_14 11, 3, 7, 15
4_17_06 4, 12, 16, 8
4_25_00 3, 11, 15, 7
1_2_10 2
2_31_08 8, 16
1_25_04 5
6_21_18 11, 3, 7, 15, 12, 4
6_10_10 8, 16, 4, 12, 5, 13
3_13_14 11, 3, 7
1_9_00 3
8_24_06 5, 13, 1, 9, 6, 14, 2, 10
2_2_00 13, 5
3_6_16 6, 14, 2
3_3_00 1, 9, 5
8_27_02 4, 12, 16, 8, 5, 13, 1, 9
6_25_06 6, 14, 2, 10, 7, 15
6_26_14 10, 2, 6, 14, 7, 15
6_22_22 13, 5, 9, 1, 10, 2
8_10_14 10, 2, 6, 14, 11, 3, 7, 15
1_17_16 9
6_12_16 11, 3, 7, 15, 8, 16
8_29_08 8, 16, 4, 12, 5, 13, 1, 9
5_24_02 3, 11, 15, 7, 8
2_30_20 10, 2
5_10_04 5, 13, 1, 9, 2
8_10_16 11, 3, 7, 15, 12, 4, 8, 16
2_25_20 13, 5
6_12_22 14, 6, 10, 2, 11, 3
2_18_12 3, 11
6_28_22 14, 6, 10, 2, 11, 3
6_2_22 12, 4, 8, 16, 9, 1
6_26_12 9, 1, 5, 13, 6, 14
1_24_00 6
3_25_08 7, 15, 3
4_13_00 4,12, 16, 8
7_26_10 8, 16, 4, 12, 5, 13, 1
2_23_14 9, 1
2_14_04 2, 10
2_15_16 12, 4
4_5_02 3, 11, 15, 7
6_12_04 5, 13, 1, 9, 2, 10
8_12_22 14, 6, 10, 2, 15, 7, 11, 3
4_29_00 4,12, 16, 8
3_16_14 7, 15, 11
3_7_04 4, 12, 8
3_11_22 14, 6, 2
8_13_12 10, 2, 6, 14, 7, 15, 3, 11
8_1_08 5, 13, 1, 9, 6, 14, 2, 10
1_11_16 3
5_15_18 13, 5, 9, 1, 2
1_6_18 7
6_29_02 5, 13, 1, 9, 2, 10
6_8_16 10, 2, 6, 14, 7, 15
8_12_06 6, 14, 2, 10, 7, 15, 3, 11
7_7_12 8, 16, 4, 12, 1, 9, 13
5_4_22 12, 4, 8, 16, 1
5_16_00 4, 12, 16, 8, 5
8_28_10 8, 16, 4, 12, 9, 1, 5, 13
8_8_20 12, 4, 8, 16, 13, 5, 9, 1
3_26_12 5, 13, 1
7_12_02 4, 12, 16, 8, 9, 1, 5
8_25_02 4, 12, 16, 8, 5, 13, 1, 9
6_6_00 2, 10, 14, 6, 15, 7
7_9_20 13, 5, 9, 1, 14, 6, 10
1_29_08 8
4_21_02 3, 11, 15, 7
5_7_08 6, 14, 2, 10, 15
4_3_02 2, 10, 14, 6
8_13_00 4, 12, 16, 8, 1, 9, 13, 5
5_16_04 6, 14, 2, 10, 7
8_30_06 7, 15, 3, 11, 4, 12, 16, 8
2_17_16 9, 1
1_6_08 2
4_1_06 4, 12, 16, 8
6_8_00 2, 10, 14, 6, 15, 7
3_22_06 1, 9, 13
5_3_04 3, 11, 15, 7, 12
6_7_14 9, 1, 5, 13, 10, 2
8_12_10 8, 16, 4, 12, 9, 1, 5, 13
4_23_06 5, 13, 1, 9
4_30_10 9, 1, 5, 13
5_31_10 9, 1, 5, 13, 14
4_19_12 7, 15, 3, 11
1_27_06 14
6_17_06 4, 12, 16, 8, 5, 13
3_11_22 14, 6, 2
3_22_22 9, 1, 5
1_21_16 10
4_28_08 7, 15, 3, 11
3_7_20 12, 4, 16
5_11_04 5, 13, 1, 9, 14
5_25_02 4, 12, 16, 8, 5
7_4_16 9, 1, 5, 13, 14, 6, 10
3_11_20 13, 5, 1
1_12_08 11
5_24_14 9, 1, 5, 13, 14
1_21_00 2
3_15_22 15, 7, 3
2_14_20 10, 2
3_18_18 6, 14, 2
4_4_16 9, 1, 5, 13
1_27_22 6
3_22_22 9, 1, 5
6_31_10 9, 1, 5, 13, 6, 14
4_31_20 14, 6, 10, 2
2_28_16 7, 15
2_4_10 2, 10
3_2_00 13, 5, 9
3_15_18 13, 5, 1
5_16_20 14, 6, 10, 2, 15
8_14_00 4, 12, 16, 8, 1, 9, 13, 5
1_10_00 15
5_27_02 4, 12, 16, 8, 13
1_16_22 3
2_26_20 9, 1
3_6_16 6, 14, 2
4_22_18 11, 3, 7, 15
1_13_08 8
6_6_08 6, 14, 2, 10, 3, 11
3_7_00 2, 10, 6
3_21_16 10, 2, 6
7_14_04 6, 14, 2, 10, 15, 7, 11
7_23_18 11, 3, 7, 15, 4, 12, 16
3_15_12 10, 2, 14
5_27_18 12, 4, 8, 16, 5
2_3_18 10, 2
5_11_20 13, 5, 9, 1, 6
7_23_02 3, 11, 15, 7, 12, 4, 8
4_21_10 7, 15, 3, 11
4_29_20 14, 6, 10, 2
4_31_08 8, 16, 12
6_5_00 2, 10, 14, 6, 3, 11
2_3_12 7, 15
1_31_10 1
2_23_22 13, 5
4_13_08 8, 16, 4, 12
4_12_12 9, 1, 5, 13
1_16_00 8
1_22_08 2
2_4_02 14, 6
6_23_00 2, 10, 14, 6, 3, 11
8_26_20 13, 5, 9, 1, 14, 6, 10, 2
6_19_18 10, 2, 6, 14, 11, 3
7_16_04 6, 14, 2, 10, 7, 15, 3
2_28_16 7, 15
7_15_10 9, 1, 5, 13, 14, 6, 10
3_8_14 5, 13, 9
3_17_18 10, 2, 6
5_22_20 12, 4, 8, 16, 9
4_13_12 10, 2, 6, 14
6_14_10 9, 1, 5, 13, 2, 10
6_26_16 11, 3, 7, 15, 8, 16
4_30_04 6, 14, 2, 10
1_14_14 7
6_14_18 13, 5, 9, 1, 6, 14
4_9_16 11, 3, 7, 15
8_31_06 7, 15, 3, 11, 4, 12, 16, 8
