12219
12222
12225
12230
12235
12240
12247
12254
12261
12270
12279
12284
12293
12304
12317
12324
12335
12346
12353
12364
12377
12386
12401
12416
12425
12442
12457
12474
12485
12496
12505
12512
12521
12534
12541
12558
12575
12586
12603
12620
12639
12658
12677
12690
12701
12716
12735
12756
12769
12788
12803
12824
12841
12864
12877
12890
12907
12932
12959
12974
12995
13004
13015
13030
13041
13054
13065
13086
13107
13120
13143
13154
13171
13200
13221
13236
13249
13262
13267
13280
13297
13306
13321
13344
13365
13388
13407
13408
13425
13444
13457
13474
13489
13504
13523
13540
13563
13576
13599
13618
13637
13648
13667
13682
13693
13712
13733
13748
13767
13788
13807
13820
13841
13860
13867
13876
13899
13920
13943
13962
13985
14000
14025
14038
14051
14072
14085
14100
14113
14126
14135
14156
14177
14190
14211
14222
14245
14258
14283
14296
14311
14324
14347
14372
14389
14406
14431
14446
14467
14488
14507
14522
14545
14566
14581
14604
14619
14632
14655
14674
14697
14712
14735
14746
14765
14790
14815
14838
14865
14878
14893
14910
14937
14958
14975
14990
15009
15020
15045
15072
15095
15108
15129
15144
15161
15186
15211
15226
15251
15268
15293
15312
15341
15362
15387
15400
15421
15434
15449
15464
15483
15510
15529
15556
15583
15606
15629
15642
15665
15678
15701
15716
15735
15746
15765
15778
15795
15824
15851
15876
15891
15908
15929
15952
15969
16000
16019
16042
16059
16078
16109
16140
16155
16180
16203
16230
16247
16268
16283
16316
16331
16338
16355
16388
16419
16442
16459
16478
16501
16520
16537
16562
16583
16608
16631
16658
16673
16690
16713
16746
16755
16774
16791
16820
16845
16870
16897
16918
16937
16968
16989
17016
17039
17052
17085
17110
17131
17160
17179
17192
17209
17224
17241
17260
17277
17292
17317
17340
17357
17382
17407
17420
17445
17460
17481
17502
17531
17556
17567
17602
17621
17644
17657
17678
17703
17720
17755
17768
17791
17814
17833
17870
17885
17906
17933
17962
17979
18004
18031
18054
18073
18092
18121
18152
18177
18188
18215
18240
18257
18276
18293
18316
18331
18352
18371
18396
18413
18440
18459
18480
18499
18520
18537
18558
18597
18620
18643
18664
18697
18720
18741
18756
18779
18806
18831
18856
18883
18896
18923
18942
18959
18976
18993
19018
19039
19054
19077
19100
19121
19150
19181
19192
19205
19234
19265
19280
19295
19318
19337
19352
19379
19408
19431
19444
19469
19492
19513
19536
19561
19594
19621
19634
19651
19666
19693
19712
19725
19744
19751
19764
19787
19806
19841
19874
19889
19908
19943
19974
19999
20022
20047
20074
20101
20114
20135
20152
20177
20204
20229
20252
20289
20308
20333
20364
20385
20414
20429
20448
20475
20494
20523
20544
20569
20602
20623
20646
20661
20686
20713
20744
20765
20782
20805
20824
20839
20876
20905
20934
20959
20970
20995
21024
21053
21080
21103
21132
21155
21176
21213
21232
21249
21264
21299
21324
21343
21374
21395
21428
21453
21478
21495
21524
21555
21582
21591
21606
21633
21660
21679
21710
21733
21762
21779
21814
21847
21868
21901
21926
21943
21966
21991
22018
22035
22064
22077
22096
22127
22156
22177
22192
22201
22234
22269
22292
22313
22326
22353
22378
22397
22422
22437
22462
22475
22502
22525
22550
22579
22610
22625
22658
22683
22712
22721
22738
22767
22792
22815
22838
22863
22884
22901
22928
22951
22968
23001
23016
23047
23072
23091
23116
23137
23168
23195
23222
23247
23268
23287
23308
23335
23356
23375
23386
23423
23454
23475
23490
23511
23530
23553
23570
23605
23634
23665
23692
23715
23734
23775
23808
23835
23868
23895
23918
23939
23966
23983
24000
24025
24050
24081
24098
24139
24166
24191
24210
24227
24246
24271
24288
24311
24346
24361
24396
24427
24440
24465
24476
24497
24520
24543
24572
24605
24648
24667
24696
24721
24740
24767
24784
24805
24834
24855
24884
24913
24930
24951
24976
25003
25034
25061
25078
25101
25130
25153
25174
25193
25228
25253
25282
25299
25330
25367
25384
25411
25428
25459
25478
25505
25522
25543
25568
25603
25636
25655
25674
25697
25726
25763
25788
25821
25850
25881
25900
25923
25952
25997
26016
26043
26072
26093
26106
26137
26162
26187
26216
26241
26260
26279
26298
26325
26344
26381
26412
26443
26470
26487
26514
26533
26566
26593
26620
26633
26668
26685
26708
26741
26766
26785
26806
26837
26854
26885
26912
26947
26958
26975
27004
27029
27046
27069
27078
27095
27120
27153
27188
27219
27258
27305
27320
27349
27366
27391
27422
27445
27492
27519
27560
27583
27610
27625
27646
27671
27694
27729
27760
27769
27796
27825
27852
27871
27894
27921
27942
27957
27986
28009
28024
28073
28090
28109
28146
28173
28194
28223
28266
28291
28316
28333
28368
28405
28434
best case: 12222
Average case: 29345
worst case: 22192
