6_22_02 3, 11, 15, 7, 16, 8
4_20_18 10, 2, 6, 14
7_13_06 7, 15, 3, 11, 4, 12, 16
7_13_04 6, 14, 2, 10, 3, 11, 15
3_23_02 3, 11, 7
3_17_02 2, 10, 14
5_31_10 9, 1, 5, 13, 14
1_2_20 7
3_5_20 12, 4, 8
5_28_14 10, 2, 6, 14, 15
1_19_14 16
7_14_04 6, 14, 2, 10, 15, 7, 11
8_19_14 8, 16, 4, 12, 9, 1, 5, 13
3_12_08 3, 11, 7
7_3_12 7, 15, 3, 11, 16, 8, 12
2_17_16 9, 1
3_25_22 14, 6, 10
5_23_00 2, 10, 14, 6, 11
6_16_06 7, 15, 3, 11, 16, 8
8_17_04 3, 11, 15, 7, 4, 12, 16, 8
2_16_20 10, 2
8_24_20 12, 4, 8, 16, 13, 5, 9, 1
3_3_12 7, 15, 11
6_20_14 8, 16, 4, 12, 5, 13
2_5_20 12, 4
4_15_14 11, 3, 7, 15
5_20_16 9, 1, 5, 13, 14
8_17_10 6, 14, 2, 10, 7, 15, 3, 11
4_2_12 7, 15, 3, 11
4_29_10 9, 1, 5, 13
2_27_00 3, 11
7_23_12 8, 16, 4, 12, 1, 9, 13
2_28_08 3, 11
6_10_22 14, 6, 10, 2, 11, 3
3_15_14 11, 3, 15
8_22_12 8, 16, 4, 12, 9, 1, 5, 13
2_6_18 7, 15
8_22_00 2, 10, 14, 6, 3, 11, 15, 7
4_4_04 3, 11, 15, 7
1_15_12 2
3_25_10 8, 16, 4
1_30_18 9
5_5_02 3, 11, 15, 7, 4
7_12_18 12, 4, 8, 16, 1, 9, 13
6_5_02 3, 11, 15, 7, 4, 12
4_5_10 7, 15, 3, 11
2_17_06 4, 12
6_15_20 14, 6, 10, 2, 11, 3
6_4_12 7, 15, 3, 11, 4, 12
3_15_04 6, 14, 10
5_31_20 14, 6, 10, 2, 3
4_4_04 3, 11, 15, 7
5_15_22 15, 7, 11, 3, 4
6_10_08 7, 15, 3, 11, 4, 12
7_24_10 7, 15, 3, 11, 12, 4, 8
6_31_12 10, 2, 6, 14, 7, 15
2_13_10 9, 1
3_19_04 3, 11, 7
2_4_22 8, 16
5_6_06 5, 13, 1, 9, 2
4_2_14 8, 16, 4, 12
7_22_06 5, 13, 1, 9, 2, 10, 14
6_13_02 5, 13, 1, 9, 2, 10
7_3_14 8, 16, 4, 12, 1, 9, 13
4_25_10 8, 16, 4, 12
8_27_14 10, 2, 6, 14, 11, 3, 7, 15
1_20_14 12
1_9_12 9
4_25_10 8, 16, 4, 12
3_24_18 7, 15, 11
4_2_10 6, 14, 2, 10
8_26_22 14, 6, 10, 2, 15, 7, 11, 3
3_6_00 14, 6, 10
7_3_14 8, 16, 4, 12, 1, 9, 13
3_3_14 8, 16, 12
1_22_08 2
1_29_14 11
4_31_08 8, 16, 12
4_21_16 10, 2, 6, 14
5_12_22 14, 6, 10, 2, 3
3_14_22 11, 3, 7
5_13_16 12, 4, 8, 16, 9
4_3_08 5, 13, 1, 9
3_11_20 13, 5, 1
8_15_12 10, 2, 6, 14, 7, 15, 3, 11
4_4_16 9, 1, 5, 13
5_22_14 9, 1, 5, 13, 6
1_24_02 7
1_15_08 16
1_30_06 3
5_24_20 12, 4, 8, 16, 1
7_11_02 4, 12, 16, 8, 13, 5, 9
1_26_16 7
2_9_06 6, 14
4_14_14 11, 3, 7, 15
5_17_12 7, 15, 3, 11, 8
6_16_10 9, 1, 5, 13, 2, 10
8_8_14 9, 1, 5, 13, 10, 2, 6, 14
1_16_14 15
2_20_06 16, 8
3_1_20 11, 3, 7
4_21_02 3, 11, 15, 7
2_31_12 10, 2
1_18_20 7
2_1_14 8, 16
6_16_12 10, 2, 6, 14, 3, 11
1_14_12 6
2_1_14 8, 16
2_6_12 4, 12
7_26_00 3, 11, 15, 7, 16, 8, 12
7_15_20 14, 6, 10, 2, 3, 11, 15
3_8_10 3, 11, 7
7_13_00 4, 12, 16, 8, 1, 9, 13
5_2_06 4, 12, 16, 8, 1
7_23_22 13, 5, 9, 1, 6, 14, 2
6_29_22 15, 7, 11, 3, 12, 4
8_26_14 10, 2, 6, 14, 11, 3, 7, 15
6_25_02 4, 12, 16, 8, 5, 13
7_16_06 7, 15, 3, 11, 8, 16, 4
6_13_00 4, 12, 16, 8, 1, 9
5_23_14 9, 1, 5, 13, 2
2_10_08 3, 11
6_20_22 12, 4, 8, 16, 9, 1
6_26_16 11, 3, 7, 15, 8, 16
6_1_16 9, 1, 5, 13, 10, 2
4_15_10 9, 1, 5, 13
4_30_06 7, 15, 3, 11
8_22_10 7, 15, 3, 11, 8, 16, 4, 12
1_12_04 9
7_4_08 5, 13, 1, 9, 10, 2, 6
2_5_06 5, 13
7_1_06 4, 12, 16, 8, 5, 13, 1
5_26_00 3, 11, 15, 7, 16
7_22_10 7, 15, 3, 11, 4, 12, 16
5_20_02 2, 10, 14, 6, 7
7_15_18 13, 5, 9, 1, 2, 10, 14
1_31_04 14
6_4_12 7, 15, 3, 11, 4, 12
1_15_10 1
4_16_10 9, 1, 5, 13
1_2_16 5
2_7_16 10, 2
6_22_12 8, 16, 4, 12, 5, 13
3_22_00 14, 6, 10
8_3_08 5, 13, 1, 9, 6, 14, 2, 10
3_29_20 14, 6, 10
8_4_22 12, 4, 8, 16, 13, 5, 9, 1
1_25_10 8
4_29_00 4,12, 16, 8
7_20_18 10, 2, 6, 14, 15, 7, 11
8_20_08 5, 13, 1, 9, 6, 14, 2, 10
1_2_12 3
3_19_22 12, 4, 16
2_11_20 13, 5
6_2_12 7, 15, 3, 11, 4, 12
1_3_08 13
7_25_08 7, 15, 3, 11, 8, 16, 4
7_24_14 9, 1, 5, 13, 14, 6, 10
5_12_06 6, 14, 2, 10, 11
7_20_20 11, 3, 7, 15, 16, 8, 12
5_17_18 10, 2, 6, 14, 11
5_14_06 7, 15, 3, 11, 16
5_19_18 10, 2, 6, 14, 3
4_12_12 9, 1, 5, 13
2_14_18 9, 1
6_10_22 14, 6, 10, 2, 11, 3
8_15_22 15, 7, 11, 3, 12, 4, 8, 16
4_18_16 9, 1, 5, 13
4_6_08 6, 14, 2, 10
1_31_02 13
5_4_16 9, 1, 5, 13, 14
8_28_18 12, 4, 8, 16, 13, 5, 9, 1
3_24_02 15, 7, 3
8_4_10 6, 14, 2, 10, 7, 15, 3, 11
7_18_14 8, 16, 4, 12, 5, 13, 1
2_4_00 13, 5
1_28_14 14
2_5_18 11, 3
2_6_02 15, 7
4_4_04 3, 11, 15, 7
5_24_10 7, 15, 3, 11, 12
7_2_22 12, 4, 8, 16, 9, 1, 5
1_28_16 15
2_9_16 11, 3
2_15_12 10, 2
6_30_18 13, 5, 9, 1, 6, 14
6_27_00 3, 11, 15, 7, 4, 12
7_4_10 6, 14, 2, 10, 11, 3, 7
1_22_18 7
6_17_22 12, 4, 8, 16, 13, 5
4_30_06 7, 15, 3, 11
8_20_16 9, 1, 5, 13, 10, 2, 6, 14
3_20_14 4, 12, 8
3_8_20 8, 16, 12
6_31_08 8, 16, 4, 12, 5, 13
3_9_20 13, 5, 9
1_29_14 11
2_13_04 6, 14
1_23_14 1
2_8_02 15, 7
6_19_20 11, 3, 7, 15, 12, 4
2_8_12 4, 12
3_2_06 16, 8, 12
5_6_06 5, 13, 1, 9, 2
1_20_14 12
3_9_08 7, 15, 3
1_11_20 5
2_31_08 8, 16
2_23_08 6, 14
3_12_20 9, 1, 13
2_1_08 5, 13
7_28_08 7, 15, 3, 11, 12, 4, 8
2_1_02 2, 10
3_24_16 6, 14, 10
6_1_18 10, 2, 6, 14, 11, 3
8_30_06 7, 15, 3, 11, 4, 12, 16, 8
8_19_16 9, 1, 5, 13, 10, 2, 6, 14
6_25_22 14, 6, 10, 2, 15, 7
4_13_14 11, 3, 7, 15
3_23_18 11, 3, 15
6_6_20 12, 4, 8, 16, 9, 1
1_2_02 14
4_9_06 6, 14, 2, 10
1_19_16 1
3_30_06 3, 11, 15
7_10_16 11, 3, 7, 15, 8, 16, 4
8_12_00 3, 11, 15, 7, 4, 12, 16, 8
6_23_20 12, 4, 8, 16, 13, 5
8_30_04 6, 14, 2, 10, 3, 11, 15, 7
2_25_12 9, 1
2_7_00 2, 10
2_15_16 12, 4
7_29_18 13, 5, 9, 1, 10, 2, 6
3_12_00 15, 7, 3
7_9_02 4, 12, 16, 8, 5, 13, 1
8_9_22 14, 6, 10, 2, 15, 7, 11, 3
7_31_02 5, 13, 1, 9, 10, 2, 6
4_3_16 9, 1, 5, 13
2_28_20 9, 1
7_22_12 8, 16, 4, 12, 5, 13, 1
3_23_08 6, 14, 10
2_10_20 9, 1
5_17_10 6, 14, 2, 10, 7
3_27_12 9, 1, 13
3_18_06 16, 8, 12
1_21_12 8
5_24_14 9, 1, 5, 13, 14
7_9_00 3, 11, 15, 7, 4, 12, 16
2_5_06 5, 13
1_30_14 7
2_10_12 5, 13
4_7_16 10, 2, 6, 14
1_11_12 1
8_21_00 2, 10, 14, 6, 3, 11, 15, 7
1_5_22 13
5_2_00 1, 9, 13, 5, 14
7_23_14 9, 1, 5, 13, 2, 10, 14
2_20_10 2, 10
5_5_04 4, 12, 16, 8, 5
8_22_14 9, 1, 5, 13, 10, 2, 6, 14
7_15_06 7, 15, 3, 11, 12, 4, 8
1_5_18 11
3_26_00 15, 7, 11
7_14_08 8, 16, 4, 12, 1, 9, 13
2_22_14 5, 13
2_4_12 3, 11
1_21_14 9
8_28_22 14, 6, 10, 2, 15, 7, 11, 3
2_9_00 3, 11
1_10_18 8
2_25_02 4, 12
4_10_14 10, 2, 6, 14
5_3_04 3, 11, 15, 7, 12
5_31_10 9, 1, 5, 13, 14
3_31_16 12, 4, 16
3_2_02 14, 6, 10
8_24_16 10, 2, 6, 14, 11, 3, 7, 15
5_3_08 5, 13, 1, 9, 14
8_12_06 6, 14, 2, 10, 7, 15, 3, 11
7_29_22 15, 7, 11, 3, 12, 4, 8
2_7_18 11, 3
4_12_12 9, 1, 5, 13
8_21_16 10, 2, 6, 14, 11, 3, 7, 15
1_16_02 9
7_5_20 12, 4, 8, 16, 13, 5, 9
4_14_06 7, 15, 3, 11
5_6_02 3, 11, 15, 7, 16
5_12_16 11, 3, 7, 15, 16
1_21_14 9
2_14_20 10, 2
1_12_12 13
5_4_16 9, 1, 5, 13, 14
7_31_00 4, 12, 16, 8, 9, 1, 5
6_13_20 14, 6, 10, 2, 11, 3
6_24_06 5, 13, 1, 9, 2, 10
4_1_22 12, 4, 8, 16
3_18_10 2, 10, 14
8_23_10 7, 15, 3, 11, 8, 16, 4, 12
6_2_12 7, 15, 3, 11, 4, 12
5_14_04 6, 14, 2, 10, 15
7_30_04 6, 14, 2, 10, 15, 7, 11
2_12_12 5, 13
4_16_20 14, 6, 10, 2
7_1_00 1, 9, 13, 5, 2, 10, 14
4_29_22 15, 7, 11, 3
2_30_06 3, 11
8_15_10 9, 1, 5, 13, 6, 14, 2, 10
7_18_10 6, 14, 2, 10, 3, 11, 15
6_19_10 6, 14, 2, 10, 7, 15
7_2_06 4, 12, 16, 8, 1, 9, 13
5_31_16 12, 4, 8, 16, 1
5_31_16 12, 4, 8, 16, 1
2_14_06 3, 11
4_8_10 7, 15, 3, 11
7_25_18 12, 4, 8, 16, 13, 5, 9
8_7_20 12, 4, 8, 16, 13, 5, 9, 1
1_12_22 2
2_17_20 11, 3
8_15_06 7, 15, 3, 11, 4, 12, 16, 8
1_4_06 8
1_18_16 5
2_2_08 1, 9
3_24_10 3, 11, 7
2_17_18 10, 2
5_12_22 14, 6, 10, 2, 3
6_13_16 12, 4, 8, 16, 9, 1
2_30_16 8, 16
8_17_06 4, 12, 16, 8, 5, 13, 1, 9
1_13_00 4
8_5_10 7, 15, 3, 11, 8, 16, 4, 12
3_23_12 8, 16, 12
6_2_14 8, 16, 4, 12, 5, 13
3_28_16 7, 15, 11
1_31_12 2
7_31_20 14, 6, 10, 2, 3, 11, 15
4_6_06 5, 13, 1, 9
8_5_14 9, 1, 5, 13, 10, 2, 6, 14
8_3_22 12, 4, 8, 16, 13, 5, 9, 1
8_26_16 11, 3, 7, 15, 12, 4, 8, 16
4_26_16 11, 3, 7, 15
8_27_02 4, 12, 16, 8, 5, 13, 1, 9
2_27_08 7, 15
7_6_16 10, 2, 6, 14, 7, 15, 3
6_30_00 4, 12, 16, 8, 13, 5
7_24_16 10, 2, 6, 14, 15, 7, 11
5_4_00 1, 9, 13, 5, 6
1_26_12 5
7_18_08 5, 13, 1, 9, 2, 10, 14
6_25_10 8, 16, 4, 12, 9, 1
6_26_08 7, 15, 3, 11, 4, 12
4_2_14 8, 16, 4, 12
3_27_08 7, 15, 11
8_18_10 6, 14, 2, 10, 7, 15, 3, 11
2_17_22 12, 4
3_15_14 11, 3, 15
1_1_10 6
3_26_20 9, 1, 5
7_3_20 11, 3, 7, 15, 4, 12, 16
6_15_10 9, 1, 5, 13, 6, 14
6_17_02 2, 10, 14, 6, 3, 11
4_1_16 9, 1, 5, 13
1_23_18 3
4_28_12 9, 1, 5, 13
5_5_14 9, 1, 5, 13, 10
7_28_10 8, 16, 4, 12, 13, 5, 9
6_6_10 7, 15, 3, 11, 4, 12
1_25_02 4
5_30_04 6, 14, 2, 10, 15
3_12_00 15, 7, 3
8_22_04 4, 12, 16, 8, 5, 13, 1, 9
2_19_06 4, 12
6_21_10 7, 15, 3, 11, 8, 16
7_14_22 15, 7, 11, 3, 8, 16, 4
6_7_06 5, 13, 1, 9, 6, 14
8_9_12 9, 1, 5, 13, 10, 2, 6, 14
4_23_10 7, 15, 3, 11
1_4_04 7
3_29_22 15, 7, 11
7_14_12 10, 2, 6, 14, 3, 11, 15
6_15_04 6, 14, 2, 10, 3, 11
1_15_02 13
4_25_08 7, 15, 3, 11
8_28_22 14, 6, 10, 2, 15, 7, 11, 3
1_1_06 4
6_17_04 3, 11, 15, 7, 4, 12
4_11_08 7, 15, 3, 11
4_30_22 15, 7, 11, 3
4_18_02 2, 10, 14, 6
5_24_18 11, 3, 7, 15, 16
1_24_02 7
8_29_14 11, 3, 7, 15, 8, 16, 4, 12
7_20_18 10, 2, 6, 14, 15, 7, 11
6_24_08 6, 14, 2, 10, 3, 11
3_1_10 6, 14, 2
3_10_20 9, 1, 5
5_27_00 3, 11, 15, 7, 12
5_15_12 10, 2, 6, 14, 15
5_17_12 7, 15, 3, 11, 8
7_13_02 5, 13, 1, 9, 2, 10, 14
1_6_20 8
8_20_22 12, 4, 8, 16, 13, 5, 9, 1
5_28_02 4, 12, 16, 8, 9
3_28_22 10, 2, 14
7_8_14 9, 1, 5, 13, 14, 6, 10
5_20_10 6, 14, 2, 10, 11
2_23_08 6, 14
4_18_10 6, 14, 2, 10
7_17_10 6, 14, 2, 10, 7, 15, 3
3_5_22 13, 5, 9
2_23_04 4, 12
8_25_00 3, 11, 15, 7, 4, 12, 16, 8
1_9_12 9
7_7_18 11, 3, 7, 15, 4, 12, 16
8_12_04 5, 13, 1, 9, 6, 14, 2, 10
1_5_06 5
4_21_22 13, 5, 9, 1
7_20_16 9, 1, 5, 13, 14, 6, 10
7_18_00 1, 9, 13, 5, 14, 6, 10
4_17_20 11, 3, 7, 15
8_5_12 8, 16, 4, 12, 9, 1, 5, 13
3_19_18 10, 2, 14
2_17_08 5, 13
5_21_08 6, 14, 2, 10, 7
6_29_14 11, 3, 7, 15, 8, 16
1_21_10 7
8_17_20 11, 3, 7, 15, 12, 4, 8, 16
4_13_12 10, 2, 6, 14
5_20_02 2, 10, 14, 6, 7
6_23_22 13, 5, 9, 1, 14, 6
5_17_20 11, 3, 7, 15, 12
3_25_22 14, 6, 10
3_22_00 14, 6, 10
7_22_22 13, 5, 9, 1, 10, 2, 6
2_25_18 12, 4
5_7_08 6, 14, 2, 10, 15
1_28_08 11
4_8_02 3, 11, 15, 7
3_28_08 3, 11, 7
6_12_10 8, 16, 4, 12, 5, 13
2_22_00 14, 6
3_4_14 4, 12, 8
2_12_04 1, 9
8_26_12 9, 1, 5, 13, 10, 2, 6, 14
2_2_22 8, 16
7_5_04 4, 12, 16, 8, 5, 13, 1
6_18_20 11, 3, 7, 15, 8, 16
3_5_04 4, 12, 16
5_21_10 7, 15, 3, 11, 8
2_15_22 15, 7
4_22_10 7, 15, 3, 11
5_14_22 15, 7, 11, 3, 8
4_26_14 10, 2, 6, 14
3_1_08 5, 13, 1
7_6_16 10, 2, 6, 14, 7, 15, 3
2_6_16 6, 14
5_7_10 7, 15, 3, 11, 16
8_31_08 8, 16, 4, 12, 5, 13, 1, 9
4_21_22 13, 5, 9, 1
3_1_14 8, 16, 4
8_4_14 8, 16, 4, 12, 9, 1, 5, 13
6_19_20 11, 3, 7, 15, 12, 4
7_3_10 6, 14, 2, 10, 15, 7, 11
3_31_06 7, 15, 11
6_1_08 5, 13, 1, 9, 6, 14
6_12_20 13, 5, 9, 1, 10, 2
6_18_06 4, 12, 16, 8, 1, 9
4_24_16 10, 2, 6, 14
7_22_06 5, 13, 1, 9, 2, 10, 14
2_18_16 5, 13
8_18_10 6, 14, 2, 10, 7, 15, 3, 11
6_20_22 12, 4, 8, 16, 9, 1
3_31_02 5, 13, 9
5_24_20 12, 4, 8, 16, 1
2_30_06 3, 11
3_18_16 5, 13, 1
6_27_04 5, 13, 1, 9, 6, 14
7_7_06 5, 13, 1, 9, 14, 6, 10
5_1_02 2, 10, 14, 6, 3
5_22_10 7, 15, 3, 11, 4
7_11_10 8, 16, 4, 12, 1, 9, 13
8_6_02 3, 11, 15, 7, 4, 12, 16, 8
6_2_00 1, 9, 13, 5, 14, 6
8_4_20 11, 3, 7, 15, 12, 4, 8, 16
4_17_20 11, 3, 7, 15
1_25_14 10
4_30_14 11, 3, 7, 15
6_14_02 5, 13, 1, 9, 14, 6
3_11_14 10, 2, 14
2_13_14 11, 3
5_22_02 3, 11, 15, 7, 16
7_22_04 4, 12, 16, 8, 1, 9, 13
5_9_14 10, 2, 6, 14, 11
7_19_18 10, 2, 6, 14, 3, 11, 15
4_16_16 12, 4, 8, 16
4_16_22 15, 7, 11, 3
8_19_16 9, 1, 5, 13, 10, 2, 6, 14
8_21_04 4, 12, 16, 8, 5, 13, 1, 9
8_2_20 11, 3, 7, 15, 12, 4, 8, 16
3_11_00 3, 11, 7
4_11_06 6, 14, 2, 10
2_29_04 6, 14
6_4_02 2, 10, 14, 6, 15, 7
5_22_16 10, 2, 6, 14, 7
1_19_08 13
3_7_10 7, 15, 11
3_11_02 4, 12, 8
6_24_04 4, 12, 16, 8, 1, 9
6_17_02 2, 10, 14, 6, 3, 11
4_26_08 7, 15, 3, 11
8_10_12 9, 1, 5, 13, 10, 2, 6, 14
7_6_00 2, 10, 14, 6, 15, 7, 11
2_14_10 5, 13
4_12_00 3, 11, 15, 7
5_16_00 4, 12, 16, 8, 5
3_27_02 4, 12, 8
4_5_04 4, 12, 16, 8
6_24_04 4, 12, 16, 8, 1, 9
1_28_12 13
7_18_16 9, 1, 5, 13, 6, 14, 2
3_18_06 16, 8, 12
5_15_12 10, 2, 6, 14, 15
3_25_18 12, 4, 8
1_10_22 10
8_10_22 14, 6, 10, 2, 15, 7, 11, 3
4_13_04 6, 14, 2, 10
2_20_00 13, 5
8_7_16 10, 2, 6, 14, 11, 3, 7, 15
1_25_22 14
7_27_22 14, 6, 10, 2, 7, 15, 3
2_19_12 7, 15
5_27_10 8, 16, 4, 12, 1
6_22_20 12, 4, 8, 16, 9, 1
4_29_12 10, 2, 6, 14
5_10_02 4, 12, 16, 8, 1
1_18_22 8
4_19_18 10, 2, 6, 14
6_31_20 14, 6, 10, 2, 11, 3
2_28_08 3, 11
7_31_14 11, 3, 7, 15, 16, 8, 12
8_2_04 3, 11, 15, 7, 4, 12, 16, 8
2_13_00 4,12
2_9_04 5, 13
8_22_06 5, 13, 1, 9, 6, 14, 2, 10
2_5_00 2, 10
3_2_16 5, 13, 1
3_15_20 14, 6, 2
8_16_16 12, 4, 8, 16, 9, 1, 5, 13
3_28_14 6, 14, 10
2_3_08 5, 13
1_5_00 2
5_23_08 6, 14, 2, 10, 15
6_18_14 8, 16, 4, 12, 5, 13
8_16_00 4, 12, 16, 8, 1, 9, 13, 5
5_5_10 7, 15, 3, 11, 8
3_28_10 4, 12, 8
8_15_20 14, 6, 10, 2, 11, 3, 7, 15
8_14_18 13, 5, 9, 1, 10, 2, 6, 14
2_15_16 12, 4
8_17_12 7, 15, 3, 11, 8, 16, 4, 12
4_26_12 9, 1, 5, 13
1_18_10 2
1_19_02 10
2_17_00 1, 9
2_4_16 5, 13
7_7_18 11, 3, 7, 15, 4, 12, 16
8_24_02 3, 11, 15, 7, 4, 12, 16, 8
5_4_10 6, 14, 2, 10, 11
2_20_12 3, 11
2_26_02 16, 8
3_4_04 15, 7, 3
3_3_20 11, 3, 15
7_17_06 4, 12, 16, 8, 5, 13, 1
6_16_06 7, 15, 3, 11, 16, 8
7_11_06 6, 14, 2, 10, 15, 7, 11
5_7_12 8, 16, 4, 12, 1
6_6_06 5, 13, 1, 9, 2, 10
4_29_08 8, 16, 4, 12
1_16_10 13
7_15_22 15, 7, 11, 3, 4, 12, 16
6_21_10 7, 15, 3, 11, 8, 16
3_21_00 2, 10, 14
6_5_20 12, 4, 8, 16, 13, 5
6_1_00 1, 9, 13, 5, 2, 10
1_30_00 16
4_10_08 7, 15, 3, 11
1_4_10 10
5_28_08 7, 15, 3, 11, 12
8_4_08 5, 13, 1, 9, 6, 14, 2, 10
5_27_16 11, 3, 7, 15, 4
3_8_10 3, 11, 7
7_2_16 9, 1, 5, 13, 6, 14, 2
5_29_02 5, 13, 1, 9, 2
6_25_18 12, 4, 8, 16, 13, 5
2_6_04 16, 8
6_29_12 10, 2, 6, 14, 7, 15
5_6_22 13, 5, 9, 1, 10
1_15_22 7
1_31_02 13
3_13_04 6, 14, 2
2_10_08 3, 11
2_27_20 13, 5
3_14_00 16, 8, 12
7_30_12 10, 2, 6, 14, 3, 11, 15
1_6_06 1
3_28_10 4, 12, 8
2_25_02 4, 12
6_27_06 6, 14, 2, 10, 7, 15
8_1_06 4, 12, 16, 8, 5, 13, 1, 9
3_13_10 9, 1, 5
2_19_00 1, 9
8_2_20 11, 3, 7, 15, 12, 4, 8, 16
3_23_04 4, 12, 8
2_4_18 6, 14
4_12_14 10, 2, 6, 14
6_18_04 3, 11, 15, 7, 16, 8
7_6_04 4, 12, 16, 8, 1, 9, 13
1_23_14 1
6_29_08 8, 16, 4, 12, 5, 13
3_24_06 1, 9, 5
8_24_12 8, 16, 4, 12, 9, 1, 5, 13
7_25_02 4, 12, 16, 8, 5, 13, 1
3_14_08 4, 12, 16
6_7_12 8, 16, 4, 12, 9, 1
3_18_12 3, 11, 15
5_26_02 4, 12, 16, 8, 1
6_16_06 7, 15, 3, 11, 16, 8
7_16_22 15, 7, 11, 3, 16, 8, 12
4_30_12 10, 2, 6, 14
7_14_08 8, 16, 4, 12, 1, 9, 13
4_19_08 5, 13, 1, 9
3_18_16 5, 13, 1
3_5_04 4, 12, 16
7_23_22 13, 5, 9, 1, 6, 14, 2
5_24_16 10, 2, 6, 14, 15
7_21_12 8, 16, 4, 12, 9, 1, 5
2_18_20 7, 15
1_7_10 15
6_14_10 9, 1, 5, 13, 2, 10
2_21_06 5, 13
3_9_12 9, 1, 5
5_18_02 2, 10, 14, 6, 15
6_5_00 2, 10, 14, 6, 3, 11
7_13_00 4, 12, 16, 8, 1, 9, 13
6_24_00 2, 10, 14, 6, 15, 7
5_21_10 7, 15, 3, 11, 8
2_13_02 5, 13
6_13_10 9, 1, 5, 13, 6, 14
2_30_04 2, 10
1_22_16 6
5_11_08 7, 15, 3, 11, 16
1_30_02 1
7_13_06 7, 15, 3, 11, 4, 12, 16
6_12_12 9, 1, 5, 13, 6, 14
3_9_00 3, 11, 15
3_15_10 9, 1, 13
5_2_18 10, 2, 6, 14, 7
5_24_04 4, 12, 16, 8, 9
8_13_10 9, 1, 5, 13, 6, 14, 2, 10
3_1_10 6, 14, 2
5_13_18 13, 5, 9, 1, 10
2_3_16 9, 1
8_20_16 9, 1, 5, 13, 10, 2, 6, 14
3_24_02 15, 7, 3
2_20_08 1, 9
7_5_06 5, 13, 1, 9, 6, 14, 2
1_14_20 10
8_8_14 9, 1, 5, 13, 10, 2, 6, 14
5_12_08 7, 15, 3, 11, 12
1_25_08 7
1_16_12 14
1_22_18 7
1_3_10 14
7_23_12 8, 16, 4, 12, 1, 9, 13
1_8_10 11
4_17_00 1, 9, 13, 5
6_20_04 3, 11, 15, 7, 16, 8
6_6_06 5, 13, 1, 9, 2, 10
1_23_02 11
4_28_08 7, 15, 3, 11
3_19_16 9, 1, 13
8_22_18 11, 3, 7, 15, 12, 4, 8, 16
7_27_22 14, 6, 10, 2, 7, 15, 3
6_16_08 8, 16, 4, 12, 1, 9
6_7_20 12, 4, 8, 16, 13, 5
4_3_14 8, 16, 4, 12
2_19_00 1, 9
2_11_22 14, 6
6_9_02 4, 12, 16, 8, 5, 13
3_2_08 1, 9, 13
3_25_16 11, 3, 7
4_31_14 11, 3, 7, 15
7_20_08 5, 13, 1, 9, 10, 2, 6
2_11_22 14, 6
4_11_10 8, 16, 4, 12
5_18_04 3, 11, 15, 7, 16
2_31_14 11, 3
1_27_06 14
1_29_02 5
3_1_18 10, 2, 6
2_28_18 8, 16
7_13_16 12, 4, 8, 16, 9, 1, 5
3_12_22 10, 2, 14
2_20_20 7, 15
1_2_20 7
4_5_00 2, 10, 14, 6
6_10_14 10, 2, 6, 14, 7, 15
1_8_06 9
8_17_16 9, 1, 5, 13, 10, 2, 6, 14
7_15_12 10, 2, 6, 14, 15, 7, 11
5_26_00 3, 11, 15, 7, 16
1_24_20 16
6_25_16 11, 3, 7, 15, 12, 4
1_20_22 16
5_29_14 11, 3, 7, 15, 8
6_3_08 5, 13, 1, 9, 6, 14
8_5_16 10, 2, 6, 14, 11, 3, 7, 15
2_16_12 6, 14
1_2_06 16
7_24_14 9, 1, 5, 13, 14, 6, 10
3_11_20 13, 5, 1
3_1_18 10, 2, 6
4_30_00 4,12, 16, 8
3_18_22 8, 16, 4
7_6_12 8, 16, 4, 12, 5, 13, 1
6_21_14 9, 1, 5, 13, 10, 2
6_19_10 6, 14, 2, 10, 7, 15
8_13_10 9, 1, 5, 13, 6, 14, 2, 10
4_20_16 9, 1, 5, 13
7_30_02 5, 13, 1, 9, 14, 6, 10
5_13_20 14, 6, 10, 2, 11
5_7_14 9, 1, 5, 13, 2
1_21_10 7
5_31_04 6, 14, 2, 10, 11
6_1_02 2, 10, 14, 6, 3, 11
4_8_00 2, 10, 14, 6
5_4_16 9, 1, 5, 13, 14
6_5_08 6, 14, 2, 10, 7, 15
2_6_02 15, 7
3_11_06 6, 14, 10
1_5_14 9
3_13_00 4,12, 16
6_3_16 9, 1, 5, 13, 10, 2
6_22_10 7, 15, 3, 11, 4, 12
1_30_04 2
4_30_08 8, 16, 4, 12
6_31_14 11, 3, 7, 15, 8, 16
1_24_02 7
2_13_18 13, 5
3_27_12 9, 1, 13
7_11_00 3, 11, 15, 7, 12, 4, 8
6_15_22 15, 7, 11, 3, 12, 4
7_11_00 3, 11, 15, 7, 12, 4, 8
1_8_00 6
8_26_22 14, 6, 10, 2, 15, 7, 11, 3
4_10_18 12, 4, 8, 16
7_25_04 5, 13, 1, 9, 6, 14, 2
1_7_04 12
5_19_04 3, 11, 15, 7, 12
1_11_16 3
6_2_06 4, 12, 16, 8, 1, 9
3_17_06 4, 12, 16
5_30_04 6, 14, 2, 10, 15
8_16_22 15, 7, 11, 3, 12, 4, 8, 16
2_9_14 10, 2
8_14_12 10, 2, 6, 14, 7, 15, 3, 11
7_18_08 5, 13, 1, 9, 2, 10, 14
7_17_18 10, 2, 6, 14, 11, 3, 7
3_27_08 7, 15, 11
7_1_10 6, 14, 2, 10, 7, 15, 3
8_2_18 10, 2, 6, 14, 11, 3, 7, 15
7_6_20 12, 4, 8, 16, 9, 1, 5
2_17_12 7, 15
1_8_14 13
8_21_02 3, 11, 15, 7, 4, 12, 16, 8
2_6_12 4, 12
8_28_06 6, 14, 2, 10, 7, 15, 3, 11
3_14_02 1, 9, 13
6_20_02 2, 10, 14, 6, 15, 7
6_21_00 2, 10, 14, 6, 3, 11
3_13_12 10, 2, 6
3_17_22 12, 4, 8
3_27_00 3, 11, 7
2_24_12 4, 12
4_31_04 6, 14, 2, 10
4_3_10 6, 14, 2, 10
1_30_10 5
7_15_02 5, 13, 1, 9, 10, 2, 6
1_2_12 3
5_18_08 5, 13, 1, 9, 2
3_28_14 6, 14, 10
3_4_16 5, 13, 9
3_11_22 14, 6, 2
6_4_10 6, 14, 2, 10, 3, 11
7_18_22 12, 4, 8, 16, 9, 1, 5
5_5_08 6, 14, 2, 10, 7
6_12_14 10, 2, 6, 14, 7, 15
5_29_20 14, 6, 10, 2, 11
3_2_08 1, 9, 13
2_25_06 6, 14
2_2_16 5, 13
2_16_02 1, 9
8_10_16 11, 3, 7, 15, 12, 4, 8, 16
4_28_16 11, 3, 7, 15
3_7_08 6, 14, 10
5_15_08 8, 16, 4, 12, 13
2_7_22 13, 5
2_11_06 6, 14
2_5_14 9, 1
7_13_08 8, 16, 4, 12, 5, 13, 1
8_31_06 7, 15, 3, 11, 4, 12, 16, 8
6_3_04 3, 11, 15, 7, 4, 12
7_2_12 7, 15, 3, 11, 4, 12, 16
3_28_02 16, 8, 4
7_24_04 4, 12, 16, 8, 9, 1, 5
2_29_10 9, 1
8_20_22 12, 4, 8, 16, 13, 5, 9, 1
5_22_00 2, 10, 14, 6, 15
6_12_04 5, 13, 1, 9, 2, 10
4_29_18 13, 5, 9, 1
8_7_14 9, 1, 5, 13, 10, 2, 6, 14
2_24_10 3, 11
8_10_18 12, 4, 8, 16, 13, 5, 9, 1
6_5_02 3, 11, 15, 7, 4, 12
8_31_12 10, 2, 6, 14, 7, 15, 3, 11
5_23_14 9, 1, 5, 13, 2
1_23_20 4
5_7_06 5, 13, 1, 9, 14
8_2_02 2, 10, 14, 6, 3, 11, 15, 7
6_10_00 3, 11, 15, 7, 16, 8
2_10_06 2, 10
8_10_10 8, 16, 4, 12, 9, 1, 5, 13
1_23_00 10
7_31_10 9, 1, 5, 13, 14, 6, 10
5_27_04 5, 13, 1, 9, 14
8_26_02 4, 12, 16, 8, 5, 13, 1, 9
5_25_00 3, 11, 15, 7, 4
2_5_00 2, 10
5_25_18 12, 4, 8, 16, 13
4_7_18 11, 3, 7, 15
5_16_20 14, 6, 10, 2, 15
7_18_20 11, 3, 7, 15, 8, 16, 4
7_16_12 10, 2, 6, 14, 11, 3, 7
8_20_10 6, 14, 2, 10, 7, 15, 3, 11
3_3_06 4, 12, 8
1_14_12 6
6_18_22 12, 4, 8, 16, 9, 1
5_9_12 9, 1, 5, 13, 10
8_20_10 6, 14, 2, 10, 7, 15, 3, 11
3_27_10 8, 16, 12
3_6_10 3, 11, 15
1_4_04 7
5_8_18 11, 3, 7, 15, 16
7_5_04 4, 12, 16, 8, 5, 13, 1
1_2_06 16
4_10_00 3, 11, 15, 7
1_8_06 9
2_14_12 6, 14
6_21_10 7, 15, 3, 11, 8, 16
4_18_18 10, 2, 6, 14
2_15_04 6, 14
4_29_04 6, 14, 2, 10
1_8_04 8
3_13_14 11, 3, 7
8_22_08 6, 14, 2, 10, 7, 15, 3, 11
5_23_20 12, 4, 8, 16, 5
3_2_14 4, 12, 16
2_13_06 7, 15
1_14_10 5
6_13_06 7, 15, 3, 11, 4, 12
8_24_00 2, 10, 14, 6, 3, 11, 15, 7
2_28_06 2, 10
8_1_04 3, 11, 15, 7, 4, 12, 16, 8
4_14_22 15, 7, 11, 3
4_6_00 2, 10, 14, 6
3_16_14 7, 15, 11
2_14_10 5, 13
2_9_04 5, 13
6_1_14 8, 16, 4, 12, 9, 1
6_8_02 3, 11, 15, 7, 16, 8
2_11_20 13, 5
4_27_16 11, 3, 7, 15
5_4_10 6, 14, 2, 10, 11
7_15_08 8, 16, 4, 12, 13, 5, 9
5_24_12 8, 16, 4, 12, 13
6_23_12 8, 16, 4, 12, 9, 1
3_14_16 8, 16, 4
8_17_06 4, 12, 16, 8, 5, 13, 1, 9
5_18_22 12, 4, 8, 16, 9
2_11_02 4, 12
3_10_18 8, 16, 4
7_23_20 12, 4, 8, 16, 5, 13, 1
5_18_20 11, 3, 7, 15, 8
7_28_22 14, 6, 10, 2, 3, 11, 15
4_31_20 14, 6, 10, 2
2_29_04 6, 14
6_25_16 11, 3, 7, 15, 12, 4
2_22_00 14, 6
2_12_12 5, 13
3_23_22 13, 5, 1
3_23_12 8, 16, 12
8_20_06 4, 12, 16, 8, 5, 13, 1, 9
5_5_10 7, 15, 3, 11, 8
2_2_16 5, 13
4_5_02 3, 11, 15, 7
8_4_14 8, 16, 4, 12, 9, 1, 5, 13
5_28_20 13, 5, 9, 1, 2
1_24_10 11
1_24_16 14
2_26_14 6, 14
2_17_08 5, 13
4_20_12 7, 15, 3, 11
6_30_22 15, 7, 11, 3, 8, 16
3_30_06 3, 11, 15
8_31_14 11, 3, 7, 15, 8, 16, 4, 12
5_5_02 3, 11, 15, 7, 4
1_21_18 11
6_22_14 9, 1, 5, 13, 6, 14
6_4_12 7, 15, 3, 11, 4, 12
2_27_04 5, 13
5_31_14 11, 3, 7, 15, 16
1_5_20 12
1_20_06 8
4_28_04 5, 13, 1, 9
2_7_06 5, 13
5_27_20 13, 5, 9, 1, 6
6_28_00 3, 11, 15, 7, 16, 8
7_15_02 5, 13, 1, 9, 10, 2, 6
5_31_06 7, 15, 3, 11, 12
1_21_08 6
5_18_14 8, 16, 4, 12, 5
7_27_18 12, 4, 8, 16, 5, 13, 1
2_14_16 8, 16
7_29_06 7, 15, 3, 11, 4, 12, 16
7_12_06 6, 14, 2, 10, 11, 3, 7
3_14_16 8, 16, 4
4_13_14 11, 3, 7, 15
1_17_00 1
5_6_18 11, 3, 7, 15, 8
2_2_06 16, 8
7_6_06 5, 13, 1, 9, 2, 10, 14
7_18_14 8, 16, 4, 12, 5, 13, 1
5_6_00 2, 10, 14, 6, 15
8_22_16 10, 2, 6, 14, 11, 3, 7, 15
3_31_10 9, 1, 13
4_21_20 12, 4, 8, 16
2_10_16 7, 15
4_5_02 3, 11, 15, 7
4_21_20 12, 4, 8, 16
5_27_20 13, 5, 9, 1, 6
7_16_16 12, 4, 8, 16, 13, 5, 9
3_4_06 16, 8, 4
5_17_18 10, 2, 6, 14, 11
1_5_18 11
4_23_20 12, 4, 8, 16
8_23_02 3, 11, 15, 7, 4, 12, 16, 8
1_20_08 9
8_7_06 5, 13, 1, 9, 6, 14, 2, 10
5_30_14 11, 3, 7, 15, 4
1_30_02 1
7_3_08 5, 13, 1, 9, 14, 6, 10
4_25_16 11, 3, 7, 15
7_26_02 4, 12, 16, 8, 1, 9, 13
8_11_12 9, 1, 5, 13, 10, 2, 6, 14
8_31_00 4, 12, 16, 8, 1, 9, 13, 5
4_11_10 8, 16, 4, 12
4_3_10 6, 14, 2, 10
6_21_10 7, 15, 3, 11, 8, 16
7_24_18 11, 3, 7, 15, 16, 8, 12
3_17_16 9, 1, 5
3_10_06 2, 10, 14
6_6_12 8, 16, 4, 12, 5, 13
1_18_12 3
7_11_20 13, 5, 9, 1, 6, 14, 2
8_8_20 12, 4, 8, 16, 13, 5, 9, 1
6_3_12 7, 15, 3, 11, 8, 16
1_24_06 9
5_7_04 4, 12, 16, 8, 13
1_15_16 4
6_2_22 12, 4, 8, 16, 9, 1
4_19_04 3, 11, 15, 7
6_28_12 9, 1, 5, 13, 6, 14
4_11_14 10, 2, 6, 14
1_25_00 3
4_10_16 11, 3, 7, 15
3_25_12 9, 1, 5
7_1_00 1, 9, 13, 5, 2, 10, 14
6_9_10 8, 16, 4, 12, 9, 1
2_12_00 15, 7
7_23_04 4, 12, 16, 8, 13, 5, 9
3_13_08 8, 16, 4
5_10_14 10, 2, 6, 14, 7
5_6_20 12, 4, 8, 16, 9
6_20_18 10, 2, 6, 14, 7, 15
8_10_22 14, 6, 10, 2, 15, 7, 11, 3
2_4_16 5, 13
4_14_00 4,12, 16, 8
7_30_16 12, 4, 8, 16, 5, 13, 1
5_2_18 10, 2, 6, 14, 7
8_13_02 5, 13, 1, 9, 2, 10, 14, 6
1_11_08 15
