4_24_18 11, 3, 7, 15
3_28_18 8, 16, 12
3_7_14 9, 1, 13
5_21_04 4, 12, 16, 8, 5
7_25_22 14, 6, 10, 2, 15, 7, 11
5_10_02 4, 12, 16, 8, 1
7_26_06 6, 14, 2, 10, 3, 11, 15
8_19_14 8, 16, 4, 12, 9, 1, 5, 13
5_12_22 14, 6, 10, 2, 3
1_21_14 9
4_1_22 12, 4, 8, 16
1_30_12 6
6_26_04 5, 13, 1, 9, 2, 10
7_21_08 6, 14, 2, 10, 7, 15, 3
4_12_18 12, 4, 8, 16
5_26_02 4, 12, 16, 8, 1
3_9_22 14, 6, 10
1_10_10 4
5_31_14 11, 3, 7, 15, 16
5_25_20 13, 5, 9, 1, 14
5_31_06 7, 15, 3, 11, 12
3_23_10 7, 15, 11
5_31_04 6, 14, 2, 10, 11
5_9_00 3, 11, 15, 7, 4
5_9_18 12, 4, 8, 16, 13
8_19_06 4, 12, 16, 8, 5, 13, 1, 9
8_3_00 1, 9, 13, 5, 2, 10, 14, 6
1_11_14 2
3_3_18 10, 2, 14
7_12_08 7, 15, 3, 11, 12, 4, 8
7_29_16 12, 4, 8, 16, 9, 1, 5
5_28_16 11, 3, 7, 15, 16
8_5_06 5, 13, 1, 9, 6, 14, 2, 10
8_31_16 12, 4, 8, 16, 9, 1, 5, 13
8_2_20 11, 3, 7, 15, 12, 4, 8, 16
2_2_16 5, 13
3_22_00 14, 6, 10
1_22_18 7
3_6_16 6, 14, 2
3_29_16 12, 4, 8
4_1_12 7, 15, 3, 11
1_17_08 5
8_23_04 4, 12, 16, 8, 5, 13, 1, 9
4_10_04 5, 13, 1, 9
6_6_08 6, 14, 2, 10, 3, 11
2_13_02 5, 13
4_5_04 4, 12, 16, 8
7_16_02 5, 13, 1, 9, 6, 14, 2
3_21_20 12, 4, 8
8_3_20 11, 3, 7, 15, 12, 4, 8, 16
4_24_04 4, 12, 16, 8
5_7_12 8, 16, 4, 12, 1
8_12_04 5, 13, 1, 9, 6, 14, 2, 10
6_24_02 3, 11, 15, 7, 16, 8
4_28_10 8, 16, 4, 12
2_9_20 13, 5
3_9_14 10, 2, 6
6_6_14 9, 1, 5, 13, 6, 14
4_31_22 15, 7, 11, 3
3_22_20 8, 16, 4
7_7_12 8, 16, 4, 12, 1, 9, 13
5_16_00 4, 12, 16, 8, 5
7_20_20 11, 3, 7, 15, 16, 8, 12
1_8_16 14
2_26_16 7, 15
8_4_10 6, 14, 2, 10, 7, 15, 3, 11
5_11_04 5, 13, 1, 9, 14
3_7_06 5, 13, 9
8_8_14 9, 1, 5, 13, 10, 2, 6, 14
6_20_08 5, 13, 1, 9, 2, 10
4_8_12 8, 16, 4, 12
2_18_02 14, 6
2_1_18 10, 2
4_25_00 3, 11, 15, 7
4_6_10 7, 15, 3, 11
1_15_10 1
5_21_12 8, 16, 4, 12, 9
2_21_14 9, 1
3_1_16 9, 1, 5
7_4_18 10, 2, 6, 14, 15, 7, 11
8_22_00 2, 10, 14, 6, 3, 11, 15, 7
1_3_04 11
3_20_12 3, 11, 7
6_8_00 2, 10, 14, 6, 15, 7
4_19_10 6, 14, 2, 10
3_10_06 2, 10, 14
3_8_22 9, 1, 13
4_12_00 3, 11, 15, 7
6_16_08 8, 16, 4, 12, 1, 9
5_28_06 6, 14, 2, 10, 11
4_25_06 6, 14, 2, 10
1_30_00 16
1_11_12 1
4_26_00 3, 11, 15, 7
7_23_10 7, 15, 3, 11, 16, 8, 12
2_30_18 9, 1
6_18_16 9, 1, 5, 13, 6, 14
6_29_10 9, 1, 5, 13, 6, 14
6_13_18 13, 5, 9, 1, 10, 2
5_25_20 13, 5, 9, 1, 14
8_27_10 8, 16, 4, 12, 9, 1, 5, 13
8_4_20 11, 3, 7, 15, 12, 4, 8, 16
1_14_12 6
6_18_00 1, 9, 13, 5, 14, 6
6_13_16 12, 4, 8, 16, 9, 1
4_11_04 5, 13, 1, 9
4_15_10 9, 1, 5, 13
7_10_02 4, 12, 16, 8, 1, 9, 13
4_11_04 5, 13, 1, 9
1_24_08 10
3_3_20 11, 3, 15
3_9_16 11, 3, 7
6_18_00 1, 9, 13, 5, 14, 6
7_30_14 11, 3, 7, 15, 4, 12, 16
8_1_12 7, 15, 3, 11, 8, 16, 4, 12
3_28_06 2, 10, 6
2_23_02 3, 11
1_1_00 1
5_25_02 4, 12, 16, 8, 5
5_18_02 2, 10, 14, 6, 15
1_5_20 12
4_28_22 14, 6, 10, 2
1_23_02 11
6_11_02 4, 12, 16, 8, 5, 13
1_29_02 5
1_17_10 6
4_15_14 11, 3, 7, 15
6_2_14 8, 16, 4, 12, 5, 13
5_18_22 12, 4, 8, 16, 9
3_31_08 8, 16, 12
7_22_04 4, 12, 16, 8, 1, 9, 13
3_30_14 7, 15, 3
2_29_06 7, 15
2_6_12 4, 12
4_10_20 13, 5, 9, 1
4_22_18 11, 3, 7, 15
1_29_10 9
2_17_14 8, 16
8_14_06 7, 15, 3, 11, 4, 12, 16, 8
3_4_16 5, 13, 9
7_25_02 4, 12, 16, 8, 5, 13, 1
7_12_14 10, 2, 6, 14, 15, 7, 11
1_1_08 5
4_12_18 12, 4, 8, 16
2_7_18 11, 3
4_15_10 9, 1, 5, 13
1_13_02 5
3_22_12 4, 12, 16
1_27_16 3
8_16_14 11, 3, 7, 15, 8, 16, 4, 12
4_26_12 9, 1, 5, 13
1_28_06 10
1_22_00 14
8_3_06 4, 12, 16, 8, 5, 13, 1, 9
7_3_22 12, 4, 8, 16, 5, 13, 1
3_25_22 14, 6, 10
8_2_12 7, 15, 3, 11, 8, 16, 4, 12
5_8_22 13, 5, 9, 1, 2
6_12_06 6, 14, 2, 10, 3, 11
3_15_16 12, 4, 16
5_13_22 15, 7, 11, 3, 12
1_25_02 4
2_3_04 3, 11
1_21_00 2
1_28_04 9
1_21_08 6
4_28_20 13, 5, 9, 1
2_22_00 14, 6
6_16_12 10, 2, 6, 14, 3, 11
5_30_04 6, 14, 2, 10, 15
5_12_10 8, 16, 4, 12, 13
3_18_02 14, 6, 10
7_9_08 7, 15, 3, 11, 8, 16, 4
1_27_12 1
8_7_20 12, 4, 8, 16, 13, 5, 9, 1
7_19_18 10, 2, 6, 14, 3, 11, 15
1_30_14 7
4_14_00 4,12, 16, 8
3_7_06 5, 13, 9
6_30_06 7, 15, 3, 11, 16, 8
2_30_08 4, 12
3_4_00 13, 5, 1
3_28_00 15, 7, 3
7_24_02 3, 11, 15, 7, 8, 16, 4
2_23_12 8, 16
2_3_12 7, 15
5_9_10 8, 16, 4, 12, 9
8_5_22 13, 5, 9, 1, 14, 6, 10, 2
3_26_14 6, 14, 2
8_8_10 7, 15, 3, 11, 8, 16, 4, 12
7_20_04 3, 11, 15, 7, 8, 16, 4
4_24_00 2, 10, 14, 6
2_20_10 2, 10
3_4_10 2, 10, 6
1_31_18 5
5_8_16 10, 2, 6, 14, 15
7_28_16 11, 3, 7, 15, 16, 8, 12
1_17_00 1
2_23_18 11, 3
6_30_08 8, 16, 4, 12, 1, 9
7_3_14 8, 16, 4, 12, 1, 9, 13
8_13_00 4, 12, 16, 8, 1, 9, 13, 5
4_12_22 14, 6, 10, 2
1_22_18 7
4_12_14 10, 2, 6, 14
1_14_00 16
3_27_20 13, 5, 1
2_7_12 8, 16
1_22_22 9
4_14_04 6, 14, 2, 10
7_8_20 12, 4, 8, 16, 1, 9, 13
8_15_04 6, 14, 2, 10, 3, 11, 15, 7
2_14_08 4, 12
1_20_18 14
1_22_16 6
1_10_08 3
7_4_22 12, 4, 8, 16, 1, 9, 13
5_16_20 14, 6, 10, 2, 15
1_20_20 15
7_28_14 10, 2, 6, 14, 15, 7, 11
3_3_16 9, 1, 13
3_14_12 6, 14, 2
3_31_06 7, 15, 11
1_19_00 9
1_7_02 11
7_16_16 12, 4, 8, 16, 13, 5, 9
3_28_02 16, 8, 4
8_3_18 10, 2, 6, 14, 11, 3, 7, 15
3_25_22 14, 6, 10
4_28_12 9, 1, 5, 13
5_8_22 13, 5, 9, 1, 2
6_20_18 10, 2, 6, 14, 7, 15
3_28_20 9, 1, 13
6_7_04 4, 12, 16, 8, 5, 13
5_10_16 11, 3, 7, 15, 8
7_22_22 13, 5, 9, 1, 10, 2, 6
6_31_22 15, 7, 11, 3, 12, 4
5_15_02 5, 13, 1, 9, 10
7_19_10 6, 14, 2, 10, 15, 7, 11
6_24_20 12, 4, 8, 16, 9, 1
6_20_14 8, 16, 4, 12, 5, 13
1_4_08 9
4_21_06 5, 13, 1, 9
8_15_04 6, 14, 2, 10, 3, 11, 15, 7
3_9_12 9, 1, 5
1_17_22 12
8_8_18 11, 3, 7, 15, 12, 4, 8, 16
7_31_20 14, 6, 10, 2, 3, 11, 15
4_9_12 9, 1, 5, 13
1_8_16 14
1_23_08 14
7_9_18 12, 4, 8, 16, 13, 5, 9
1_15_16 4
3_2_02 14, 6, 10
6_4_16 9, 1, 5, 13, 6, 14
6_25_06 6, 14, 2, 10, 7, 15
3_8_20 8, 16, 12
1_2_10 2
6_22_08 6, 14, 2, 10, 3, 11
7_19_00 1, 9, 13, 5, 10, 2, 6
