38281
38284
38287
38292
38297
38302
38309
38316
38323
38332
38341
38346
38355
38366
38379
38386
38397
38408
38415
38426
38439
38448
38463
38478
38487
38504
38519
38536
38547
38558
38567
38574
38583
38596
38603
38620
38637
38648
38665
38682
38701
38720
38739
38752
38763
38778
38797
38818
38831
38850
38865
38886
38903
38926
38939
38952
38969
38994
39021
39036
39057
39066
39077
39092
39103
39116
39127
39148
39169
39182
39205
39216
39233
39262
39283
39298
39311
39324
39329
39342
39359
39368
39383
39406
39427
39450
39469
39470
39487
39506
39519
39536
39551
39566
39585
39602
39625
39638
39661
39680
39699
39710
39729
39744
39755
39774
39795
39810
39829
39850
39869
39882
39903
39922
39929
39938
39961
39982
40005
40024
40047
40062
40087
40100
40113
40134
40147
40162
40175
40188
40197
40218
40239
40252
40273
40284
40307
40320
40345
40358
40373
40386
40409
40434
40451
40468
40493
40508
40529
40550
40569
40584
40607
40628
40643
40666
40681
40694
40717
40736
40759
40774
40797
40808
40827
40852
40877
40900
40927
40940
40955
40972
40999
41020
41037
41052
41071
41082
41107
41134
41157
41170
41191
41206
41223
41248
41273
41288
41313
41330
41355
41374
41403
41424
41449
41462
41483
41496
41511
41526
41545
41572
41591
41618
41645
41668
41691
41704
41727
41740
41763
41778
41797
41808
41827
41840
41857
41886
41913
41938
41953
41970
41991
42014
42031
42062
42081
42104
42121
42140
42171
42202
42217
42242
42265
42292
42309
42330
42345
42378
42393
42400
42417
42450
42481
42504
42521
42540
42563
42582
42599
42624
42645
42670
42693
42720
42735
42752
42775
42808
42817
42836
42853
42882
42907
42932
42959
42980
42999
43030
43051
43078
43101
43114
43147
43172
43193
43222
43241
43254
43271
43286
43303
43322
43339
43354
43379
43402
43419
43444
43469
43482
43507
43522
43543
43564
43593
43618
43629
43664
43683
43706
43719
43740
43765
43782
43817
43830
43853
43876
43895
43932
43947
43968
43995
44024
44041
44066
44093
44116
44135
44154
44183
44214
44239
44250
44277
44302
44319
44338
44355
44378
44393
44414
44433
44458
44475
44502
44521
44542
44561
44582
44599
44620
44659
44682
44705
44726
44759
44782
44803
44818
44841
44868
44893
44918
44945
44958
44985
45004
45021
45038
45055
45080
45101
45116
45139
45162
45183
45212
45243
45254
45267
45296
45327
45342
45357
45380
45399
45414
45441
45470
45493
45506
45531
45554
45575
45598
45623
45656
45683
45696
45713
45728
45755
45774
45787
45806
45813
45826
45849
45868
45903
45936
45951
45970
46005
46036
46061
46084
46109
46136
46163
46176
46197
46214
46239
46266
46291
46314
46351
46370
46395
46426
46447
46476
46491
46510
46537
46556
46585
46606
46631
46664
46685
46708
46723
46748
46775
46806
46827
46844
46867
46886
46901
46938
46967
46996
47021
47032
47057
47086
47115
47142
47165
47194
47217
47238
47275
47294
47311
47326
47361
47386
47405
47436
47457
47490
47515
47540
47557
47586
47617
47644
47653
47668
47695
47722
47741
47772
47795
47824
47841
47876
47909
47930
47963
47988
48005
48028
48053
48080
48097
48126
48139
48158
48189
48218
48239
48254
48263
48296
48331
48354
48375
48388
48415
48440
48459
48484
48499
48524
48537
48564
48587
48612
48641
48672
48687
48720
48745
48774
48783
48800
48829
48854
48877
48900
48925
48946
48963
48990
49013
49030
49063
49078
49109
49134
49153
49178
49199
49230
49257
49284
49309
49330
49349
49370
49397
49418
49437
49448
49485
49516
49537
49552
49573
49592
49615
49632
49667
49696
49727
49754
49777
49796
49837
49870
49897
49930
49957
49980
50001
50028
50045
50062
50087
50112
50143
50160
50201
50228
50253
50272
50289
50308
50333
50350
50373
50408
50423
50458
50489
50502
50527
50538
50559
50582
50605
50634
50667
50710
50729
50758
50783
50802
50829
50846
50867
50896
50917
50946
50975
50992
51013
51038
51065
51096
51123
51140
51163
51192
51215
51236
51255
51290
51315
51344
51361
51392
51429
51446
51473
51490
51521
51540
51567
51584
51605
51630
51665
51698
51717
51736
51759
51788
51825
51850
51883
51912
51943
51962
51985
52014
52059
52078
52105
52134
52155
52168
52199
52224
52249
52278
52303
52322
52341
52360
52387
52406
52443
52474
52505
52532
52549
52576
52595
52628
52655
52682
52695
52730
52747
52770
52803
52828
52847
52868
52899
52916
52947
52974
53009
53020
53037
53066
53091
53108
53131
53140
53157
53182
53215
53250
53281
53320
53367
53382
53411
53428
53453
53484
53507
53554
53581
53622
53645
53672
53687
53708
53733
53756
53791
53822
53831
53858
53887
53914
53933
53956
53983
54004
54019
54048
54071
54086
54135
54152
54171
54208
54235
54256
54285
54328
54353
54378
54395
54430
54467
54496
54517
54540
54561
54576
54599
54618
54629
54656
54679
54696
54733
54762
54785
54812
54833
54852
54873
54894
54925
54946
54975
54996
55019
55064
55083
55114
55137
55164
55189
55206
55229
55256
55283
55300
55333
55356
55389
55410
55431
55458
55485
55504
55521
55552
55587
55624
55651
55684
55717
55742
55775
55784
55811
55830
55853
55874
55909
55928
55957
55982
55997
56018
56053
56084
56117
56140
56171
56202
56231
56264
56293
56310
56335
56364
56401
56430
56475
56506
56531
56548
56567
56588
56627
56648
56675
56696
56713
56730
56747
56768
56799
56828
56849
56872
56897
56926
56947
56972
57001
57024
57031
57050
57077
57116
57149
57172
57201
57222
57241
57294
57315
57344
57365
57384
57403
57442
57469
57496
57521
57550
57569
57596
57625
57646
57685
57724
57771
57794
57827
57856
57883
57920
57955
57982
57999
58016
58037
58062
58079
58096
58127
58148
58171
58194
58223
58250
58279
58308
58341
58364
58385
58410
58431
58470
58493
58518
58541
58556
58587
58604
58629
58652
58677
58704
58721
58746
58765
58786
58823
58858
58881
58904
58925
58940
58965
58988
59017
59034
59057
59086
59109
59144
59167
59172
59191
59214
59243
59276
59297
59318
59343
59374
59391
59402
59427
59452
59479
59496
59523
59552
59573
59602
59629
59660
59683
59708
59739
59766
59799
59830
59853
59888
59919
59934
59963
59982
60009
60026
60039
60060
60075
60102
60125
60154
60183
60202
60223
60250
60271
60298
60321
60346
60377
60400
60421
60452
60477
60492
60513
60532
60563
60588
60613
60630
60663
60682
60711
60746
60759
60784
60823
60848
60853
60874
60901
60928
60953
60984
61017
61050
61079
61104
61135
61162
61205
61224
61247
61272
61299
61324
61351
61376
61403
61430
61453
61484
61513
61542
61567
61592
61617
61640
61691
61712
61743
61772
61789
61806
61837
61862
61895
61926
61959
61970
61989
62010
62037
62060
62077
62106
62133
62164
62193
62214
62243
62268
62301
62316
62343
62366
62395
62422
62445
62472
62505
62540
62561
62586
62617
62652
62663
62686
62717
62738
62767
62786
62807
62832
62855
62886
62913
62932
62945
62976
62999
63020
63033
63052
63083
63100
63133
63154
63183
63198
63229
63258
63285
63314
63335
63354
63375
63402
63413
63438
63453
63488
63517
63546
63577
63586
63611
63638
63653
63678
63715
63736
63757
63798
63829
63856
63879
63892
63915
63940
63963
63986
64003
64032
64055
64074
64107
64144
64171
64192
64203
64228
64253
64268
64287
64318
64337
64364
64389
64422
64441
64468
64489
64518
64547
64570
64599
64638
64641
64662
64689
64720
64749
64778
64795
64822
64857
64888
64911
64944
64967
64990
65015
65056
65083
65102
65129
65156
65185
65228
65253
65278
65303
65326
65357
65396
65435
65448
65479
65504
65539
65568
65579
65604
65639
65666
65689
65712
65735
65764
65779
65798
65831
65860
65895
65916
65943
65970
65993
66020
66059
66092
66123
66164
66189
66208
66233
66246
66277
66296
66323
66346
66365
66394
66417
66438
66459
66486
66503
66514
66537
66574
66591
66618
66653
66674
66697
66722
66751
66778
66809
66820
66853
66886
66917
66944
66975
67004
67037
67066
67089
67112
67135
67160
67181
67206
67223
67242
67281
67300
67331
67354
67373
67392
67415
67434
67457
67492
67517
67546
67577
67604
67631
67664
67695
67720
67743
67768
67797
67828
67849
67876
67903
67934
67969
67988
68011
68034
68053
68090
68113
68126
68153
68188
68213
68246
68261
68288
68315
68342
68363
68394
68411
68426
68439
68470
68503
68536
68563
68594
68617
68642
68657
68678
68699
68734
68755
68788
68805
68832
68851
68872
68901
68918
68949
68978
68995
69008
69041
69076
69113
69148
69171
69192
69227
69248
69279
69310
69339
69376
69409
69438
69473
69500
69525
69558
69577
69610
69633
69660
69699
69724
69739
69762
69785
69814
69839
69866
69889
69920
69949
69968
69993
70020
70051
70082
70101
70132
70147
70168
70201
70226
70263
70290
70323
70342
70375
70402
70419
70428
70465
70494
70521
70550
70579
70602
70627
70662
70695
70722
70749
70754
70777
70802
70829
70882
70901
70928
70955
70978
71007
71030
71061
71074
71099
71124
71159
71188
71219
71250
71299
71318
71349
71374
71401
71434
71443
71482
71509
71528
71553
71576
71603
71632
71653
71688
71715
71754
71771
71804
71829
71854
71879
71922
71953
71976
72013
72050
72069
72088
72117
72142
72167
72198
72229
72252
72281
72288
72321
72356
72381
72406
72433
72460
72497
72528
72549
72570
72593
72626
72649
72668
72683
72712
72749
72782
72811
72838
72867
72894
72917
72946
72969
72994
73019
73056
73083
73120
73145
73174
73201
73238
73283
73318
73335
73364
73387
73416
73437
73458
73491
73508
73529
73554
73575
73612
73631
73654
73671
73706
73729
73762
73791
73820
73837
73870
best case: 38284
Average case: 109689
worst case: 54496
