7_10_20 13, 5, 9, 1, 10, 2, 6
5_20_00 1, 9, 13, 5, 6
8_30_12 10, 2, 6, 14, 7, 15, 3, 11
4_1_20 11, 3, 7, 15
6_15_02 5, 13, 1, 9, 2, 10
5_18_08 5, 13, 1, 9, 2
4_2_08 5, 13, 1, 9
2_1_10 6, 14
2_27_14 10, 2
5_20_06 4, 12, 16, 8, 9
8_19_20 11, 3, 7, 15, 12, 4, 8, 16
1_17_08 5
6_31_00 4, 12, 16, 8, 1, 9
5_3_06 4, 12, 16, 8, 13
3_1_20 11, 3, 7
3_30_20 10, 2, 6
7_4_20 11, 3, 7, 15, 16, 8, 12
3_29_06 7, 15, 3
6_25_18 12, 4, 8, 16, 13, 5
1_21_14 9
1_28_10 12
1_31_16 4
3_2_06 16, 8, 12
2_1_06 4, 12
4_7_16 10, 2, 6, 14
3_28_06 2, 10, 6
5_17_20 11, 3, 7, 15, 12
3_3_14 8, 16, 12
8_30_18 13, 5, 9, 1, 10, 2, 6, 14
8_5_22 13, 5, 9, 1, 14, 6, 10, 2
3_27_20 13, 5, 1
6_22_18 11, 3, 7, 15, 8, 16
1_26_04 1
3_6_04 16, 8, 12
2_12_00 15, 7
3_18_20 7, 15, 3
3_22_04 16, 8, 12
2_22_22 9, 1
7_4_02 2, 10, 14, 6, 7, 15, 3
3_6_22 9, 1, 5
7_18_16 9, 1, 5, 13, 6, 14, 2
7_3_02 2, 10, 14, 6, 11, 3, 7
1_23_02 11
4_25_12 9, 1, 5, 13
5_4_08 5, 13, 1, 9, 10
3_27_22 14, 6, 2
5_2_18 10, 2, 6, 14, 7
7_23_04 4, 12, 16, 8, 13, 5, 9
7_13_06 7, 15, 3, 11, 4, 12, 16
2_30_20 10, 2
8_28_08 7, 15, 3, 11, 8, 16, 4, 12
2_30_00 16, 8
3_30_06 3, 11, 15
5_30_02 5, 13, 1, 9, 14
7_29_22 15, 7, 11, 3, 12, 4, 8
1_10_20 9
2_22_18 7, 15
2_18_18 6, 14
5_21_22 13, 5, 9, 1, 14
3_26_04 1, 9, 13
3_2_14 4, 12, 16
2_10_22 10, 2
5_22_08 6, 14, 2, 10, 3
7_2_00 1, 9, 13, 5, 14, 6, 10
8_9_04 5, 13, 1, 9, 6, 14, 2, 10
3_24_06 1, 9, 5
3_4_20 7, 15, 11
3_13_10 9, 1, 5
4_10_04 5, 13, 1, 9
5_19_12 7, 15, 3, 11, 16
7_17_20 11, 3, 7, 15, 12, 4, 8
8_1_12 7, 15, 3, 11, 8, 16, 4, 12
8_21_20 12, 4, 8, 16, 13, 5, 9, 1
3_17_04 3, 11, 15
3_9_00 3, 11, 15
8_4_10 6, 14, 2, 10, 7, 15, 3, 11
3_25_08 7, 15, 3
2_26_12 5, 13
3_4_02 14, 6, 2
2_9_06 6, 14
7_19_14 8, 16, 4, 12, 1, 9, 13
6_20_16 9, 1, 5, 13, 6, 14
5_31_08 8, 16, 4, 12, 13
6_9_04 5, 13, 1, 9, 6, 14
2_31_08 8, 16
3_1_18 10, 2, 6
2_10_20 9, 1
4_21_18 11, 3, 7, 15
1_12_06 10
4_8_14 9, 1, 5, 13
1_5_18 11
4_31_10 9, 1, 5, 13
3_10_00 15, 7, 11
2_24_08 2, 10
8_25_16 11, 3, 7, 15, 12, 4, 8, 16
6_17_20 11, 3, 7, 15, 12, 4
3_26_04 1, 9, 13
1_11_00 11
4_3_20 11, 3, 7, 15
6_1_12 7, 15, 3, 11, 8, 16
1_3_14 16
1_26_18 8
1_22_14 5
8_18_22 12, 4, 8, 16, 13, 5, 9, 1
1_1_00 1
3_4_14 4, 12, 8
1_29_20 14
3_27_12 9, 1, 13
1_27_16 3
3_20_20 7, 15, 11
3_11_00 3, 11, 7
1_8_04 8
6_11_14 10, 2, 6, 14, 11, 3
6_29_04 6, 14, 2, 10, 3, 11
8_2_08 5, 13, 1, 9, 6, 14, 2, 10
1_22_02 15
1_4_20 15
8_8_00 2, 10, 14, 6, 3, 11, 15, 7
2_30_02 1, 9
3_30_22 11, 3, 7
4_23_04 4, 12, 16, 8
5_28_04 5, 13, 1, 9, 10
4_24_14 9, 1, 5, 13
1_19_14 16
1_16_08 12
5_5_04 4, 12, 16, 8, 5
7_24_12 8, 16, 4, 12, 13, 5, 9
5_7_06 5, 13, 1, 9, 14
2_11_14 10, 2
3_16_10 5, 13, 9
3_5_00 2, 10, 14
8_17_18 10, 2, 6, 14, 11, 3, 7, 15
6_19_02 2, 10, 14, 6, 3, 11
6_5_14 9, 1, 5, 13, 10, 2
4_23_06 5, 13, 1, 9
5_7_20 12, 4, 8, 16, 5
6_10_08 7, 15, 3, 11, 4, 12
2_29_12 10, 2
1_31_18 5
3_7_22 13, 5, 1
2_12_08 3, 11
7_4_06 4, 12, 16, 8, 9, 1, 5
1_21_12 8
7_23_12 8, 16, 4, 12, 1, 9, 13
2_25_22 14, 6
6_27_10 8, 16, 4, 12, 9, 1
3_9_10 8, 16, 4
5_5_08 6, 14, 2, 10, 7
2_1_00 1, 9
1_22_18 7
6_16_10 9, 1, 5, 13, 2, 10
8_4_06 4, 12, 16, 8, 5, 13, 1, 9
1_28_20 1
6_16_18 13, 5, 9, 1, 6, 14
7_21_18 11, 3, 7, 15, 12, 4, 8
2_22_12 4, 12
8_4_10 6, 14, 2, 10, 7, 15, 3, 11
7_17_06 4, 12, 16, 8, 5, 13, 1
2_12_06 2, 10
3_9_12 9, 1, 5
5_13_04 6, 14, 2, 10, 3
4_14_02 5, 13, 1, 9
5_2_12 7, 15, 3, 11, 4
1_8_06 9
6_1_12 7, 15, 3, 11, 8, 16
3_19_18 10, 2, 14
2_7_08 6, 14
7_14_02 5, 13, 1, 9, 14, 6, 10
6_18_12 7, 15, 3, 11, 4, 12
3_26_16 7, 15, 3
5_16_04 6, 14, 2, 10, 7
6_9_04 5, 13, 1, 9, 6, 14
8_13_10 9, 1, 5, 13, 6, 14, 2, 10
3_30_20 10, 2, 6
1_18_02 14
2_23_20 12, 4
3_22_16 6, 14, 2
6_15_08 8, 16, 4, 12, 5, 13
7_3_00 1, 9, 13, 5, 10, 2, 6
5_19_04 3, 11, 15, 7, 12
8_4_10 6, 14, 2, 10, 7, 15, 3, 11
2_10_08 3, 11
4_13_08 8, 16, 4, 12
3_21_04 4, 12, 16
3_6_18 7, 15, 3
1_14_04 2
4_4_10 6, 14, 2, 10
6_20_12 7, 15, 3, 11, 4, 12
1_1_22 12
3_3_16 9, 1, 13
2_24_04 16, 8
1_28_16 15
1_18_12 3
8_28_04 5, 13, 1, 9, 6, 14, 2, 10
8_25_10 8, 16, 4, 12, 9, 1, 5, 13
7_21_06 5, 13, 1, 9, 6, 14, 2
5_9_08 7, 15, 3, 11, 8
5_6_14 9, 1, 5, 13, 6
7_16_22 15, 7, 11, 3, 16, 8, 12
2_11_10 8, 16
1_21_16 10
6_24_06 5, 13, 1, 9, 2, 10
3_12_02 16, 8, 4
7_30_04 6, 14, 2, 10, 15, 7, 11
7_10_22 14, 6, 10, 2, 11, 3, 7
7_15_04 6, 14, 2, 10, 11, 3, 7
2_11_00 3, 11
5_7_16 10, 2, 6, 14, 3
4_16_20 14, 6, 10, 2
7_18_04 3, 11, 15, 7, 16, 8, 12
8_10_04 5, 13, 1, 9, 6, 14, 2, 10
4_6_00 2, 10, 14, 6
7_6_04 4, 12, 16, 8, 1, 9, 13
8_22_12 8, 16, 4, 12, 9, 1, 5, 13
7_20_20 11, 3, 7, 15, 16, 8, 12
2_31_12 10, 2
1_11_02 12
2_7_16 10, 2
6_18_20 11, 3, 7, 15, 8, 16
2_25_06 6, 14
4_1_12 7, 15, 3, 11
7_19_10 6, 14, 2, 10, 15, 7, 11
6_19_20 11, 3, 7, 15, 12, 4
6_13_10 9, 1, 5, 13, 6, 14
3_13_18 13, 5, 9
7_1_10 6, 14, 2, 10, 7, 15, 3
5_5_02 3, 11, 15, 7, 4
8_23_06 5, 13, 1, 9, 6, 14, 2, 10
4_27_16 11, 3, 7, 15
2_11_16 11, 3
5_23_04 4, 12, 16, 8, 13
3_9_06 6, 14, 2
2_18_14 4, 12
8_14_10 9, 1, 5, 13, 6, 14, 2, 10
6_11_18 12, 4, 8, 16, 13, 5
5_28_06 6, 14, 2, 10, 11
1_9_06 6
7_6_14 9, 1, 5, 13, 6, 14, 2
5_5_20 12, 4, 8, 16, 13
7_15_14 11, 3, 7, 15, 16, 8, 12
3_18_08 1, 9, 13
5_9_20 13, 5, 9, 1, 14
2_23_10 7, 15
3_23_22 13, 5, 1
2_29_10 9, 1
4_1_02 2, 10, 14, 6
7_2_22 12, 4, 8, 16, 9, 1, 5
3_5_14 9, 1, 5
7_13_18 13, 5, 9, 1, 10, 2, 6
8_6_18 11, 3, 7, 15, 12, 4, 8, 16
6_23_02 3, 11, 15, 7, 4, 12
6_12_00 3, 11, 15, 7, 16, 8
2_11_14 10, 2
6_19_04 3, 11, 15, 7, 4, 12
7_13_06 7, 15, 3, 11, 4, 12, 16
1_10_06 2
4_25_16 11, 3, 7, 15
2_4_12 3, 11
2_26_10 4, 12
7_25_06 6, 14, 2, 10, 7, 15, 3
4_2_20 11, 3, 7, 15
7_25_18 12, 4, 8, 16, 13, 5, 9
4_13_16 12, 4, 8, 16
1_2_16 5
4_26_06 6, 14, 2, 10
8_29_22 15, 7, 11, 3, 12, 4, 8, 16
2_10_00 15, 7
7_8_14 9, 1, 5, 13, 14, 6, 10
5_12_22 14, 6, 10, 2, 3
6_20_12 7, 15, 3, 11, 4, 12
5_24_08 6, 14, 2, 10, 11
3_20_20 7, 15, 11
4_8_04 4, 12, 16, 8
7_23_10 7, 15, 3, 11, 16, 8, 12
2_2_22 8, 16
6_22_06 5, 13, 1, 9, 2, 10
8_29_12 10, 2, 6, 14, 7, 15, 3, 11
8_6_22 13, 5, 9, 1, 14, 6, 10, 2
5_20_10 6, 14, 2, 10, 11
7_31_08 8, 16, 4, 12, 13, 5, 9
6_7_14 9, 1, 5, 13, 10, 2
8_30_22 15, 7, 11, 3, 12, 4, 8, 16
6_22_16 10, 2, 6, 14, 7, 15
7_23_16 10, 2, 6, 14, 3, 11, 15
7_3_22 12, 4, 8, 16, 5, 13, 1
6_1_22 12, 4, 8, 16, 13, 5
6_17_10 6, 14, 2, 10, 7, 15
7_1_20 11, 3, 7, 15, 12, 4, 8
5_4_14 8, 16, 4, 12, 13
7_10_14 10, 2, 6, 14, 7, 15, 3
8_31_04 6, 14, 2, 10, 3, 11, 15, 7
2_8_02 15, 7
1_14_04 2
4_2_00 1, 9, 13, 5
1_6_22 9
5_23_16 10, 2, 6, 14, 3
4_20_12 7, 15, 3, 11
1_21_12 8
7_27_00 3, 11, 15, 7, 12, 4, 8
4_27_18 12, 4, 8, 16
7_16_20 14, 6, 10, 2, 15, 7, 11
2_17_14 8, 16
7_29_06 7, 15, 3, 11, 4, 12, 16
6_23_02 3, 11, 15, 7, 4, 12
5_30_02 5, 13, 1, 9, 14
8_19_02 2, 10, 14, 6, 3, 11, 15, 7
6_7_04 4, 12, 16, 8, 5, 13
3_19_14 8, 16, 12
4_14_16 12, 4, 8, 16
7_18_10 6, 14, 2, 10, 3, 11, 15
3_28_02 16, 8, 4
8_26_18 12, 4, 8, 16, 13, 5, 9, 1
7_2_22 12, 4, 8, 16, 9, 1, 5
7_11_16 11, 3, 7, 15, 4, 12, 16
5_14_16 12, 4, 8, 16, 5
5_23_22 13, 5, 9, 1, 6
4_25_10 8, 16, 4, 12
7_18_12 7, 15, 3, 11, 4, 12, 16
1_24_12 12
2_25_20 13, 5
5_4_12 7, 15, 3, 11, 12
4_6_04 4, 12, 16, 8
2_10_18 8, 16
1_5_08 6
4_5_10 7, 15, 3, 11
7_28_08 7, 15, 3, 11, 12, 4, 8
7_26_12 9, 1, 5, 13, 6, 14, 2
7_18_20 11, 3, 7, 15, 8, 16, 4
6_8_14 9, 1, 5, 13, 6, 14
6_29_08 8, 16, 4, 12, 5, 13
5_14_14 11, 3, 7, 15, 4
7_11_20 13, 5, 9, 1, 6, 14, 2
2_4_04 15, 7
8_23_14 9, 1, 5, 13, 10, 2, 6, 14
6_18_00 1, 9, 13, 5, 14, 6
6_2_12 7, 15, 3, 11, 4, 12
7_21_18 11, 3, 7, 15, 12, 4, 8
1_9_14 10
3_18_10 2, 10, 14
5_24_00 2, 10, 14, 6, 7
1_11_12 1
4_23_18 11, 3, 7, 15
3_18_00 13, 5, 9
4_30_10 9, 1, 5, 13
4_2_00 1, 9, 13, 5
4_27_20 13, 5, 9, 1
3_3_06 4, 12, 8
5_9_20 13, 5, 9, 1, 14
7_27_22 14, 6, 10, 2, 7, 15, 3
3_30_08 4, 12, 16
4_30_12 10, 2, 6, 14
3_30_12 6, 14, 2
8_16_22 15, 7, 11, 3, 12, 4, 8, 16
7_17_12 7, 15, 3, 11, 8, 16, 4
6_7_20 12, 4, 8, 16, 13, 5
2_26_20 9, 1
5_8_20 12, 4, 8, 16, 1
6_23_14 9, 1, 5, 13, 10, 2
1_15_02 13
7_21_02 3, 11, 15, 7, 4, 12, 16
5_27_20 13, 5, 9, 1, 6
4_6_16 10, 2, 6, 14
8_14_04 6, 14, 2, 10, 3, 11, 15, 7
2_18_16 5, 13
1_9_06 6
1_12_04 9
7_11_14 10, 2, 6, 14, 3, 11, 15
7_29_08 8, 16, 4, 12, 5, 13, 1
4_21_00 2, 10, 14, 6
5_19_04 3, 11, 15, 7, 12
8_5_22 13, 5, 9, 1, 14, 6, 10, 2
2_17_14 8, 16
2_12_18 8, 16
8_23_00 2, 10, 14, 6, 3, 11, 15, 7
2_1_02 2, 10
5_22_10 7, 15, 3, 11, 4
3_20_20 7, 15, 11
5_13_18 13, 5, 9, 1, 10
1_10_16 7
1_13_18 13
3_4_00 13, 5, 1
3_12_22 10, 2, 14
8_9_04 5, 13, 1, 9, 6, 14, 2, 10
1_20_02 6
4_16_00 4,12, 16, 8
1_17_10 6
5_9_08 7, 15, 3, 11, 8
4_15_00 4,12, 16, 8
7_23_20 12, 4, 8, 16, 5, 13, 1
2_17_18 10, 2
2_19_06 4, 12
5_26_16 11, 3, 7, 15, 8
7_9_20 13, 5, 9, 1, 14, 6, 10
2_11_06 6, 14
6_24_16 10, 2, 6, 14, 7, 15
5_1_00 1, 9, 13, 5, 2
7_18_18 10, 2, 6, 14, 7, 15, 3
4_11_22 14, 6, 10, 2
2_16_04 2, 10
4_13_16 12, 4, 8, 16
5_1_06 4, 12, 16, 8, 5
6_29_06 7, 15, 3, 11, 4, 12
4_24_22 13, 5, 9, 1
7_18_04 3, 11, 15, 7, 16, 8, 12
8_18_04 3, 11, 15, 7, 4, 12, 16, 8
4_23_08 6, 14, 2, 10
2_9_02 4, 12
5_27_16 11, 3, 7, 15, 4
4_30_02 5, 13, 1, 9
7_30_10 9, 1, 5, 13, 2, 10, 14
8_11_12 9, 1, 5, 13, 10, 2, 6, 14
7_16_08 8, 16, 4, 12, 9, 1, 5
7_12_18 12, 4, 8, 16, 1, 9, 13
6_10_18 12, 4, 8, 16, 9, 1
3_30_04 2, 10, 14
8_19_20 11, 3, 7, 15, 12, 4, 8, 16
1_14_18 9
2_5_08 6, 14
6_18_18 10, 2, 6, 14, 7, 15
2_21_08 6, 14
7_11_08 7, 15, 3, 11, 16, 8, 12
4_12_22 14, 6, 10, 2
1_8_18 15
1_9_10 8
4_23_16 10, 2, 6, 14
4_25_16 11, 3, 7, 15
3_10_04 1, 9, 13
3_6_22 9, 1, 5
5_11_14 10, 2, 6, 14, 3
4_20_04 3, 11, 15, 7
5_14_18 13, 5, 9, 1, 6
8_18_06 4, 12, 16, 8, 5, 13, 1, 9
3_17_18 10, 2, 6
2_20_00 13, 5
1_12_16 15
1_30_20 10
8_20_12 7, 15, 3, 11, 8, 16, 4, 12
6_4_10 6, 14, 2, 10, 3, 11
8_5_14 9, 1, 5, 13, 10, 2, 6, 14
6_13_10 9, 1, 5, 13, 6, 14
8_31_18 13, 5, 9, 1, 10, 2, 6, 14
1_7_00 10
4_24_02 3, 11, 15, 7
4_5_20 12, 4, 8, 16
8_22_04 4, 12, 16, 8, 5, 13, 1, 9
2_20_18 6, 14
7_26_06 6, 14, 2, 10, 3, 11, 15
5_27_18 12, 4, 8, 16, 5
8_13_22 15, 7, 11, 3, 12, 4, 8, 16
8_14_16 12, 4, 8, 16, 9, 1, 5, 13
4_24_22 13, 5, 9, 1
5_21_22 13, 5, 9, 1, 14
3_7_14 9, 1, 13
1_9_08 7
6_31_10 9, 1, 5, 13, 6, 14
5_2_06 4, 12, 16, 8, 1
8_4_10 6, 14, 2, 10, 7, 15, 3, 11
4_21_16 10, 2, 6, 14
4_2_10 6, 14, 2, 10
5_9_02 4, 12, 16, 8, 5
3_18_02 14, 6, 10
3_11_02 4, 12, 8
8_29_06 7, 15, 3, 11, 4, 12, 16, 8
6_28_08 7, 15, 3, 11, 4, 12
1_28_04 9
6_4_20 11, 3, 7, 15, 8, 16
1_7_04 12
8_28_20 13, 5, 9, 1, 14, 6, 10, 2
2_1_04 3, 11
8_12_04 5, 13, 1, 9, 6, 14, 2, 10
4_4_20 11, 3, 7, 15
4_2_18 10, 2, 6, 14
1_30_12 6
3_13_06 7, 15, 3
4_18_00 1, 9, 13, 5
5_15_02 5, 13, 1, 9, 10
4_21_02 3, 11, 15, 7
3_26_02 16, 8, 12
8_22_10 7, 15, 3, 11, 8, 16, 4, 12
5_23_22 13, 5, 9, 1, 6
6_14_16 12, 4, 8, 16, 5, 13
6_15_04 6, 14, 2, 10, 3, 11
6_1_12 7, 15, 3, 11, 8, 16
7_10_04 5, 13, 1, 9, 2, 10, 14
3_11_12 9, 1, 13
6_13_12 10, 2, 6, 14, 7, 15
1_1_10 6
6_10_22 14, 6, 10, 2, 11, 3
1_4_20 15
6_2_00 1, 9, 13, 5, 14, 6
7_6_00 2, 10, 14, 6, 15, 7, 11
6_7_16 10, 2, 6, 14, 11, 3
1_17_02 2
6_17_16 9, 1, 5, 13, 10, 2
2_9_16 11, 3
1_5_22 13
6_3_04 3, 11, 15, 7, 4, 12
5_23_18 11, 3, 7, 15, 4
7_16_14 11, 3, 7, 15, 12, 4, 8
5_6_18 11, 3, 7, 15, 8
7_22_16 10, 2, 6, 14, 7, 15, 3
8_27_12 9, 1, 5, 13, 10, 2, 6, 14
7_20_22 12, 4, 8, 16, 1, 9, 13
8_19_00 1, 9, 13, 5, 2, 10, 14, 6
6_6_10 7, 15, 3, 11, 4, 12
3_26_14 6, 14, 2
8_4_14 8, 16, 4, 12, 9, 1, 5, 13
4_2_04 3, 11, 15, 7
4_18_00 1, 9, 13, 5
2_28_22 10, 2
5_29_20 14, 6, 10, 2, 11
5_1_18 10, 2, 6, 14, 11
1_30_00 16
3_18_14 4, 12, 16
8_1_04 3, 11, 15, 7, 4, 12, 16, 8
8_3_20 11, 3, 7, 15, 12, 4, 8, 16
6_31_22 15, 7, 11, 3, 12, 4
7_27_22 14, 6, 10, 2, 7, 15, 3
1_30_04 2
6_31_22 15, 7, 11, 3, 12, 4
6_22_20 12, 4, 8, 16, 9, 1
4_18_04 3, 11, 15, 7
3_5_20 12, 4, 8
3_21_20 12, 4, 8
5_24_00 2, 10, 14, 6, 7
7_19_14 8, 16, 4, 12, 1, 9, 13
5_14_06 7, 15, 3, 11, 16
6_18_00 1, 9, 13, 5, 14, 6
6_2_18 10, 2, 6, 14, 7, 15
6_13_04 6, 14, 2, 10, 3, 11
5_24_10 7, 15, 3, 11, 12
1_29_12 10
5_21_20 12, 4, 8, 16, 13
1_24_00 6
1_18_10 2
2_18_00 13, 5
5_14_10 9, 1, 5, 13, 2
4_12_12 9, 1, 5, 13
1_3_22 4
6_12_00 3, 11, 15, 7, 16, 8
1_1_08 5
2_12_02 16, 8
2_23_08 6, 14
3_16_00 16, 8, 4
8_22_14 9, 1, 5, 13, 10, 2, 6, 14
4_5_00 2, 10, 14, 6
3_22_20 8, 16, 4
5_30_08 8, 16, 4, 12, 1
2_4_08 1, 9
3_27_02 4, 12, 8
3_8_06 1, 9, 5
2_9_00 3, 11
4_9_08 7, 15, 3, 11
8_26_06 6, 14, 2, 10, 7, 15, 3, 11
3_1_06 4, 12, 16
6_12_12 9, 1, 5, 13, 6, 14
3_11_00 3, 11, 7
8_1_06 4, 12, 16, 8, 5, 13, 1, 9
8_19_22 12, 4, 8, 16, 13, 5, 9, 1
2_14_20 10, 2
2_31_22 15, 7
3_29_08 8, 16, 4
8_5_04 4, 12, 16, 8, 5, 13, 1, 9
6_22_16 10, 2, 6, 14, 7, 15
2_16_00 16, 8
1_5_10 7
6_23_08 6, 14, 2, 10, 7, 15
5_13_00 4, 12, 16, 8, 1
6_28_02 4, 12, 16, 8, 1, 9
8_4_08 5, 13, 1, 9, 6, 14, 2, 10
6_28_00 3, 11, 15, 7, 16, 8
6_17_04 3, 11, 15, 7, 4, 12
8_1_22 12, 4, 8, 16, 13, 5, 9, 1
4_31_16 12, 4, 8, 16
2_26_14 6, 14
3_24_16 6, 14, 10
5_17_04 3, 11, 15, 7, 4
4_5_06 5, 13, 1, 9
3_26_14 6, 14, 2
7_20_18 10, 2, 6, 14, 15, 7, 11
6_14_20 14, 6, 10, 2, 7, 15
4_6_16 10, 2, 6, 14
1_2_02 14
3_27_06 6, 14, 10
5_24_18 11, 3, 7, 15, 16
2_24_22 9, 1
5_20_02 2, 10, 14, 6, 7
5_2_02 2, 10, 14, 6, 15
1_29_12 10
5_19_22 12, 4, 8, 16, 5
6_27_08 7, 15, 3, 11, 8, 16
5_30_22 15, 7, 11, 3, 8
3_15_08 8, 16, 12
3_9_04 5, 13, 1
1_2_22 8
1_11_04 13
2_4_00 13, 5
3_24_00 14, 6, 2
2_19_10 6, 14
5_25_08 7, 15, 3, 11, 8
4_11_10 8, 16, 4, 12
2_16_18 9, 1
5_1_08 5, 13, 1, 9, 6
7_16_10 9, 1, 5, 13, 10, 2, 6
2_21_14 9, 1
2_20_20 7, 15
8_26_10 8, 16, 4, 12, 9, 1, 5, 13
7_14_06 7, 15, 3, 11, 16, 8, 12
6_26_10 8, 16, 4, 12, 5, 13
6_12_00 3, 11, 15, 7, 16, 8
1_18_04 15
5_20_22 12, 4, 8, 16, 1
4_30_08 8, 16, 4, 12
1_22_00 14
4_24_16 10, 2, 6, 14
5_15_08 8, 16, 4, 12, 13
3_29_18 13, 5, 9
7_19_04 3, 11, 15, 7, 12, 4, 8
5_15_14 11, 3, 7, 15, 16
3_2_02 14, 6, 10
3_24_10 3, 11, 7
3_6_08 2, 10, 14
4_16_06 7, 15, 3, 11
1_30_12 6
4_17_18 10, 2, 6, 14
4_23_00 2, 10, 14, 6
7_6_18 11, 3, 7, 15, 8, 16, 4
6_10_20 13, 5, 9, 1, 10, 2
1_21_10 7
5_26_18 12, 4, 8, 16, 9
8_5_08 6, 14, 2, 10, 7, 15, 3, 11
1_18_10 2
3_16_10 5, 13, 9
3_8_22 9, 1, 13
3_31_18 13, 5, 1
3_12_18 8, 16, 12
2_25_20 13, 5
5_7_16 10, 2, 6, 14, 3
8_30_14 11, 3, 7, 15, 8, 16, 4, 12
8_7_04 4, 12, 16, 8, 5, 13, 1, 9
7_28_20 13, 5, 9, 1, 2, 10, 14
4_26_10 8, 16, 4, 12
1_2_00 13
7_19_16 9, 1, 5, 13, 2, 10, 14
7_23_10 7, 15, 3, 11, 16, 8, 12
7_14_10 9, 1, 5, 13, 2, 10, 14
4_11_20 13, 5, 9, 1
4_27_18 12, 4, 8, 16
2_11_22 14, 6
3_8_02 15, 7, 3
4_2_18 10, 2, 6, 14
4_17_00 1, 9, 13, 5
5_28_08 7, 15, 3, 11, 12
8_2_00 1, 9, 13, 5, 2, 10, 14, 6
4_14_22 15, 7, 11, 3
4_31_00 4,12, 16, 8
7_11_16 11, 3, 7, 15, 4, 12, 16
1_21_12 8
6_16_02 5, 13, 1, 9, 14, 6
5_1_18 10, 2, 6, 14, 11
4_13_04 6, 14, 2, 10
8_7_12 8, 16, 4, 12, 9, 1, 5, 13
1_29_00 4
1_10_08 3
1_6_14 5
1_7_04 12
7_13_22 15, 7, 11, 3, 12, 4, 8
6_12_14 10, 2, 6, 14, 7, 15
3_19_18 10, 2, 14
3_20_06 16, 8, 4
4_2_20 11, 3, 7, 15
7_21_18 11, 3, 7, 15, 12, 4, 8
5_21_08 6, 14, 2, 10, 7
3_18_10 2, 10, 14
5_3_02 2, 10, 14, 6, 11
1_28_10 12
5_22_20 12, 4, 8, 16, 9
7_29_12 10, 2, 6, 14, 7, 15, 3
8_26_20 13, 5, 9, 1, 14, 6, 10, 2
4_4_08 5, 13, 1, 9
2_30_02 1, 9
7_26_12 9, 1, 5, 13, 6, 14, 2
4_5_00 2, 10, 14, 6
2_31_00 4,12
4_17_12 7, 15, 3, 11
3_5_16 10, 2, 6
2_28_14 6, 14
7_4_06 4, 12, 16, 8, 9, 1, 5
1_29_14 11
5_21_12 8, 16, 4, 12, 9
8_27_06 6, 14, 2, 10, 7, 15, 3, 11
5_27_02 4, 12, 16, 8, 13
4_1_12 7, 15, 3, 11
5_21_04 4, 12, 16, 8, 5
4_29_04 6, 14, 2, 10
2_5_00 2, 10
2_27_18 12, 4
8_25_20 13, 5, 9, 1, 14, 6, 10, 2
8_9_22 14, 6, 10, 2, 15, 7, 11, 3
1_29_08 8
3_12_18 8, 16, 12
7_6_06 5, 13, 1, 9, 2, 10, 14
4_12_22 14, 6, 10, 2
4_7_20 12, 4, 8, 16
8_28_14 10, 2, 6, 14, 11, 3, 7, 15
1_17_22 12
1_11_20 5
6_5_06 5, 13, 1, 9, 6, 14
6_31_08 8, 16, 4, 12, 5, 13
1_2_04 15
1_13_18 13
3_18_00 13, 5, 9
7_7_06 5, 13, 1, 9, 14, 6, 10
3_4_16 5, 13, 9
2_30_04 2, 10
5_1_10 6, 14, 2, 10, 7
1_1_10 6
5_9_14 10, 2, 6, 14, 11
8_15_18 13, 5, 9, 1, 10, 2, 6, 14
3_27_04 5, 13, 9
1_20_22 16
5_17_20 11, 3, 7, 15, 12
5_14_02 5, 13, 1, 9, 14
6_11_20 13, 5, 9, 1, 14, 6
7_17_10 6, 14, 2, 10, 7, 15, 3
4_29_00 4,12, 16, 8
2_26_14 6, 14
5_13_06 7, 15, 3, 11, 4
3_17_14 8, 16, 4
1_3_20 3
1_16_00 8
4_18_14 8, 16, 4, 12
1_23_08 14
6_5_00 2, 10, 14, 6, 3, 11
1_17_00 1
8_20_14 8, 16, 4, 12, 9, 1, 5, 13
8_19_04 3, 11, 15, 7, 4, 12, 16, 8
1_17_18 10
4_23_22 13, 5, 9, 1
2_14_00 16, 8
4_14_20 14, 6, 10, 2
8_15_06 7, 15, 3, 11, 4, 12, 16, 8
5_10_08 7, 15, 3, 11, 4
2_26_10 4, 12
3_9_18 12, 4, 8
2_22_12 4, 12
6_23_00 2, 10, 14, 6, 3, 11
1_12_10 12
6_2_16 9, 1, 5, 13, 6, 14
5_20_18 10, 2, 6, 14, 15
4_13_00 4,12, 16, 8
7_25_10 8, 16, 4, 12, 9, 1, 5
4_26_14 10, 2, 6, 14
8_25_20 13, 5, 9, 1, 14, 6, 10, 2
6_12_10 8, 16, 4, 12, 5, 13
5_26_00 3, 11, 15, 7, 16
6_23_16 10, 2, 6, 14, 11, 3
7_8_20 12, 4, 8, 16, 1, 9, 13
3_24_04 16, 8, 4
2_22_18 7, 15
6_10_16 11, 3, 7, 15, 8, 16
7_18_14 8, 16, 4, 12, 5, 13, 1
8_2_18 10, 2, 6, 14, 11, 3, 7, 15
4_3_06 4, 12, 16, 8
6_4_12 7, 15, 3, 11, 4, 12
3_2_14 4, 12, 16
7_10_02 4, 12, 16, 8, 1, 9, 13
5_9_14 10, 2, 6, 14, 11
1_4_12 11
6_4_16 9, 1, 5, 13, 6, 14
2_11_16 11, 3
5_9_06 6, 14, 2, 10, 7
3_20_22 8, 16, 12
3_20_16 5, 13, 9
8_15_10 9, 1, 5, 13, 6, 14, 2, 10
3_29_12 10, 2, 6
6_16_12 10, 2, 6, 14, 3, 11
1_24_02 7
8_5_18 11, 3, 7, 15, 12, 4, 8, 16
4_1_08 5, 13, 1, 9
6_16_20 14, 6, 10, 2, 7, 15
4_25_00 3, 11, 15, 7
2_9_16 11, 3
5_17_16 9, 1, 5, 13, 10
2_21_06 5, 13
5_30_04 6, 14, 2, 10, 15
5_12_16 11, 3, 7, 15, 16
1_6_02 15
7_19_08 5, 13, 1, 9, 14, 6, 10
1_22_14 5
7_13_08 8, 16, 4, 12, 5, 13, 1
6_29_06 7, 15, 3, 11, 4, 12
2_30_16 8, 16
6_31_06 7, 15, 3, 11, 4, 12
5_18_10 6, 14, 2, 10, 3
6_27_14 10, 2, 6, 14, 11, 3
2_30_10 5, 13
1_13_00 4
7_15_00 4, 12, 16, 8, 9, 1, 5
5_28_12 9, 1, 5, 13, 14
2_25_04 5, 13
5_19_08 5, 13, 1, 9, 14
2_4_08 1, 9
2_20_02 14, 6
5_15_16 12, 4, 8, 16, 1
3_30_06 3, 11, 15
4_29_06 7, 15, 3, 11
2_28_06 2, 10
8_21_16 10, 2, 6, 14, 11, 3, 7, 15
3_14_22 11, 3, 7
8_2_20 11, 3, 7, 15, 12, 4, 8, 16
6_16_04 6, 14, 2, 10, 15, 7
6_9_12 9, 1, 5, 13, 10, 2
3_12_22 10, 2, 14
7_11_10 8, 16, 4, 12, 1, 9, 13
7_10_06 6, 14, 2, 10, 3, 11, 15
8_21_22 13, 5, 9, 1, 14, 6, 10, 2
8_16_08 8, 16, 4, 12, 5, 13, 1, 9
3_9_14 10, 2, 6
4_12_10 8, 16, 4, 12
2_23_06 5, 13
8_11_22 14, 6, 10, 2, 15, 7, 11, 3
3_6_04 16, 8, 12
7_24_12 8, 16, 4, 12, 13, 5, 9
6_4_06 4, 12, 16, 8, 1, 9
7_7_12 8, 16, 4, 12, 1, 9, 13
3_1_06 4, 12, 16
4_17_00 1, 9, 13, 5
6_19_18 10, 2, 6, 14, 11, 3
4_13_16 12, 4, 8, 16
6_2_02 2, 10, 14, 6, 15, 7
3_12_02 16, 8, 4
7_2_00 1, 9, 13, 5, 14, 6, 10
5_28_18 12, 4, 8, 16, 1
3_8_20 8, 16, 12
3_21_12 8, 16, 4
1_16_00 8
7_19_10 6, 14, 2, 10, 15, 7, 11
4_19_04 3, 11, 15, 7
4_13_14 11, 3, 7, 15
1_30_18 9
4_8_06 5, 13, 1, 9
8_26_08 7, 15, 3, 11, 8, 16, 4, 12
4_18_18 10, 2, 6, 14
3_6_08 2, 10, 14
2_14_08 4, 12
6_25_02 4, 12, 16, 8, 5, 13
7_9_16 11, 3, 7, 15, 12, 4, 8
4_6_22 13, 5, 9, 1
5_3_22 12, 4, 8, 16, 5
2_8_16 6, 14
4_13_06 7, 15, 3, 11
4_31_20 14, 6, 10, 2
5_16_22 15, 7, 11, 3, 16
5_24_08 6, 14, 2, 10, 11
2_4_20 7, 15
7_18_08 5, 13, 1, 9, 2, 10, 14
2_21_02 3, 11
7_13_06 7, 15, 3, 11, 4, 12, 16
7_9_00 3, 11, 15, 7, 4, 12, 16
7_1_12 7, 15, 3, 11, 8, 16, 4
7_27_02 4, 12, 16, 8, 13, 5, 9
5_23_20 12, 4, 8, 16, 5
6_12_16 11, 3, 7, 15, 8, 16
2_13_04 6, 14
8_7_10 7, 15, 3, 11, 8, 16, 4, 12
1_15_10 1
5_20_04 3, 11, 15, 7, 8
8_31_16 12, 4, 8, 16, 9, 1, 5, 13
6_11_00 3, 11, 15, 7, 4, 12
8_22_06 5, 13, 1, 9, 6, 14, 2, 10
1_17_14 8
1_8_14 13
8_29_00 4, 12, 16, 8, 1, 9, 13, 5
4_20_10 6, 14, 2, 10
1_21_00 2
6_8_16 10, 2, 6, 14, 7, 15
1_23_14 1
7_8_08 6, 14, 2, 10, 11, 3, 7
7_21_18 11, 3, 7, 15, 12, 4, 8
2_21_02 3, 11
3_26_06 2, 10, 14
3_24_14 5, 13, 9
2_29_16 12, 4
7_26_00 3, 11, 15, 7, 16, 8, 12
6_7_00 2, 10, 14, 6, 3, 11
7_25_20 13, 5, 9, 1, 14, 6, 10
2_18_10 2, 10
7_12_12 9, 1, 5, 13, 14, 6, 10
3_24_06 1, 9, 5
7_21_20 12, 4, 8, 16, 13, 5, 9
3_17_04 3, 11, 15
1_20_16 13
4_2_22 12, 4, 8, 16
2_16_18 9, 1
4_31_12 10, 2, 6, 14
2_23_20 12, 4
4_20_00 1, 9, 13, 5
7_24_00 2, 10, 14, 6, 7, 15, 3
4_23_14 9, 1, 5, 13
2_11_20 13, 5
2_11_04 5, 13
5_2_08 5, 13, 1, 9, 2
2_30_22 11, 3
7_16_04 6, 14, 2, 10, 7, 15, 3
2_31_02 5, 13
7_19_04 3, 11, 15, 7, 12, 4, 8
2_6_06 1, 9
2_14_08 4, 12
3_1_20 11, 3, 7
2_29_16 12, 4
4_2_02 2, 10, 14, 6
2_11_06 6, 14
5_14_20 14, 6, 10, 2, 7
8_3_20 11, 3, 7, 15, 12, 4, 8, 16
7_2_14 8, 16, 4, 12, 5, 13, 1
3_22_04 16, 8, 12
7_18_20 11, 3, 7, 15, 8, 16, 4
2_14_14 7, 15
1_7_20 4
1_6_04 16
3_21_14 9, 1, 5
3_19_06 4, 12, 8
4_4_14 8, 16, 4, 12
2_11_16 11, 3
7_6_00 2, 10, 14, 6, 15, 7, 11
4_22_12 8, 16, 4, 12
2_31_16 12, 4
8_3_22 12, 4, 8, 16, 13, 5, 9, 1
6_21_20 12, 4, 8, 16, 13, 5
3_16_18 9, 1, 13
2_28_14 6, 14
1_1_20 11
4_23_12 8, 16, 4, 12
6_17_10 6, 14, 2, 10, 7, 15
5_21_18 11, 3, 7, 15, 12
2_22_20 8, 16
2_2_12 3, 11
3_3_10 6, 14, 10
4_26_02 4, 12, 16, 8
1_5_10 7
1_6_22 9
4_11_20 13, 5, 9, 1
2_17_16 9, 1
3_22_08 2, 10, 14
6_5_06 5, 13, 1, 9, 6, 14
1_14_00 16
6_30_02 5, 13, 1, 9, 14, 6
1_19_02 10
6_17_20 11, 3, 7, 15, 12, 4
3_5_16 10, 2, 6
4_7_00 2, 10, 14, 6
5_21_04 4, 12, 16, 8, 5
4_16_10 9, 1, 5, 13
4_1_22 12, 4, 8, 16
8_17_18 10, 2, 6, 14, 11, 3, 7, 15
5_26_10 8, 16, 4, 12, 5
8_10_08 7, 15, 3, 11, 8, 16, 4, 12
2_19_20 11, 3
6_3_16 9, 1, 5, 13, 10, 2
8_1_02 2, 10, 14, 6, 3, 11, 15, 7
5_1_14 8, 16, 4, 12, 9
1_18_16 5
6_25_02 4, 12, 16, 8, 5, 13
5_17_16 9, 1, 5, 13, 10
1_4_12 11
5_26_08 7, 15, 3, 11, 4
4_3_18 10, 2, 6, 14
5_25_14 10, 2, 6, 14, 11
1_24_22 1
8_26_00 3, 11, 15, 7, 4, 12, 16, 8
1_13_18 13
8_8_04 4, 12, 16, 8, 5, 13, 1, 9
5_25_04 5, 13, 1, 9, 6
8_27_12 9, 1, 5, 13, 10, 2, 6, 14
5_19_18 10, 2, 6, 14, 3
6_19_14 8, 16, 4, 12, 9, 1
2_14_04 2, 10
8_30_16 12, 4, 8, 16, 9, 1, 5, 13
2_27_20 13, 5
1_22_00 14
6_8_02 3, 11, 15, 7, 16, 8
1_25_22 14
5_30_16 12, 4, 8, 16, 5
5_10_00 3, 11, 15, 7, 16
3_29_02 5, 13, 1
2_11_02 4, 12
7_28_04 5, 13, 1, 9, 10, 2, 6
6_16_18 13, 5, 9, 1, 6, 14
4_6_00 2, 10, 14, 6
5_12_08 7, 15, 3, 11, 12
1_25_16 11
8_1_18 10, 2, 6, 14, 11, 3, 7, 15
7_7_02 3, 11, 15, 7, 12, 4, 8
7_20_00 1, 9, 13, 5, 6, 14, 2
1_30_16 8
2_14_02 1, 9
6_23_14 9, 1, 5, 13, 10, 2
5_19_14 8, 16, 4, 12, 1
6_14_12 10, 2, 6, 14, 3, 11
7_16_04 6, 14, 2, 10, 7, 15, 3
8_11_18 12, 4, 8, 16, 13, 5, 9, 1
2_30_18 9, 1
6_26_04 5, 13, 1, 9, 2, 10
7_15_02 5, 13, 1, 9, 10, 2, 6
8_29_06 7, 15, 3, 11, 4, 12, 16, 8
5_20_02 2, 10, 14, 6, 7
2_13_02 5, 13
7_28_10 8, 16, 4, 12, 13, 5, 9
8_26_12 9, 1, 5, 13, 10, 2, 6, 14
8_13_18 13, 5, 9, 1, 10, 2, 6, 14
1_8_20 16
5_28_02 4, 12, 16, 8, 9
5_9_16 11, 3, 7, 15, 12
7_4_06 4, 12, 16, 8, 9, 1, 5
7_20_10 6, 14, 2, 10, 11, 3, 7
8_16_06 7, 15, 3, 11, 4, 12, 16, 8
3_14_22 11, 3, 7
1_24_12 12
6_30_04 6, 14, 2, 10, 15, 7
4_15_12 10, 2, 6, 14
1_8_20 16
2_21_00 2, 10
4_23_16 10, 2, 6, 14
4_18_06 4, 12, 16, 8
7_1_16 9, 1, 5, 13, 10, 2, 6
4_22_02 3, 11, 15, 7
7_8_06 5, 13, 1, 9, 10, 2, 6
5_28_10 8, 16, 4, 12, 13
3_28_04 1, 9, 5
1_18_18 6
4_25_16 11, 3, 7, 15
5_11_08 7, 15, 3, 11, 16
3_5_22 13, 5, 9
3_8_16 6, 14, 10
3_24_02 15, 7, 3
5_8_12 8, 16, 4, 12, 13
5_3_12 7, 15, 3, 11, 16
8_4_02 2, 10, 14, 6, 3, 11, 15, 7
1_29_16 12
1_26_02 16
4_9_06 6, 14, 2, 10
8_8_12 8, 16, 4, 12, 9, 1, 5, 13
2_12_10 4, 12
2_29_14 11, 3
3_4_08 1, 9, 5
4_17_04 3, 11, 15, 7
4_13_02 5, 13, 1, 9
8_16_14 11, 3, 7, 15, 8, 16, 4, 12
2_15_02 5, 13
2_26_16 7, 15
4_13_12 10, 2, 6, 14
5_22_20 12, 4, 8, 16, 9
2_15_12 10, 2
6_29_12 10, 2, 6, 14, 7, 15
8_7_08 6, 14, 2, 10, 7, 15, 3, 11
8_6_00 2, 10, 14, 6, 3, 11, 15, 7
2_13_10 9, 1
2_9_10 8, 16
2_14_00 16, 8
6_19_08 5, 13, 1, 9, 6, 14
4_29_22 15, 7, 11, 3
1_12_14 14
5_13_20 14, 6, 10, 2, 11
8_31_14 11, 3, 7, 15, 8, 16, 4, 12
8_20_04 3, 11, 15, 7, 4, 12, 16, 8
8_27_12 9, 1, 5, 13, 10, 2, 6, 14
6_14_14 11, 3, 7, 15, 4, 12
2_13_22 15, 7
5_10_00 3, 11, 15, 7, 16
4_3_00 1, 9, 13, 5
2_8_22 9, 1
1_22_08 2
2_25_04 5, 13
8_31_22 15, 7, 11, 3, 12, 4, 8, 16
1_26_10 4
3_14_04 2, 10, 14
6_11_04 5, 13, 1, 9, 6, 14
3_16_00 16, 8, 4
2_17_16 9, 1
2_4_22 8, 16
7_3_10 6, 14, 2, 10, 15, 7, 11
6_6_18 11, 3, 7, 15, 8, 16
3_15_02 5, 13, 9
8_6_10 7, 15, 3, 11, 8, 16, 4, 12
1_14_00 16
3_18_16 5, 13, 1
3_29_12 10, 2, 6
1_18_18 6
3_1_14 8, 16, 4
1_13_08 8
4_1_04 3, 11, 15, 7
2_22_04 16, 8
5_16_04 6, 14, 2, 10, 7
4_13_04 6, 14, 2, 10
7_1_16 9, 1, 5, 13, 10, 2, 6
6_5_12 8, 16, 4, 12, 9, 1
1_3_14 16
8_9_12 9, 1, 5, 13, 10, 2, 6, 14
3_20_08 1, 9, 5
4_18_18 10, 2, 6, 14
1_16_12 14
4_9_04 5, 13, 1, 9
4_15_02 5, 13, 1, 9
6_4_18 10, 2, 6, 14, 7, 15
5_28_08 7, 15, 3, 11, 12
1_20_18 14
4_6_10 7, 15, 3, 11
2_13_22 15, 7
3_12_14 6, 14, 10
8_22_06 5, 13, 1, 9, 6, 14, 2, 10
7_30_00 4, 12, 16, 8, 13, 5, 9
5_22_20 12, 4, 8, 16, 9
3_10_18 8, 16, 4
8_13_04 6, 14, 2, 10, 3, 11, 15, 7
6_21_08 6, 14, 2, 10, 7, 15
7_18_00 1, 9, 13, 5, 14, 6, 10
8_13_00 4, 12, 16, 8, 1, 9, 13, 5
5_13_08 8, 16, 4, 12, 5
8_21_08 6, 14, 2, 10, 7, 15, 3, 11
5_1_10 6, 14, 2, 10, 7
8_29_14 11, 3, 7, 15, 8, 16, 4, 12
4_31_00 4,12, 16, 8
5_6_10 7, 15, 3, 11, 4
7_9_00 3, 11, 15, 7, 4, 12, 16
1_24_12 12
1_14_14 7
4_15_04 6, 14, 2, 10
4_31_14 11, 3, 7, 15
3_31_06 7, 15, 11
8_16_08 8, 16, 4, 12, 5, 13, 1, 9
6_31_00 4, 12, 16, 8, 1, 9
7_29_02 5, 13, 1, 9, 2, 10, 14
4_23_04 4, 12, 16, 8
5_20_04 3, 11, 15, 7, 8
1_8_00 6
5_19_06 4, 12, 16, 8, 13
8_4_04 3, 11, 15, 7, 4, 12, 16, 8
7_2_12 7, 15, 3, 11, 4, 12, 16
7_28_00 3, 11, 15, 7, 8, 16, 4
8_19_02 2, 10, 14, 6, 3, 11, 15, 7
6_12_16 11, 3, 7, 15, 8, 16
8_21_00 2, 10, 14, 6, 3, 11, 15, 7
4_2_18 10, 2, 6, 14
2_20_04 15, 7
5_5_04 4, 12, 16, 8, 5
1_12_02 8
6_17_22 12, 4, 8, 16, 13, 5
3_30_08 4, 12, 16
3_14_16 8, 16, 4
2_27_18 12, 4
3_21_20 12, 4, 8
6_25_22 14, 6, 10, 2, 15, 7
1_21_22 13
1_16_14 15
3_29_22 15, 7, 11
2_5_16 10, 2
1_4_04 7
7_23_18 11, 3, 7, 15, 4, 12, 16
3_19_20 11, 3, 15
8_24_04 4, 12, 16, 8, 5, 13, 1, 9
4_16_18 13, 5, 9, 1
2_29_08 8, 16
5_23_18 11, 3, 7, 15, 4
3_21_00 2, 10, 14
2_13_16 12, 4
7_22_00 2, 10, 14, 6, 15, 7, 11
8_31_06 7, 15, 3, 11, 4, 12, 16, 8
4_27_08 7, 15, 3, 11
6_30_22 15, 7, 11, 3, 8, 16
7_27_00 3, 11, 15, 7, 12, 4, 8
2_25_06 6, 14
2_13_08 8, 16
4_21_10 7, 15, 3, 11
1_20_00 5
3_2_18 6, 14, 2
3_9_22 14, 6, 10
3_26_22 10, 2, 6
1_25_12 9
7_2_16 9, 1, 5, 13, 6, 14, 2
4_30_04 6, 14, 2, 10
6_14_04 6, 14, 2, 10, 15, 7
2_24_18 7, 15
3_18_10 2, 10, 14
2_15_10 9, 1
8_9_22 14, 6, 10, 2, 15, 7, 11, 3
3_9_10 8, 16, 4
4_11_02 4, 12, 16, 8
1_1_10 6
1_12_16 15
4_17_02 2, 10, 14, 6
3_7_06 5, 13, 9
4_3_14 8, 16, 4, 12
3_18_08 1, 9, 13
8_19_04 3, 11, 15, 7, 4, 12, 16, 8
4_16_18 13, 5, 9, 1
7_30_16 12, 4, 8, 16, 5, 13, 1
6_28_18 12, 4, 8, 16, 9, 1
7_29_02 5, 13, 1, 9, 2, 10, 14
5_11_10 8, 16, 4, 12, 1
5_22_02 3, 11, 15, 7, 16
3_21_10 7, 15, 3
3_10_10 4, 12, 16
8_20_18 10, 2, 6, 14, 11, 3, 7, 15
5_7_08 6, 14, 2, 10, 15
5_28_16 11, 3, 7, 15, 16
2_12_00 15, 7
1_1_16 9
4_20_22 12, 4, 8, 16
7_31_20 14, 6, 10, 2, 3, 11, 15
2_15_08 8, 16
1_3_10 14
7_9_02 4, 12, 16, 8, 5, 13, 1
7_11_18 12, 4, 8, 16, 5, 13, 1
4_25_08 7, 15, 3, 11
8_3_20 11, 3, 7, 15, 12, 4, 8, 16
7_16_22 15, 7, 11, 3, 16, 8, 12
3_7_00 2, 10, 6
5_1_08 5, 13, 1, 9, 6
1_10_18 8
6_14_22 15, 7, 11, 3, 8, 16
4_4_20 11, 3, 7, 15
1_25_16 11
8_16_14 11, 3, 7, 15, 8, 16, 4, 12
8_24_10 7, 15, 3, 11, 8, 16, 4, 12
1_11_08 15
7_20_18 10, 2, 6, 14, 15, 7, 11
2_5_04 4, 12
6_14_22 15, 7, 11, 3, 8, 16
2_11_00 3, 11
5_3_18 10, 2, 6, 14, 3
6_15_22 15, 7, 11, 3, 12, 4
6_13_02 5, 13, 1, 9, 2, 10
1_14_14 7
6_11_02 4, 12, 16, 8, 5, 13
6_3_14 8, 16, 4, 12, 9, 1
6_21_04 4, 12, 16, 8, 5, 13
6_11_20 13, 5, 9, 1, 14, 6
7_16_10 9, 1, 5, 13, 10, 2, 6
6_12_04 5, 13, 1, 9, 2, 10
7_21_00 2, 10, 14, 6, 3, 11, 15
8_1_20 11, 3, 7, 15, 12, 4, 8, 16
2_27_14 10, 2
6_30_18 13, 5, 9, 1, 6, 14
4_18_12 7, 15, 3, 11
5_19_18 10, 2, 6, 14, 3
3_27_02 4, 12, 8
4_27_06 6, 14, 2, 10
3_1_10 6, 14, 2
5_2_12 7, 15, 3, 11, 4
4_7_08 6, 14, 2, 10
6_28_16 11, 3, 7, 15, 8, 16
7_23_12 8, 16, 4, 12, 1, 9, 13
7_25_18 12, 4, 8, 16, 13, 5, 9
8_22_00 2, 10, 14, 6, 3, 11, 15, 7
6_23_08 6, 14, 2, 10, 7, 15
5_13_00 4, 12, 16, 8, 1
7_1_14 8, 16, 4, 12, 9, 1, 5
6_20_00 1, 9, 13, 5, 14, 6
1_3_16 1
1_17_10 6
8_23_04 4, 12, 16, 8, 5, 13, 1, 9
8_5_08 6, 14, 2, 10, 7, 15, 3, 11
1_16_12 14
7_8_12 8, 16, 4, 12, 13, 5, 9
1_26_22 10
1_16_18 1
2_10_14 6, 14
4_27_22 14, 6, 10, 2
3_2_08 1, 9, 13
3_6_20 8, 16, 4
7_30_22 15, 7, 11, 3, 8, 16, 4
6_9_00 3, 11, 15, 7, 4, 12
3_16_16 8, 16, 12
5_26_08 7, 15, 3, 11, 4
8_10_12 9, 1, 5, 13, 10, 2, 6, 14
5_27_06 6, 14, 2, 10, 15
1_10_12 5
5_26_12 9, 1, 5, 13, 6
4_10_14 10, 2, 6, 14
8_7_10 7, 15, 3, 11, 8, 16, 4, 12
6_27_14 10, 2, 6, 14, 11, 3
1_1_20 11
3_18_02 14, 6, 10
3_3_16 9, 1, 13
4_1_00 1, 9, 13, 5
6_12_18 12, 4, 8, 16, 9, 1
7_29_00 4, 12, 16, 8, 1, 9, 13
1_3_02 10
1_4_20 15
3_24_10 3, 11, 7
7_13_10 9, 1, 5, 13, 6, 14, 2
1_24_20 16
3_1_06 4, 12, 16
1_24_00 6
8_29_16 12, 4, 8, 16, 9, 1, 5, 13
5_27_06 6, 14, 2, 10, 15
3_7_02 3, 11, 7
6_11_10 8, 16, 4, 12, 9, 1
5_21_10 7, 15, 3, 11, 8
7_2_02 2, 10, 14, 6, 15, 7, 11
3_21_14 9, 1, 5
7_22_10 7, 15, 3, 11, 4, 12, 16
7_17_06 4, 12, 16, 8, 5, 13, 1
2_19_10 6, 14
1_31_02 13
5_14_00 4, 12, 16, 8, 13
2_14_10 5, 13
1_5_20 12
6_20_08 5, 13, 1, 9, 2, 10
6_10_04 5, 13, 1, 9, 2, 10
8_26_08 7, 15, 3, 11, 8, 16, 4, 12
7_6_12 8, 16, 4, 12, 5, 13, 1
6_31_12 10, 2, 6, 14, 7, 15
5_13_16 12, 4, 8, 16, 9
6_25_02 4, 12, 16, 8, 5, 13
4_12_20 13, 5, 9, 1
8_31_14 11, 3, 7, 15, 8, 16, 4, 12
2_8_02 15, 7
6_25_22 14, 6, 10, 2, 15, 7
2_6_10 3, 11
6_30_14 11, 3, 7, 15, 4, 12
5_28_20 13, 5, 9, 1, 2
4_9_06 6, 14, 2, 10
7_10_22 14, 6, 10, 2, 11, 3, 7
6_18_18 10, 2, 6, 14, 7, 15
3_28_04 1, 9, 5
4_27_00 3, 11, 15, 7
1_1_08 5
5_4_16 9, 1, 5, 13, 14
6_19_18 10, 2, 6, 14, 11, 3
6_22_02 3, 11, 15, 7, 16, 8
6_26_22 14, 6, 10, 2, 11, 3
4_2_16 9, 1, 5, 13
3_9_14 10, 2, 6
4_26_04 5, 13, 1, 9
8_31_00 4, 12, 16, 8, 1, 9, 13, 5
5_31_14 11, 3, 7, 15, 16
3_29_16 12, 4, 8
2_31_20 14, 6
7_16_14 11, 3, 7, 15, 12, 4, 8
8_30_04 6, 14, 2, 10, 3, 11, 15, 7
2_23_04 4, 12
4_27_02 4, 12, 16, 8
5_31_14 11, 3, 7, 15, 16
6_30_14 11, 3, 7, 15, 4, 12
6_14_18 13, 5, 9, 1, 6, 14
6_17_18 10, 2, 6, 14, 11, 3
7_17_18 10, 2, 6, 14, 11, 3, 7
8_19_16 9, 1, 5, 13, 10, 2, 6, 14
3_22_16 6, 14, 2
2_29_20 14, 6
7_30_16 12, 4, 8, 16, 5, 13, 1
6_4_04 3, 11, 15, 7, 16, 8
5_12_18 12, 4, 8, 16, 1
6_1_12 7, 15, 3, 11, 8, 16
2_15_18 13, 5
7_3_10 6, 14, 2, 10, 15, 7, 11
3_1_12 7, 15, 3
2_9_18 12, 4
1_10_06 2
8_14_16 12, 4, 8, 16, 9, 1, 5, 13
6_15_14 11, 3, 7, 15, 8, 16
4_13_06 7, 15, 3, 11
3_22_10 3, 11, 15
5_21_14 9, 1, 5, 13, 10
7_16_16 12, 4, 8, 16, 13, 5, 9
4_7_18 11, 3, 7, 15
8_23_02 3, 11, 15, 7, 4, 12, 16, 8
4_16_20 14, 6, 10, 2
3_13_16 12, 4, 8
6_2_10 6, 14, 2, 10, 3, 11
5_14_14 11, 3, 7, 15, 4
8_3_00 1, 9, 13, 5, 2, 10, 14, 6
1_20_20 15
1_14_02 1
5_15_02 5, 13, 1, 9, 10
5_27_06 6, 14, 2, 10, 15
5_21_22 13, 5, 9, 1, 14
1_15_22 7
6_14_22 15, 7, 11, 3, 8, 16
4_1_08 5, 13, 1, 9
2_5_10 7, 15
5_15_12 10, 2, 6, 14, 15
5_4_04 3, 11, 15, 7, 8
3_28_18 8, 16, 12
4_9_16 11, 3, 7, 15
5_25_06 6, 14, 2, 10, 7
4_10_08 7, 15, 3, 11
3_9_04 5, 13, 1
1_21_08 6
3_25_10 8, 16, 4
2_9_14 10, 2
7_19_16 9, 1, 5, 13, 2, 10, 14
8_26_14 10, 2, 6, 14, 11, 3, 7, 15
7_21_00 2, 10, 14, 6, 3, 11, 15
8_22_06 5, 13, 1, 9, 6, 14, 2, 10
7_26_22 14, 6, 10, 2, 11, 3, 7
3_31_10 9, 1, 13
3_29_06 7, 15, 3
2_11_00 3, 11
8_31_12 10, 2, 6, 14, 7, 15, 3, 11
4_6_02 3, 11, 15, 7
1_16_10 13
1_17_14 8
3_28_02 16, 8, 4
2_21_16 10, 2
6_25_08 7, 15, 3, 11, 8, 16
7_25_10 8, 16, 4, 12, 9, 1, 5
3_17_10 6, 14, 2
4_2_22 12, 4, 8, 16
3_28_12 5, 13, 9
2_3_00 1, 9
2_13_12 10, 2
6_22_16 10, 2, 6, 14, 7, 15
7_8_20 12, 4, 8, 16, 1, 9, 13
8_10_00 3, 11, 15, 7, 4, 12, 16, 8
3_1_08 5, 13, 1
4_1_10 6, 14, 2, 10
3_4_22 8, 16, 12
8_7_08 6, 14, 2, 10, 7, 15, 3, 11
7_30_20 14, 6, 10, 2, 7, 15, 3
3_27_02 4, 12, 8
4_30_10 9, 1, 5, 13
2_4_04 15, 7
6_25_12 9, 1, 5, 13, 10, 2
6_11_16 11, 3, 7, 15, 12, 4
6_21_20 12, 4, 8, 16, 13, 5
5_6_20 12, 4, 8, 16, 9
7_27_16 11, 3, 7, 15, 4, 12, 16
5_29_12 10, 2, 6, 14, 7
2_16_06 3, 11
8_12_08 7, 15, 3, 11, 8, 16, 4, 12
5_19_12 7, 15, 3, 11, 16
2_18_16 5, 13
5_17_08 5, 13, 1, 9, 6
2_9_02 4, 12
5_23_08 6, 14, 2, 10, 15
4_21_02 3, 11, 15, 7
7_5_06 5, 13, 1, 9, 6, 14, 2
8_14_16 12, 4, 8, 16, 9, 1, 5, 13
8_10_14 10, 2, 6, 14, 11, 3, 7, 15
1_16_00 8
2_5_04 4, 12
4_5_06 5, 13, 1, 9
8_13_12 10, 2, 6, 14, 7, 15, 3, 11
1_28_02 8
4_30_16 12, 4, 8, 16
3_8_02 15, 7, 3
3_29_00 4,12, 16
5_1_06 4, 12, 16, 8, 5
2_28_00 15, 7
2_5_20 12, 4
4_14_08 8, 16, 4, 12
2_6_02 15, 7
6_9_00 3, 11, 15, 7, 4, 12
7_5_20 12, 4, 8, 16, 13, 5, 9
6_1_18 10, 2, 6, 14, 11, 3
8_14_02 5, 13, 1, 9, 2, 10, 14, 6
6_11_00 3, 11, 15, 7, 4, 12
3_5_22 13, 5, 9
4_24_16 10, 2, 6, 14
4_27_00 3, 11, 15, 7
6_7_08 6, 14, 2, 10, 7, 15
2_24_14 5, 13
8_21_04 4, 12, 16, 8, 5, 13, 1, 9
3_15_20 14, 6, 2
1_4_04 7
1_7_00 10
4_12_18 12, 4, 8, 16
7_1_12 7, 15, 3, 11, 8, 16, 4
4_20_10 6, 14, 2, 10
8_22_18 11, 3, 7, 15, 12, 4, 8, 16
6_20_06 4, 12, 16, 8, 1, 9
5_7_06 5, 13, 1, 9, 14
5_8_16 10, 2, 6, 14, 15
5_26_18 12, 4, 8, 16, 9
3_29_08 8, 16, 4
4_9_04 5, 13, 1, 9
3_12_22 10, 2, 14
8_15_06 7, 15, 3, 11, 4, 12, 16, 8
3_28_12 5, 13, 9
5_29_14 11, 3, 7, 15, 8
4_26_22 14, 6, 10, 2
5_8_06 5, 13, 1, 9, 10
4_10_14 10, 2, 6, 14
4_2_14 8, 16, 4, 12
7_21_02 3, 11, 15, 7, 4, 12, 16
6_25_02 4, 12, 16, 8, 5, 13
3_10_16 7, 15, 3
8_5_02 3, 11, 15, 7, 4, 12, 16, 8
8_22_00 2, 10, 14, 6, 3, 11, 15, 7
3_31_20 14, 6, 2
7_10_06 6, 14, 2, 10, 3, 11, 15
5_9_08 7, 15, 3, 11, 8
5_6_12 8, 16, 4, 12, 5
4_7_10 7, 15, 3, 11
8_28_10 8, 16, 4, 12, 9, 1, 5, 13
8_27_08 7, 15, 3, 11, 8, 16, 4, 12
1_2_14 4
7_14_16 12, 4, 8, 16, 5, 13, 1
1_25_06 6
1_18_08 1
7_17_02 2, 10, 14, 6, 3, 11, 15
7_18_10 6, 14, 2, 10, 3, 11, 15
4_27_14 10, 2, 6, 14
4_5_20 12, 4, 8, 16
8_25_02 4, 12, 16, 8, 5, 13, 1, 9
1_17_06 4
4_27_06 6, 14, 2, 10
1_24_08 10
7_29_16 12, 4, 8, 16, 9, 1, 5
3_16_10 5, 13, 9
4_5_22 13, 5, 9, 1
8_4_04 3, 11, 15, 7, 4, 12, 16, 8
4_31_02 5, 13, 1, 9
4_6_02 3, 11, 15, 7
5_28_16 11, 3, 7, 15, 16
7_29_06 7, 15, 3, 11, 4, 12, 16
5_26_22 14, 6, 10, 2, 11
3_12_18 8, 16, 12
7_16_16 12, 4, 8, 16, 13, 5, 9
7_16_04 6, 14, 2, 10, 7, 15, 3
1_31_22 7
7_20_08 5, 13, 1, 9, 10, 2, 6
4_28_20 13, 5, 9, 1
8_4_18 10, 2, 6, 14, 11, 3, 7, 15
3_30_18 9, 1, 5
4_26_14 10, 2, 6, 14
6_16_02 5, 13, 1, 9, 14, 6
3_11_22 14, 6, 2
1_4_16 13
7_21_20 12, 4, 8, 16, 13, 5, 9
5_2_20 11, 3, 7, 15, 8
4_29_12 10, 2, 6, 14
3_30_02 1, 9, 13
1_12_16 15
7_13_04 6, 14, 2, 10, 3, 11, 15
3_11_22 14, 6, 2
6_1_00 1, 9, 13, 5, 2, 10
5_3_14 8, 16, 4, 12, 1
8_19_12 7, 15, 3, 11, 8, 16, 4, 12
1_22_20 8
5_25_00 3, 11, 15, 7, 4
4_18_04 3, 11, 15, 7
3_18_20 7, 15, 3
1_16_12 14
6_7_08 6, 14, 2, 10, 7, 15
2_27_16 11, 3
5_23_16 10, 2, 6, 14, 3
5_28_20 13, 5, 9, 1, 2
1_23_18 3
1_25_10 8
6_4_18 10, 2, 6, 14, 7, 15
2_10_18 8, 16
7_9_06 6, 14, 2, 10, 7, 15, 3
3_17_06 4, 12, 16
5_24_10 7, 15, 3, 11, 12
1_6_10 3
7_15_10 9, 1, 5, 13, 14, 6, 10
3_16_06 3, 11, 7
3_1_14 8, 16, 4
7_6_08 6, 14, 2, 10, 3, 11, 15
1_29_04 6
1_2_22 8
4_6_20 12, 4, 8, 16
1_10_22 10
3_14_20 10, 2, 6
3_2_22 8, 16, 4
6_6_08 6, 14, 2, 10, 3, 11
4_18_08 5, 13, 1, 9
8_4_10 6, 14, 2, 10, 7, 15, 3, 11
7_8_14 9, 1, 5, 13, 14, 6, 10
6_29_18 13, 5, 9, 1, 10, 2
4_14_04 6, 14, 2, 10
5_23_08 6, 14, 2, 10, 15
1_15_22 7
6_18_16 9, 1, 5, 13, 6, 14
8_17_08 5, 13, 1, 9, 6, 14, 2, 10
8_30_00 4, 12, 16, 8, 1, 9, 13, 5
3_30_08 4, 12, 16
3_6_08 2, 10, 14
6_15_02 5, 13, 1, 9, 2, 10
6_4_22 12, 4, 8, 16, 9, 1
6_7_06 5, 13, 1, 9, 6, 14
1_8_18 15
6_18_20 11, 3, 7, 15, 8, 16
3_12_12 5, 13, 9
3_31_20 14, 6, 2
6_27_00 3, 11, 15, 7, 4, 12
8_10_00 3, 11, 15, 7, 4, 12, 16, 8
2_26_06 2, 10
4_10_10 8, 16, 4, 12
4_23_00 2, 10, 14, 6
7_13_18 13, 5, 9, 1, 10, 2, 6
8_26_22 14, 6, 10, 2, 15, 7, 11, 3
3_4_08 1, 9, 5
6_25_14 10, 2, 6, 14, 11, 3
8_13_12 10, 2, 6, 14, 7, 15, 3, 11
5_24_22 13, 5, 9, 1, 2
1_5_06 5
1_21_00 2
6_11_14 10, 2, 6, 14, 11, 3
6_4_06 4, 12, 16, 8, 1, 9
4_15_00 4,12, 16, 8
2_22_04 16, 8
2_28_02 16, 8
5_9_16 11, 3, 7, 15, 12
2_27_04 5, 13
3_15_16 12, 4, 16
4_21_20 12, 4, 8, 16
5_10_14 10, 2, 6, 14, 7
4_21_16 10, 2, 6, 14
8_15_04 6, 14, 2, 10, 3, 11, 15, 7
4_28_10 8, 16, 4, 12
7_7_02 3, 11, 15, 7, 12, 4, 8
7_3_14 8, 16, 4, 12, 1, 9, 13
8_9_20 13, 5, 9, 1, 14, 6, 10, 2
8_2_12 7, 15, 3, 11, 8, 16, 4, 12
7_12_00 3, 11, 15, 7, 8, 16, 4
7_31_04 6, 14, 2, 10, 11, 3, 7
2_7_04 4, 12
1_25_16 11
4_2_08 5, 13, 1, 9
4_24_08 6, 14, 2, 10
7_13_08 8, 16, 4, 12, 5, 13, 1
5_16_20 14, 6, 10, 2, 15
7_24_20 12, 4, 8, 16, 1, 9, 13
4_2_06 4, 12, 16, 8
4_31_08 8, 16, 12
6_9_10 8, 16, 4, 12, 9, 1
3_17_08 5, 13, 1
3_8_06 1, 9, 5
4_2_08 5, 13, 1, 9
6_16_12 10, 2, 6, 14, 3, 11
6_6_12 8, 16, 4, 12, 5, 13
6_27_22 14, 6, 10, 2, 15, 7
2_14_12 6, 14
2_8_22 9, 1
7_5_08 6, 14, 2, 10, 7, 15, 3
3_3_22 12, 4, 16
1_24_12 12
8_2_12 7, 15, 3, 11, 8, 16, 4, 12
6_30_02 5, 13, 1, 9, 14, 6
7_14_06 7, 15, 3, 11, 16, 8, 12
7_25_18 12, 4, 8, 16, 13, 5, 9
6_26_16 11, 3, 7, 15, 8, 16
7_26_18 12, 4, 8, 16, 9, 1, 5
4_31_00 4,12, 16, 8
5_1_16 9, 1, 5, 13, 10
1_12_12 13
2_26_02 16, 8
6_31_02 5, 13, 1, 9, 2, 10
7_11_00 3, 11, 15, 7, 12, 4, 8
2_27_04 5, 13
5_1_20 11, 3, 7, 15, 12
6_23_12 8, 16, 4, 12, 9, 1
5_4_00 1, 9, 13, 5, 6
6_7_20 12, 4, 8, 16, 13, 5
7_5_00 2, 10, 14, 6, 3, 11, 15
5_17_06 4, 12, 16, 8, 5
5_20_18 10, 2, 6, 14, 15
5_5_00 2, 10, 14, 6, 3
4_28_20 13, 5, 9, 1
3_18_22 8, 16, 4
5_3_02 2, 10, 14, 6, 11
8_9_08 7, 15, 3, 11, 8, 16, 4, 12
6_31_04 6, 14, 2, 10, 3, 11
2_29_20 14, 6
1_5_02 3
6_23_16 10, 2, 6, 14, 11, 3
8_22_04 4, 12, 16, 8, 5, 13, 1, 9
7_23_12 8, 16, 4, 12, 1, 9, 13
7_12_00 3, 11, 15, 7, 8, 16, 4
6_26_18 12, 4, 8, 16, 9, 1
1_7_14 1
3_17_02 2, 10, 14
3_15_08 8, 16, 12
4_31_10 9, 1, 5, 13
5_16_16 12, 4, 8, 16, 13
7_9_10 8, 16, 4, 12, 9, 1, 5
1_12_02 8
8_25_16 11, 3, 7, 15, 12, 4, 8, 16
6_5_10 7, 15, 3, 11, 8, 16
7_7_06 5, 13, 1, 9, 14, 6, 10
7_29_14 11, 3, 7, 15, 8, 16, 4
7_6_02 3, 11, 15, 7, 16, 8, 12
3_8_16 6, 14, 10
4_7_16 10, 2, 6, 14
8_29_00 4, 12, 16, 8, 1, 9, 13, 5
6_20_06 4, 12, 16, 8, 1, 9
5_30_18 13, 5, 9, 1, 6
6_5_06 5, 13, 1, 9, 6, 14
4_15_14 11, 3, 7, 15
6_12_20 13, 5, 9, 1, 10, 2
6_15_06 7, 15, 3, 11, 4, 12
2_9_20 13, 5
6_25_12 9, 1, 5, 13, 10, 2
3_9_02 4, 12, 16
1_2_00 13
5_30_12 10, 2, 6, 14, 3
3_8_06 1, 9, 5
2_9_14 10, 2
1_27_02 12
5_31_22 15, 7, 11, 3, 4
7_8_14 9, 1, 5, 13, 14, 6, 10
5_13_02 5, 13, 1, 9, 2
7_2_08 5, 13, 1, 9, 2, 10, 14
4_31_04 6, 14, 2, 10
2_30_20 10, 2
3_8_08 2, 10, 6
8_28_22 14, 6, 10, 2, 15, 7, 11, 3
1_23_16 2
8_4_20 11, 3, 7, 15, 12, 4, 8, 16
1_21_16 10
2_12_20 9, 1
2_8_22 9, 1
2_8_06 1, 9
4_5_14 9, 1, 5, 13
5_23_16 10, 2, 6, 14, 3
3_28_14 6, 14, 10
7_3_02 2, 10, 14, 6, 11, 3, 7
6_4_20 11, 3, 7, 15, 8, 16
2_21_16 10, 2
6_27_02 4, 12, 16, 8, 5, 13
8_22_06 5, 13, 1, 9, 6, 14, 2, 10
3_17_02 2, 10, 14
2_31_20 14, 6
5_10_02 4, 12, 16, 8, 1
4_3_12 7, 15, 3, 11
8_2_12 7, 15, 3, 11, 8, 16, 4, 12
5_30_04 6, 14, 2, 10, 15
2_19_18 10, 2
7_5_16 10, 2, 6, 14, 11, 3, 7
1_31_22 7
4_2_04 3, 11, 15, 7
1_26_16 7
7_10_20 13, 5, 9, 1, 10, 2, 6
8_14_12 10, 2, 6, 14, 7, 15, 3, 11
2_25_06 6, 14
6_4_18 10, 2, 6, 14, 7, 15
2_20_10 2, 10
2_9_20 13, 5
7_23_08 6, 14, 2, 10, 15, 7, 11
6_14_14 11, 3, 7, 15, 4, 12
8_22_06 5, 13, 1, 9, 6, 14, 2, 10
2_7_04 4, 12
4_11_18 12, 4, 8, 16
4_5_14 9, 1, 5, 13
6_23_14 9, 1, 5, 13, 10, 2
3_30_10 5, 13, 1
1_23_22 5
5_22_00 2, 10, 14, 6, 15
6_18_22 12, 4, 8, 16, 9, 1
2_12_20 9, 1
6_19_22 12, 4, 8, 16, 13, 5
3_2_08 1, 9, 13
4_26_04 5, 13, 1, 9
1_7_10 15
5_1_04 3, 11, 15, 7, 4
8_19_06 4, 12, 16, 8, 5, 13, 1, 9
7_24_04 4, 12, 16, 8, 9, 1, 5
8_19_02 2, 10, 14, 6, 3, 11, 15, 7
5_27_12 9, 1, 5, 13, 2
5_14_10 9, 1, 5, 13, 2
3_26_14 6, 14, 2
7_1_18 10, 2, 6, 14, 11, 3, 7
8_12_06 6, 14, 2, 10, 7, 15, 3, 11
1_29_02 5
8_19_14 8, 16, 4, 12, 9, 1, 5, 13
3_12_10 4, 12, 8
6_17_08 5, 13, 1, 9, 6, 14
3_22_06 1, 9, 13
3_19_08 5, 13, 9
1_27_22 6
4_26_12 9, 1, 5, 13
6_22_14 9, 1, 5, 13, 6, 14
3_22_04 16, 8, 12
3_12_16 7, 15, 11
2_5_20 12, 4
2_12_22 10, 2
8_10_06 6, 14, 2, 10, 7, 15, 3, 11
6_24_22 13, 5, 9, 1, 10, 2
1_17_16 9
8_15_00 4, 12, 16, 8, 1, 9, 13, 5
2_19_02 2, 10
3_11_04 5, 13, 9
7_23_02 3, 11, 15, 7, 12, 4, 8
7_15_14 11, 3, 7, 15, 16, 8, 12
3_27_00 3, 11, 7
7_1_06 4, 12, 16, 8, 5, 13, 1
3_27_20 13, 5, 1
3_19_00 1, 9, 5
5_3_06 4, 12, 16, 8, 13
5_3_20 11, 3, 7, 15, 4
5_21_20 12, 4, 8, 16, 13
2_13_08 8, 16
8_11_10 8, 16, 4, 12, 9, 1, 5, 13
8_15_20 14, 6, 10, 2, 11, 3, 7, 15
3_30_20 10, 2, 6
5_24_00 2, 10, 14, 6, 7
3_25_06 6, 14, 2
4_5_14 9, 1, 5, 13
2_19_14 8, 16
7_31_22 15, 7, 11, 3, 4, 12, 16
7_8_14 9, 1, 5, 13, 14, 6, 10
6_13_14 11, 3, 7, 15, 8, 16
4_7_22 13, 5, 9, 1
8_10_00 3, 11, 15, 7, 4, 12, 16, 8
1_23_02 11
2_31_18 13, 5
3_19_22 12, 4, 16
3_27_06 6, 14, 10
3_22_14 5, 13, 1
5_8_14 9, 1, 5, 13, 14
5_3_06 4, 12, 16, 8, 13
7_15_08 8, 16, 4, 12, 13, 5, 9
8_3_00 1, 9, 13, 5, 2, 10, 14, 6
5_1_08 5, 13, 1, 9, 6
5_13_14 11, 3, 7, 15, 8
8_19_18 10, 2, 6, 14, 11, 3, 7, 15
3_3_12 7, 15, 11
7_3_20 11, 3, 7, 15, 4, 12, 16
5_31_18 13, 5, 9, 1, 2
5_18_14 8, 16, 4, 12, 5
3_25_14 10, 2, 6
5_3_06 4, 12, 16, 8, 13
6_12_16 11, 3, 7, 15, 8, 16
8_8_18 11, 3, 7, 15, 12, 4, 8, 16
4_24_04 4, 12, 16, 8
5_19_18 10, 2, 6, 14, 3
7_13_06 7, 15, 3, 11, 4, 12, 16
1_20_18 14
3_4_00 13, 5, 1
7_22_10 7, 15, 3, 11, 4, 12, 16
1_5_06 5
1_20_04 7
8_19_04 3, 11, 15, 7, 4, 12, 16, 8
5_3_12 7, 15, 3, 11, 16
6_29_10 9, 1, 5, 13, 6, 14
2_2_00 13, 5
3_18_08 1, 9, 13
2_11_12 9, 1
4_25_10 8, 16, 4, 12
8_13_02 5, 13, 1, 9, 2, 10, 14, 6
1_5_12 8
6_23_00 2, 10, 14, 6, 3, 11
8_4_20 11, 3, 7, 15, 12, 4, 8, 16
8_1_04 3, 11, 15, 7, 4, 12, 16, 8
2_16_02 1, 9
1_5_06 5
4_19_02 2, 10, 14, 6
4_2_00 1, 9, 13, 5
5_16_00 4, 12, 16, 8, 5
5_22_10 7, 15, 3, 11, 4
6_15_20 14, 6, 10, 2, 11, 3
1_12_06 10
7_17_14 8, 16, 4, 12, 9, 1, 5
3_27_06 6, 14, 10
1_29_14 11
3_8_10 3, 11, 7
3_7_10 7, 15, 11
6_16_22 15, 7, 11, 3, 8, 16
3_30_00 16, 8, 12
1_11_06 14
7_29_12 10, 2, 6, 14, 7, 15, 3
2_4_08 1, 9
3_6_10 3, 11, 15
5_24_16 10, 2, 6, 14, 15
6_12_04 5, 13, 1, 9, 2, 10
5_18_18 10, 2, 6, 14, 7
3_8_20 8, 16, 12
2_20_02 14, 6
1_19_14 16
6_8_20 12, 4, 8, 16, 9, 1
5_2_06 4, 12, 16, 8, 1
7_13_20 14, 6, 10, 2, 11, 3, 7
2_3_00 1, 9
1_30_06 3
4_29_22 15, 7, 11, 3
6_23_14 9, 1, 5, 13, 10, 2
4_14_14 11, 3, 7, 15
4_31_18 13, 5, 9, 1
8_22_12 8, 16, 4, 12, 9, 1, 5, 13
8_13_04 6, 14, 2, 10, 3, 11, 15, 7
8_30_04 6, 14, 2, 10, 3, 11, 15, 7
4_15_06 7, 15, 3, 11
2_12_06 2, 10
1_27_22 6
6_14_22 15, 7, 11, 3, 8, 16
3_10_04 1, 9, 13
4_8_22 13, 5, 9, 1
6_20_20 11, 3, 7, 15, 8, 16
2_8_12 4, 12
7_30_16 12, 4, 8, 16, 5, 13, 1
1_16_18 1
3_13_00 4,12, 16
7_13_14 11, 3, 7, 15, 8, 16, 4
2_23_18 11, 3
3_12_20 9, 1, 13
2_14_18 9, 1
1_15_08 16
1_22_08 2
5_1_14 8, 16, 4, 12, 9
2_29_02 5, 13
6_27_12 9, 1, 5, 13, 10, 2
3_9_10 8, 16, 4
5_17_04 3, 11, 15, 7, 4
3_15_02 5, 13, 9
8_31_16 12, 4, 8, 16, 9, 1, 5, 13
2_7_06 5, 13
5_14_10 9, 1, 5, 13, 2
2_21_04 4, 12
7_1_22 12, 4, 8, 16, 13, 5, 9
4_15_04 6, 14, 2, 10
6_11_10 8, 16, 4, 12, 9, 1
3_26_14 6, 14, 2
2_5_08 6, 14
4_23_20 12, 4, 8, 16
1_15_12 2
6_8_16 10, 2, 6, 14, 7, 15
3_3_06 4, 12, 8
3_8_14 5, 13, 9
4_7_00 2, 10, 14, 6
4_20_18 10, 2, 6, 14
5_25_04 5, 13, 1, 9, 6
2_12_04 1, 9
2_23_02 3, 11
3_19_14 8, 16, 12
8_16_08 8, 16, 4, 12, 5, 13, 1, 9
8_10_08 7, 15, 3, 11, 8, 16, 4, 12
5_27_14 10, 2, 6, 14, 3
8_27_02 4, 12, 16, 8, 5, 13, 1, 9
8_12_02 4, 12, 16, 8, 5, 13, 1, 9
3_9_14 10, 2, 6
1_4_16 13
7_19_16 9, 1, 5, 13, 2, 10, 14
8_23_04 4, 12, 16, 8, 5, 13, 1, 9
1_20_06 8
4_8_02 3, 11, 15, 7
4_10_16 11, 3, 7, 15
7_11_08 7, 15, 3, 11, 16, 8, 12
4_6_16 10, 2, 6, 14
8_14_12 10, 2, 6, 14, 7, 15, 3, 11
4_25_00 3, 11, 15, 7
2_11_00 3, 11
7_14_10 9, 1, 5, 13, 2, 10, 14
1_1_22 12
7_28_08 7, 15, 3, 11, 12, 4, 8
1_1_22 12
7_28_12 9, 1, 5, 13, 14, 6, 10
3_8_16 6, 14, 10
7_10_08 7, 15, 3, 11, 4, 12, 16
6_12_00 3, 11, 15, 7, 16, 8
5_10_02 4, 12, 16, 8, 1
4_30_12 10, 2, 6, 14
6_2_16 9, 1, 5, 13, 6, 14
3_4_04 15, 7, 3
8_15_04 6, 14, 2, 10, 3, 11, 15, 7
3_25_08 7, 15, 3
3_7_06 5, 13, 9
2_22_16 6, 14
6_25_22 14, 6, 10, 2, 15, 7
6_13_08 8, 16, 4, 12, 5, 13
7_14_06 7, 15, 3, 11, 16, 8, 12
3_8_12 4, 12, 8
4_8_22 13, 5, 9, 1
7_5_06 5, 13, 1, 9, 6, 14, 2
3_2_04 15, 7, 11
3_3_18 10, 2, 14
1_11_02 12
1_21_06 5
3_7_14 9, 1, 13
8_3_20 11, 3, 7, 15, 12, 4, 8, 16
7_16_18 13, 5, 9, 1, 14, 6, 10
1_30_20 10
4_23_16 10, 2, 6, 14
8_19_22 12, 4, 8, 16, 13, 5, 9, 1
8_7_10 7, 15, 3, 11, 8, 16, 4, 12
1_23_10 15
6_18_12 7, 15, 3, 11, 4, 12
6_22_10 7, 15, 3, 11, 4, 12
1_11_06 14
4_10_20 13, 5, 9, 1
2_13_20 14, 6
3_26_16 7, 15, 3
2_19_00 1, 9
7_27_04 5, 13, 1, 9, 14, 6, 10
7_22_20 12, 4, 8, 16, 9, 1, 5
8_20_22 12, 4, 8, 16, 13, 5, 9, 1
5_2_16 9, 1, 5, 13, 6
3_20_16 5, 13, 9
8_24_10 7, 15, 3, 11, 8, 16, 4, 12
6_15_20 14, 6, 10, 2, 11, 3
5_6_16 10, 2, 6, 14, 7
1_31_18 5
6_22_16 10, 2, 6, 14, 7, 15
3_9_06 6, 14, 2
2_20_10 2, 10
1_13_18 13
5_18_20 11, 3, 7, 15, 8
2_20_18 6, 14
5_4_08 5, 13, 1, 9, 10
8_21_00 2, 10, 14, 6, 3, 11, 15, 7
7_18_22 12, 4, 8, 16, 9, 1, 5
4_12_14 10, 2, 6, 14
5_30_18 13, 5, 9, 1, 6
1_18_14 4
7_31_20 14, 6, 10, 2, 3, 11, 15
6_23_06 5, 13, 1, 9, 6, 14
5_31_00 4, 12, 16, 8, 9
8_8_18 11, 3, 7, 15, 12, 4, 8, 16
7_31_06 7, 15, 3, 11, 12, 4, 8
3_29_18 13, 5, 9
4_2_02 2, 10, 14, 6
4_11_14 10, 2, 6, 14
3_17_16 9, 1, 5
3_5_16 10, 2, 6
2_16_20 10, 2
4_29_00 4,12, 16, 8
7_11_14 10, 2, 6, 14, 3, 11, 15
8_25_00 3, 11, 15, 7, 4, 12, 16, 8
8_24_18 11, 3, 7, 15, 12, 4, 8, 16
4_26_12 9, 1, 5, 13
3_17_10 6, 14, 2
7_7_06 5, 13, 1, 9, 14, 6, 10
8_30_12 10, 2, 6, 14, 7, 15, 3, 11
7_16_20 14, 6, 10, 2, 15, 7, 11
3_20_22 8, 16, 12
4_11_00 3, 11, 15, 7
8_6_02 3, 11, 15, 7, 4, 12, 16, 8
4_22_22 13, 5, 9, 1
3_8_12 4, 12, 8
7_11_04 5, 13, 1, 9, 14, 6, 10
2_27_22 14, 6
1_29_14 11
4_4_16 9, 1, 5, 13
8_17_22 12, 4, 8, 16, 13, 5, 9, 1
5_17_06 4, 12, 16, 8, 5
5_17_04 3, 11, 15, 7, 4
2_9_02 4, 12
3_23_12 8, 16, 12
2_29_12 10, 2
4_27_16 11, 3, 7, 15
3_14_22 11, 3, 7
6_26_08 7, 15, 3, 11, 4, 12
5_18_00 1, 9, 13, 5, 14
1_7_12 16
8_28_14 10, 2, 6, 14, 11, 3, 7, 15
5_9_02 4, 12, 16, 8, 5
8_25_06 6, 14, 2, 10, 7, 15, 3, 11
8_1_14 8, 16, 4, 12, 9, 1, 5, 13
8_26_14 10, 2, 6, 14, 11, 3, 7, 15
1_20_04 7
5_14_18 13, 5, 9, 1, 6
1_29_20 14
2_30_00 16, 8
3_31_18 13, 5, 1
6_8_06 5, 13, 1, 9, 2, 10
8_5_22 13, 5, 9, 1, 14, 6, 10, 2
5_24_00 2, 10, 14, 6, 7
6_28_06 6, 14, 2, 10, 3, 11
5_6_12 8, 16, 4, 12, 5
2_30_06 3, 11
1_2_18 6
3_19_08 5, 13, 9
7_26_22 14, 6, 10, 2, 11, 3, 7
1_20_02 6
4_12_20 13, 5, 9, 1
8_17_02 2, 10, 14, 6, 3, 11, 15, 7
4_18_06 4, 12, 16, 8
6_29_18 13, 5, 9, 1, 10, 2
6_1_04 3, 11, 15, 7, 4, 12
7_20_12 7, 15, 3, 11, 12, 4, 8
6_27_22 14, 6, 10, 2, 15, 7
2_24_02 15, 7
3_15_14 11, 3, 15
6_19_00 1, 9, 13, 5, 2, 10
3_19_10 6, 14, 10
3_18_16 5, 13, 1
6_27_08 7, 15, 3, 11, 8, 16
8_12_04 5, 13, 1, 9, 6, 14, 2, 10
5_24_00 2, 10, 14, 6, 7
6_16_16 12, 4, 8, 16, 5, 13
6_8_20 12, 4, 8, 16, 9, 1
2_30_10 5, 13
2_14_16 8, 16
8_9_16 11, 3, 7, 15, 12, 4, 8, 16
7_7_16 10, 2, 6, 14, 3, 11, 15
5_6_14 9, 1, 5, 13, 6
4_19_02 2, 10, 14, 6
3_30_14 7, 15, 3
2_15_10 9, 1
7_28_10 8, 16, 4, 12, 13, 5, 9
3_7_02 3, 11, 7
8_20_10 6, 14, 2, 10, 7, 15, 3, 11
2_5_00 2, 10
1_13_14 11
8_8_08 6, 14, 2, 10, 7, 15, 3, 11
6_3_00 1, 9, 13, 5, 2, 10
8_9_00 3, 11, 15, 7, 4, 12, 16, 8
8_31_16 12, 4, 8, 16, 9, 1, 5, 13
5_15_10 9, 1, 5, 13, 14
7_10_20 13, 5, 9, 1, 10, 2, 6
4_10_18 12, 4, 8, 16
7_6_20 12, 4, 8, 16, 9, 1, 5
8_2_08 5, 13, 1, 9, 6, 14, 2, 10
4_21_22 13, 5, 9, 1
7_6_08 6, 14, 2, 10, 3, 11, 15
5_21_04 4, 12, 16, 8, 5
7_21_16 10, 2, 6, 14, 11, 3, 7
1_18_22 8
5_14_00 4, 12, 16, 8, 13
7_19_04 3, 11, 15, 7, 12, 4, 8
2_27_12 9, 1
2_8_22 9, 1
3_26_12 5, 13, 1
8_11_20 13, 5, 9, 1, 14, 6, 10, 2
5_14_10 9, 1, 5, 13, 2
2_7_22 13, 5
2_19_22 12, 4
7_24_02 3, 11, 15, 7, 8, 16, 4
8_24_14 9, 1, 5, 13, 10, 2, 6, 14
2_27_14 10, 2
5_11_08 7, 15, 3, 11, 16
1_6_02 15
1_24_16 14
1_27_06 14
4_10_00 3, 11, 15, 7
1_13_22 15
8_4_14 8, 16, 4, 12, 9, 1, 5, 13
1_11_22 6
6_21_18 11, 3, 7, 15, 12, 4
2_9_04 5, 13
7_27_04 5, 13, 1, 9, 14, 6, 10
4_16_22 15, 7, 11, 3
1_21_02 3
2_24_18 7, 15
3_30_18 9, 1, 5
2_20_20 7, 15
4_12_14 10, 2, 6, 14
5_26_02 4, 12, 16, 8, 1
5_28_00 3, 11, 15, 7, 8
1_5_08 6
2_1_00 1, 9
6_27_08 7, 15, 3, 11, 8, 16
6_21_04 4, 12, 16, 8, 5, 13
3_24_18 7, 15, 11
5_4_02 2, 10, 14, 6, 7
5_17_16 9, 1, 5, 13, 10
2_1_16 9, 1
8_29_02 5, 13, 1, 9, 2, 10, 14, 6
2_7_20 12, 4
6_6_22 13, 5, 9, 1, 10, 2
8_21_10 7, 15, 3, 11, 8, 16, 4, 12
6_22_12 8, 16, 4, 12, 5, 13
4_12_08 7, 15, 3, 11
5_20_00 1, 9, 13, 5, 6
2_11_10 8, 16
6_3_16 9, 1, 5, 13, 10, 2
8_15_00 4, 12, 16, 8, 1, 9, 13, 5
8_27_00 3, 11, 15, 7, 4, 12, 16, 8
6_21_22 13, 5, 9, 1, 14, 6
3_13_16 12, 4, 8
3_26_18 8, 16, 4
1_7_02 11
2_17_08 5, 13
3_30_12 6, 14, 2
4_31_04 6, 14, 2, 10
3_13_06 7, 15, 3
6_29_22 15, 7, 11, 3, 12, 4
8_29_06 7, 15, 3, 11, 4, 12, 16, 8
2_6_04 16, 8
1_19_08 13
7_28_20 13, 5, 9, 1, 2, 10, 14
2_30_02 1, 9
6_4_06 4, 12, 16, 8, 1, 9
2_23_14 9, 1
1_11_06 14
7_13_16 12, 4, 8, 16, 9, 1, 5
7_20_16 9, 1, 5, 13, 14, 6, 10
7_18_02 2, 10, 14, 6, 15, 7, 11
1_2_04 15
2_30_14 7, 15
8_22_06 5, 13, 1, 9, 6, 14, 2, 10
5_8_12 8, 16, 4, 12, 13
2_20_18 6, 14
3_31_22 15, 7, 3
5_12_10 8, 16, 4, 12, 13
7_13_18 13, 5, 9, 1, 10, 2, 6
7_29_20 14, 6, 10, 2, 11, 3, 7
8_13_22 15, 7, 11, 3, 12, 4, 8, 16
1_29_20 14
8_30_16 12, 4, 8, 16, 9, 1, 5, 13
2_16_06 3, 11
1_27_06 14
8_26_00 3, 11, 15, 7, 4, 12, 16, 8
8_26_02 4, 12, 16, 8, 5, 13, 1, 9
4_19_16 9, 1, 5, 13
8_17_08 5, 13, 1, 9, 6, 14, 2, 10
1_21_14 9
6_29_16 12, 4, 8, 16, 9, 1
4_6_02 3, 11, 15, 7
7_30_14 11, 3, 7, 15, 4, 12, 16
4_29_04 6, 14, 2, 10
2_13_12 10, 2
3_9_18 12, 4, 8
6_14_14 11, 3, 7, 15, 4, 12
8_8_12 8, 16, 4, 12, 9, 1, 5, 13
4_7_18 11, 3, 7, 15
6_20_12 7, 15, 3, 11, 4, 12
5_30_18 13, 5, 9, 1, 6
3_5_12 8, 16, 4
8_24_02 3, 11, 15, 7, 4, 12, 16, 8
6_19_10 6, 14, 2, 10, 7, 15
7_13_22 15, 7, 11, 3, 12, 4, 8
3_29_00 4,12, 16
7_18_14 8, 16, 4, 12, 5, 13, 1
1_15_22 7
2_26_00 15, 7
2_14_18 9, 1
1_22_14 5
1_3_02 10
8_8_00 2, 10, 14, 6, 3, 11, 15, 7
3_15_00 4,12, 8
3_15_00 4,12, 8
5_18_00 1, 9, 13, 5, 14
1_4_20 15
4_10_10 8, 16, 4, 12
8_8_06 5, 13, 1, 9, 6, 14, 2, 10
5_20_22 12, 4, 8, 16, 1
5_31_18 13, 5, 9, 1, 2
4_7_06 5, 13, 1, 9
7_30_04 6, 14, 2, 10, 15, 7, 11
6_22_02 3, 11, 15, 7, 16, 8
2_3_06 4, 12
4_8_16 10, 2, 6, 14
3_17_20 11, 3, 7
5_7_04 4, 12, 16, 8, 13
4_4_02 2, 10, 14, 6
1_5_08 6
6_1_12 7, 15, 3, 11, 8, 16
4_28_02 4, 12, 16, 8
2_25_14 10, 2
8_19_18 10, 2, 6, 14, 11, 3, 7, 15
4_11_14 10, 2, 6, 14
7_19_20 11, 3, 7, 15, 4, 12, 16
8_18_18 10, 2, 6, 14, 11, 3, 7, 15
6_18_06 4, 12, 16, 8, 1, 9
1_25_14 10
1_15_20 6
8_8_18 11, 3, 7, 15, 12, 4, 8, 16
4_15_10 9, 1, 5, 13
3_18_04 15, 7, 11
8_4_20 11, 3, 7, 15, 12, 4, 8, 16
6_20_04 3, 11, 15, 7, 16, 8
2_7_00 2, 10
5_24_04 4, 12, 16, 8, 9
3_3_22 12, 4, 16
6_3_14 8, 16, 4, 12, 9, 1
5_2_04 3, 11, 15, 7, 16
5_6_10 7, 15, 3, 11, 4
8_25_16 11, 3, 7, 15, 12, 4, 8, 16
2_23_20 12, 4
7_21_08 6, 14, 2, 10, 7, 15, 3
4_9_06 6, 14, 2, 10
6_22_02 3, 11, 15, 7, 16, 8
7_12_02 4, 12, 16, 8, 9, 1, 5
3_11_00 3, 11, 7
5_20_00 1, 9, 13, 5, 6
8_23_20 12, 4, 8, 16, 13, 5, 9, 1
4_21_08 6, 14, 2, 10
8_25_12 9, 1, 5, 13, 10, 2, 6, 14
5_17_18 10, 2, 6, 14, 11
2_23_00 2, 10
6_4_02 2, 10, 14, 6, 15, 7
8_19_08 5, 13, 1, 9, 6, 14, 2, 10
7_17_04 3, 11, 15, 7, 4, 12, 16
4_30_00 4,12, 16, 8
5_27_00 3, 11, 15, 7, 12
8_23_06 5, 13, 1, 9, 6, 14, 2, 10
4_2_00 1, 9, 13, 5
4_9_18 12, 4, 8, 16
5_2_02 2, 10, 14, 6, 15
5_7_06 5, 13, 1, 9, 14
3_17_18 10, 2, 6
1_14_08 4
1_16_14 15
5_22_02 3, 11, 15, 7, 16
2_11_18 12, 4
1_10_02 16
8_7_10 7, 15, 3, 11, 8, 16, 4, 12
4_8_02 3, 11, 15, 7
4_20_16 9, 1, 5, 13
5_23_18 11, 3, 7, 15, 4
5_7_10 7, 15, 3, 11, 16
5_30_12 10, 2, 6, 14, 3
7_28_04 5, 13, 1, 9, 10, 2, 6
1_12_18 16
1_24_14 13
5_18_16 9, 1, 5, 13, 6
3_21_10 7, 15, 3
5_2_00 1, 9, 13, 5, 14
1_17_18 10
6_19_02 2, 10, 14, 6, 3, 11
3_17_16 9, 1, 5
3_13_18 13, 5, 9
5_26_18 12, 4, 8, 16, 9
7_13_08 8, 16, 4, 12, 5, 13, 1
3_30_08 4, 12, 16
1_7_02 11
4_29_04 6, 14, 2, 10
1_18_22 8
1_28_20 1
5_28_16 11, 3, 7, 15, 16
6_29_20 14, 6, 10, 2, 11, 3
5_3_06 4, 12, 16, 8, 13
6_10_08 7, 15, 3, 11, 4, 12
1_26_08 3
3_27_06 6, 14, 10
6_15_06 7, 15, 3, 11, 4, 12
4_9_20 13, 5, 9, 1
2_19_08 5, 13
1_20_14 12
1_28_08 11
5_3_08 5, 13, 1, 9, 14
3_6_22 9, 1, 5
2_13_00 4,12
6_23_08 6, 14, 2, 10, 7, 15
5_27_20 13, 5, 9, 1, 6
3_30_00 16, 8, 12
3_5_18 11, 3, 7
3_5_04 4, 12, 16
5_7_06 5, 13, 1, 9, 14
7_21_14 9, 1, 5, 13, 10, 2, 6
1_8_02 7
5_7_12 8, 16, 4, 12, 1
3_7_00 2, 10, 6
1_23_02 11
7_9_16 11, 3, 7, 15, 12, 4, 8
6_28_12 9, 1, 5, 13, 6, 14
4_31_16 12, 4, 8, 16
3_9_14 10, 2, 6
5_11_02 4, 12, 16, 8, 13
8_14_14 11, 3, 7, 15, 8, 16, 4, 12
7_5_10 7, 15, 3, 11, 8, 16, 4
1_1_14 8
4_4_22 12, 4, 8, 16
8_21_18 11, 3, 7, 15, 12, 4, 8, 16
2_18_14 4, 12
6_6_14 9, 1, 5, 13, 6, 14
6_7_06 5, 13, 1, 9, 6, 14
2_1_16 9, 1
8_14_02 5, 13, 1, 9, 2, 10, 14, 6
4_22_16 10, 2, 6, 14
8_4_00 1, 9, 13, 5, 2, 10, 14, 6
6_29_06 7, 15, 3, 11, 4, 12
3_21_00 2, 10, 14
7_6_12 8, 16, 4, 12, 5, 13, 1
6_22_16 10, 2, 6, 14, 7, 15
4_7_14 9, 1, 5, 13
5_11_12 9, 1, 5, 13, 2
6_6_12 8, 16, 4, 12, 5, 13
6_4_00 1, 9, 13, 5, 14, 6
5_4_22 12, 4, 8, 16, 1
1_11_22 6
1_17_06 4
3_29_16 12, 4, 8
4_7_10 7, 15, 3, 11
7_24_10 7, 15, 3, 11, 12, 4, 8
1_17_08 5
2_25_06 6, 14
3_23_12 8, 16, 12
7_18_20 11, 3, 7, 15, 8, 16, 4
4_13_06 7, 15, 3, 11
4_11_22 14, 6, 10, 2
1_9_10 8
1_5_08 6
7_8_14 9, 1, 5, 13, 14, 6, 10
1_1_20 11
7_24_08 6, 14, 2, 10, 11, 3, 7
3_19_16 9, 1, 13
8_15_00 4, 12, 16, 8, 1, 9, 13, 5
1_28_16 15
1_14_06 3
8_5_04 4, 12, 16, 8, 5, 13, 1, 9
1_6_06 1
6_1_08 5, 13, 1, 9, 6, 14
8_13_16 12, 4, 8, 16, 9, 1, 5, 13
2_11_08 7, 15
1_21_04 4
8_7_18 11, 3, 7, 15, 12, 4, 8, 16
6_11_06 6, 14, 2, 10, 7, 15
4_26_00 3, 11, 15, 7
5_6_00 2, 10, 14, 6, 15
3_11_00 3, 11, 7
7_1_16 9, 1, 5, 13, 10, 2, 6
6_15_00 4, 12, 16, 8, 1, 9
3_1_22 12, 4, 8
7_6_08 6, 14, 2, 10, 3, 11, 15
1_7_20 4
4_3_04 3, 11, 15, 7
3_4_06 16, 8, 4
3_17_10 6, 14, 2
3_14_02 1, 9, 13
5_6_10 7, 15, 3, 11, 4
4_28_22 14, 6, 10, 2
8_23_12 8, 16, 4, 12, 9, 1, 5, 13
8_30_06 7, 15, 3, 11, 4, 12, 16, 8
5_1_12 7, 15, 3, 11, 8
8_5_10 7, 15, 3, 11, 8, 16, 4, 12
7_30_06 7, 15, 3, 11, 16, 8, 12
6_22_14 9, 1, 5, 13, 6, 14
1_25_16 11
3_12_18 8, 16, 12
4_24_16 10, 2, 6, 14
4_21_16 10, 2, 6, 14
5_15_14 11, 3, 7, 15, 16
1_11_10 16
1_18_08 1
7_7_16 10, 2, 6, 14, 3, 11, 15
2_30_10 5, 13
2_21_10 7, 15
4_30_04 6, 14, 2, 10
5_26_02 4, 12, 16, 8, 1
7_12_06 6, 14, 2, 10, 11, 3, 7
1_14_08 4
3_16_00 16, 8, 4
2_9_18 12, 4
5_23_10 7, 15, 3, 11, 16
7_20_12 7, 15, 3, 11, 12, 4, 8
2_26_14 6, 14
5_7_10 7, 15, 3, 11, 16
6_8_10 7, 15, 3, 11, 4, 12
5_9_16 11, 3, 7, 15, 12
8_11_12 9, 1, 5, 13, 10, 2, 6, 14
4_20_22 12, 4, 8, 16
5_31_14 11, 3, 7, 15, 16
6_31_12 10, 2, 6, 14, 7, 15
2_24_22 9, 1
8_25_18 12, 4, 8, 16, 13, 5, 9, 1
6_30_16 12, 4, 8, 16, 5, 13
6_3_18 10, 2, 6, 14, 11, 3
3_17_02 2, 10, 14
1_8_06 9
2_4_18 6, 14
7_10_08 7, 15, 3, 11, 4, 12, 16
5_17_00 1, 9, 13, 5, 2
2_8_18 7, 15
5_6_10 7, 15, 3, 11, 4
6_26_04 5, 13, 1, 9, 2, 10
4_12_02 4, 12, 16, 8
5_3_22 12, 4, 8, 16, 5
4_8_20 12, 4, 8, 16
2_16_18 9, 1
7_27_16 11, 3, 7, 15, 4, 12, 16
4_6_02 3, 11, 15, 7
2_2_18 6, 14
5_1_18 10, 2, 6, 14, 11
6_10_22 14, 6, 10, 2, 11, 3
5_14_02 5, 13, 1, 9, 14
4_6_22 13, 5, 9, 1
8_8_04 4, 12, 16, 8, 5, 13, 1, 9
2_8_18 7, 15
2_27_18 12, 4
3_7_08 6, 14, 10
5_1_20 11, 3, 7, 15, 12
7_7_04 4, 12, 16, 8, 13, 5, 9
2_20_14 4, 12
8_16_12 10, 2, 6, 14, 7, 15, 3, 11
6_30_14 11, 3, 7, 15, 4, 12
8_4_02 2, 10, 14, 6, 3, 11, 15, 7
6_20_14 8, 16, 4, 12, 5, 13
6_4_14 8, 16, 4, 12, 5, 13
3_1_20 11, 3, 7
4_2_12 7, 15, 3, 11
4_11_08 7, 15, 3, 11
7_4_22 12, 4, 8, 16, 1, 9, 13
1_5_02 3
2_16_08 4, 12
6_15_00 4, 12, 16, 8, 1, 9
8_22_12 8, 16, 4, 12, 9, 1, 5, 13
7_1_16 9, 1, 5, 13, 10, 2, 6
3_19_06 4, 12, 8
6_22_06 5, 13, 1, 9, 2, 10
1_27_08 15
3_28_20 9, 1, 13
2_6_14 5, 13
5_9_00 3, 11, 15, 7, 4
3_30_06 3, 11, 15
7_16_22 15, 7, 11, 3, 16, 8, 12
4_14_04 6, 14, 2, 10
2_1_22 12, 4
8_27_20 13, 5, 9, 1, 14, 6, 10, 2
4_19_22 12, 4, 8, 16
4_9_20 13, 5, 9, 1
1_15_22 7
8_6_06 5, 13, 1, 9, 6, 14, 2, 10
3_15_12 10, 2, 14
3_23_04 4, 12, 8
