1_9_02 4
4_16_02 5, 13, 1, 9
3_28_20 9, 1, 13
2_15_16 12, 4
2_1_16 9, 1
4_28_10 8, 16, 4, 12
6_27_10 8, 16, 4, 12, 9, 1
6_2_18 10, 2, 6, 14, 7, 15
4_15_02 5, 13, 1, 9
1_21_16 10
2_31_10 9, 1
8_19_16 9, 1, 5, 13, 10, 2, 6, 14
7_27_00 3, 11, 15, 7, 12, 4, 8
6_16_08 8, 16, 4, 12, 1, 9
8_2_14 8, 16, 4, 12, 9, 1, 5, 13
8_17_06 4, 12, 16, 8, 5, 13, 1, 9
8_20_20 11, 3, 7, 15, 12, 4, 8, 16
6_13_08 8, 16, 4, 12, 5, 13
5_8_14 9, 1, 5, 13, 14
2_25_18 12, 4
2_5_10 7, 15
7_17_12 7, 15, 3, 11, 8, 16, 4
3_26_12 5, 13, 1
6_18_04 3, 11, 15, 7, 16, 8
5_15_06 7, 15, 3, 11, 12
2_8_20 8, 16
2_23_06 5, 13
7_12_14 10, 2, 6, 14, 15, 7, 11
3_12_10 4, 12, 8
7_22_00 2, 10, 14, 6, 15, 7, 11
4_31_00 4,12, 16, 8
6_9_22 14, 6, 10, 2, 15, 7
8_2_18 10, 2, 6, 14, 11, 3, 7, 15
7_1_00 1, 9, 13, 5, 2, 10, 14
4_9_04 5, 13, 1, 9
6_12_12 9, 1, 5, 13, 6, 14
8_14_18 13, 5, 9, 1, 10, 2, 6, 14
1_8_18 15
3_24_02 15, 7, 3
6_12_10 8, 16, 4, 12, 5, 13
1_7_02 11
2_28_18 8, 16
5_20_14 8, 16, 4, 12, 13
2_19_02 2, 10
3_28_22 10, 2, 14
2_10_20 9, 1
4_25_14 10, 2, 6, 14
1_31_08 16
2_17_12 7, 15
5_21_18 11, 3, 7, 15, 12
1_10_04 1
7_4_12 7, 15, 3, 11, 12, 4, 8
6_19_00 1, 9, 13, 5, 2, 10
7_14_04 6, 14, 2, 10, 15, 7, 11
8_26_22 14, 6, 10, 2, 15, 7, 11, 3
6_20_18 10, 2, 6, 14, 7, 15
2_22_04 16, 8
8_9_14 10, 2, 6, 14, 11, 3, 7, 15
1_19_12 15
7_13_16 12, 4, 8, 16, 9, 1, 5
2_21_04 4, 12
5_24_06 5, 13, 1, 9, 10
8_28_04 5, 13, 1, 9, 6, 14, 2, 10
1_18_06 16
2_25_10 8, 16
4_28_02 4, 12, 16, 8
2_6_20 8, 16
5_1_04 3, 11, 15, 7, 4
8_30_08 8, 16, 4, 12, 5, 13, 1, 9
1_31_02 13
2_25_00 3, 11
2_21_08 6, 14
7_25_06 6, 14, 2, 10, 7, 15, 3
5_12_12 9, 1, 5, 13, 14
7_7_22 13, 5, 9, 1, 6, 14, 2
7_2_20 11, 3, 7, 15, 8, 16, 4
3_29_04 6, 14, 2
3_4_16 5, 13, 9
7_31_00 4, 12, 16, 8, 9, 1, 5
2_2_20 7, 15
2_9_12 9, 1
1_8_14 13
4_23_08 6, 14, 2, 10
8_26_08 7, 15, 3, 11, 8, 16, 4, 12
4_19_08 5, 13, 1, 9
2_20_12 3, 11
7_1_20 11, 3, 7, 15, 12, 4, 8
4_1_16 9, 1, 5, 13
7_21_10 7, 15, 3, 11, 8, 16, 4
6_25_10 8, 16, 4, 12, 9, 1
8_31_14 11, 3, 7, 15, 8, 16, 4, 12
2_8_04 16, 8
3_3_20 11, 3, 15
3_8_14 5, 13, 9
6_19_22 12, 4, 8, 16, 13, 5
7_11_16 11, 3, 7, 15, 4, 12, 16
8_22_08 6, 14, 2, 10, 7, 15, 3, 11
4_26_22 14, 6, 10, 2
6_26_06 6, 14, 2, 10, 3, 11
3_7_20 12, 4, 16
5_5_04 4, 12, 16, 8, 5
7_2_04 3, 11, 15, 7, 16, 8, 12
6_18_02 2, 10, 14, 6, 15, 7
5_13_10 9, 1, 5, 13, 6
4_18_04 3, 11, 15, 7
1_18_10 2
8_4_00 1, 9, 13, 5, 2, 10, 14, 6
2_27_14 10, 2
5_29_04 6, 14, 2, 10, 3
6_28_22 14, 6, 10, 2, 11, 3
7_13_06 7, 15, 3, 11, 4, 12, 16
8_7_16 10, 2, 6, 14, 11, 3, 7, 15
1_15_10 1
1_17_14 8
4_18_20 11, 3, 7, 15
5_6_10 7, 15, 3, 11, 4
6_31_20 14, 6, 10, 2, 11, 3
7_9_08 7, 15, 3, 11, 8, 16, 4
5_20_02 2, 10, 14, 6, 7
4_17_12 7, 15, 3, 11
7_13_08 8, 16, 4, 12, 5, 13, 1
5_13_10 9, 1, 5, 13, 6
2_28_16 7, 15
3_8_10 3, 11, 7
1_25_12 9
7_5_02 3, 11, 15, 7, 4, 12, 16
5_20_04 3, 11, 15, 7, 8
6_12_14 10, 2, 6, 14, 7, 15
1_24_06 9
3_23_10 7, 15, 11
1_20_18 14
6_13_10 9, 1, 5, 13, 6, 14
3_15_02 5, 13, 9
1_6_08 2
2_13_14 11, 3
8_21_22 13, 5, 9, 1, 14, 6, 10, 2
2_23_00 2, 10
8_13_18 13, 5, 9, 1, 10, 2, 6, 14
8_20_04 3, 11, 15, 7, 4, 12, 16, 8
6_30_22 15, 7, 11, 3, 8, 16
8_3_08 5, 13, 1, 9, 6, 14, 2, 10
2_8_06 1, 9
6_29_18 13, 5, 9, 1, 10, 2
7_13_16 12, 4, 8, 16, 9, 1, 5
3_2_06 16, 8, 12
5_4_20 11, 3, 7, 15, 16
8_19_08 5, 13, 1, 9, 6, 14, 2, 10
4_27_20 13, 5, 9, 1
7_29_04 6, 14, 2, 10, 3, 11, 15
6_19_06 4, 12, 16, 8, 5, 13
8_3_22 12, 4, 8, 16, 13, 5, 9, 1
2_20_06 16, 8
1_2_20 7
6_1_08 5, 13, 1, 9, 6, 14
5_28_00 3, 11, 15, 7, 8
6_1_02 2, 10, 14, 6, 3, 11
4_2_18 10, 2, 6, 14
7_23_20 12, 4, 8, 16, 5, 13, 1
7_25_18 12, 4, 8, 16, 13, 5, 9
6_6_04 4, 12, 16, 8, 1, 9
1_6_16 6
2_5_18 11, 3
5_26_02 4, 12, 16, 8, 1
5_9_04 5, 13, 1, 9, 6
3_22_02 15, 7, 11
3_5_04 4, 12, 16
7_27_20 13, 5, 9, 1, 6, 14, 2
6_29_04 6, 14, 2, 10, 3, 11
3_31_08 8, 16, 12
5_13_18 13, 5, 9, 1, 10
4_7_10 7, 15, 3, 11
3_22_20 8, 16, 4
1_21_12 8
5_7_00 2, 10, 14, 6, 11
2_15_02 5, 13
4_7_06 5, 13, 1, 9
7_15_10 9, 1, 5, 13, 14, 6, 10
4_28_06 6, 14, 2, 10
7_6_20 12, 4, 8, 16, 9, 1, 5
5_17_14 8, 16, 4, 12, 9
2_30_04 2, 10
8_18_02 2, 10, 14, 6, 3, 11, 15, 7
5_2_06 4, 12, 16, 8, 1
1_22_16 6
1_31_14 3
5_6_14 9, 1, 5, 13, 6
4_10_22 14, 6, 10, 2
3_27_08 7, 15, 11
4_27_18 12, 4, 8, 16
2_11_12 9, 1
8_9_12 9, 1, 5, 13, 10, 2, 6, 14
6_5_08 6, 14, 2, 10, 7, 15
3_21_08 6, 14, 2
1_20_02 6
8_8_08 6, 14, 2, 10, 7, 15, 3, 11
8_5_02 3, 11, 15, 7, 4, 12, 16, 8
5_3_12 7, 15, 3, 11, 16
6_28_08 7, 15, 3, 11, 4, 12
4_29_10 9, 1, 5, 13
4_1_06 4, 12, 16, 8
4_14_22 15, 7, 11, 3
2_16_20 10, 2
8_14_22 15, 7, 11, 3, 12, 4, 8, 16
5_26_08 7, 15, 3, 11, 4
1_31_00 12
1_19_14 16
5_22_18 11, 3, 7, 15, 8
2_22_12 4, 12
1_6_02 15
8_9_20 13, 5, 9, 1, 14, 6, 10, 2
8_8_10 7, 15, 3, 11, 8, 16, 4, 12
2_30_22 11, 3
6_9_12 9, 1, 5, 13, 10, 2
5_21_00 2, 10, 14, 6, 3
6_14_12 10, 2, 6, 14, 3, 11
5_2_18 10, 2, 6, 14, 7
1_16_08 12
8_7_00 2, 10, 14, 6, 3, 11, 15, 7
7_20_04 3, 11, 15, 7, 8, 16, 4
5_19_00 1, 9, 13, 5, 10
8_9_18 12, 4, 8, 16, 13, 5, 9, 1
7_19_04 3, 11, 15, 7, 12, 4, 8
6_8_08 6, 14, 2, 10, 3, 11
7_28_08 7, 15, 3, 11, 12, 4, 8
5_31_12 10, 2, 6, 14, 15
4_21_08 6, 14, 2, 10
8_21_08 6, 14, 2, 10, 7, 15, 3, 11
8_7_02 3, 11, 15, 7, 4, 12, 16, 8
6_17_16 9, 1, 5, 13, 10, 2
3_11_02 4, 12, 8
8_4_10 6, 14, 2, 10, 7, 15, 3, 11
1_17_06 4
7_25_08 7, 15, 3, 11, 8, 16, 4
4_30_02 5, 13, 1, 9
6_30_02 5, 13, 1, 9, 14, 6
2_22_06 1, 9
1_8_00 6
4_12_22 14, 6, 10, 2
3_5_06 5, 13, 1
2_26_08 3, 11
8_22_00 2, 10, 14, 6, 3, 11, 15, 7
1_12_06 10
3_1_08 5, 13, 1
7_31_00 4, 12, 16, 8, 9, 1, 5
6_18_20 11, 3, 7, 15, 8, 16
4_2_20 11, 3, 7, 15
7_31_18 13, 5, 9, 1, 2, 10, 14
5_26_14 10, 2, 6, 14, 7
5_22_14 9, 1, 5, 13, 6
1_24_02 7
4_28_16 11, 3, 7, 15
2_26_04 1, 9
3_25_10 8, 16, 4
2_8_20 8, 16
4_18_20 11, 3, 7, 15
8_13_18 13, 5, 9, 1, 10, 2, 6, 14
2_21_02 3, 11
2_21_22 13, 5
2_30_04 2, 10
1_23_20 4
5_7_02 3, 11, 15, 7, 12
5_1_04 3, 11, 15, 7, 4
5_30_00 4, 12, 16, 8, 13
3_11_04 5, 13, 9
6_11_14 10, 2, 6, 14, 11, 3
7_31_12 10, 2, 6, 14, 15, 7, 11
6_28_10 8, 16, 4, 12, 5, 13
6_31_12 10, 2, 6, 14, 7, 15
6_1_18 10, 2, 6, 14, 11, 3
3_18_20 7, 15, 3
7_2_10 6, 14, 2, 10, 3, 11, 15
7_1_20 11, 3, 7, 15, 12, 4, 8
7_6_14 9, 1, 5, 13, 6, 14, 2
4_18_12 7, 15, 3, 11
4_14_06 7, 15, 3, 11
7_18_10 6, 14, 2, 10, 3, 11, 15
8_3_20 11, 3, 7, 15, 12, 4, 8, 16
6_11_04 5, 13, 1, 9, 6, 14
2_6_04 16, 8
8_4_18 10, 2, 6, 14, 11, 3, 7, 15
4_1_14 8, 16, 4, 12
7_19_12 7, 15, 3, 11, 16, 8, 12
5_31_14 11, 3, 7, 15, 16
4_17_00 1, 9, 13, 5
5_29_02 5, 13, 1, 9, 2
5_27_18 12, 4, 8, 16, 5
4_4_18 10, 2, 6, 14
7_18_16 9, 1, 5, 13, 6, 14, 2
4_30_16 12, 4, 8, 16
8_5_18 11, 3, 7, 15, 12, 4, 8, 16
7_15_18 13, 5, 9, 1, 2, 10, 14
7_17_22 12, 4, 8, 16, 13, 5, 9
4_28_10 8, 16, 4, 12
5_1_10 6, 14, 2, 10, 7
1_27_16 3
2_11_16 11, 3
7_28_08 7, 15, 3, 11, 12, 4, 8
6_11_18 12, 4, 8, 16, 13, 5
5_25_20 13, 5, 9, 1, 14
4_1_14 8, 16, 4, 12
3_16_14 7, 15, 11
6_7_04 4, 12, 16, 8, 5, 13
3_3_10 6, 14, 10
6_23_08 6, 14, 2, 10, 7, 15
8_1_00 1, 9, 13, 5, 2, 10, 14, 6
3_15_04 6, 14, 10
7_30_16 12, 4, 8, 16, 5, 13, 1
1_8_18 15
7_22_10 7, 15, 3, 11, 4, 12, 16
1_25_02 4
8_10_04 5, 13, 1, 9, 6, 14, 2, 10
7_22_18 11, 3, 7, 15, 8, 16, 4
6_12_06 6, 14, 2, 10, 3, 11
5_4_00 1, 9, 13, 5, 6
7_20_22 12, 4, 8, 16, 1, 9, 13
5_1_10 6, 14, 2, 10, 7
8_17_06 4, 12, 16, 8, 5, 13, 1, 9
4_9_22 14, 6, 10, 2
7_26_16 11, 3, 7, 15, 8, 16, 4
5_7_12 8, 16, 4, 12, 1
2_13_20 14, 6
4_25_04 5, 13, 1, 9
1_11_02 12
3_28_22 10, 2, 14
2_14_14 7, 15
1_25_20 13
4_1_04 3, 11, 15, 7
8_1_10 6, 14, 2, 10, 7, 15, 3, 11
7_2_16 9, 1, 5, 13, 6, 14, 2
7_19_06 4, 12, 16, 8, 13, 5, 9
4_15_12 10, 2, 6, 14
7_4_08 5, 13, 1, 9, 10, 2, 6
1_28_10 12
8_22_06 5, 13, 1, 9, 6, 14, 2, 10
2_8_14 5, 13
4_19_04 3, 11, 15, 7
3_31_12 10, 2, 14
1_14_22 11
8_7_02 3, 11, 15, 7, 4, 12, 16, 8
3_18_02 14, 6, 10
4_11_00 3, 11, 15, 7
7_20_06 4, 12, 16, 8, 9, 1, 5
5_24_06 5, 13, 1, 9, 10
5_22_20 12, 4, 8, 16, 9
4_10_02 4, 12, 16, 8
8_3_06 4, 12, 16, 8, 5, 13, 1, 9
1_22_00 14
7_2_16 9, 1, 5, 13, 6, 14, 2
2_10_04 1, 9
3_12_22 10, 2, 14
1_26_06 2
7_30_18 13, 5, 9, 1, 6, 14, 2
5_9_06 6, 14, 2, 10, 7
6_17_14 8, 16, 4, 12, 9, 1
7_14_18 13, 5, 9, 1, 6, 14, 2
7_29_22 15, 7, 11, 3, 12, 4, 8
7_31_22 15, 7, 11, 3, 4, 12, 16
3_31_06 7, 15, 11
6_30_10 9, 1, 5, 13, 2, 10
6_9_04 5, 13, 1, 9, 6, 14
4_25_16 11, 3, 7, 15
1_14_00 16
1_6_00 14
7_13_02 5, 13, 1, 9, 2, 10, 14
1_30_00 16
7_27_04 5, 13, 1, 9, 14, 6, 10
6_17_12 7, 15, 3, 11, 8, 16
4_11_18 12, 4, 8, 16
7_1_04 3, 11, 15, 7, 4, 12, 16
1_25_02 4
3_21_10 7, 15, 3
4_14_12 10, 2, 6, 14
1_3_08 13
1_4_06 8
7_5_04 4, 12, 16, 8, 5, 13, 1
1_30_00 16
6_17_06 4, 12, 16, 8, 5, 13
2_25_16 11, 3
8_5_18 11, 3, 7, 15, 12, 4, 8, 16
5_9_02 4, 12, 16, 8, 5
5_15_14 11, 3, 7, 15, 16
7_16_04 6, 14, 2, 10, 7, 15, 3
3_8_22 9, 1, 13
7_28_02 4, 12, 16, 8, 9, 1, 5
3_1_10 6, 14, 2
6_25_12 9, 1, 5, 13, 10, 2
7_2_00 1, 9, 13, 5, 14, 6, 10
5_9_02 4, 12, 16, 8, 5
6_6_22 13, 5, 9, 1, 10, 2
3_6_16 6, 14, 2
8_21_22 13, 5, 9, 1, 14, 6, 10, 2
2_13_02 5, 13
7_25_00 3, 11, 15, 7, 4, 12, 16
4_10_14 10, 2, 6, 14
4_31_02 5, 13, 1, 9
3_8_12 4, 12, 8
2_5_16 10, 2
2_8_02 15, 7
2_15_04 6, 14
8_26_08 7, 15, 3, 11, 8, 16, 4, 12
1_4_10 10
5_2_00 1, 9, 13, 5, 14
7_20_18 10, 2, 6, 14, 15, 7, 11
7_2_16 9, 1, 5, 13, 6, 14, 2
6_16_12 10, 2, 6, 14, 3, 11
5_15_12 10, 2, 6, 14, 15
1_12_08 11
5_29_06 7, 15, 3, 11, 4
1_21_02 3
1_9_08 7
7_1_06 4, 12, 16, 8, 5, 13, 1
7_8_20 12, 4, 8, 16, 1, 9, 13
1_2_08 1
7_23_06 5, 13, 1, 9, 14, 6, 10
8_26_04 5, 13, 1, 9, 6, 14, 2, 10
5_8_22 13, 5, 9, 1, 2
8_21_00 2, 10, 14, 6, 3, 11, 15, 7
1_12_16 15
1_10_00 15
1_10_22 10
3_14_12 6, 14, 2
4_22_12 8, 16, 4, 12
8_5_20 12, 4, 8, 16, 13, 5, 9, 1
2_23_16 10, 2
3_22_06 1, 9, 13
5_5_18 11, 3, 7, 15, 12
5_23_14 9, 1, 5, 13, 2
6_5_08 6, 14, 2, 10, 7, 15
1_4_04 7
1_26_00 15
3_18_12 3, 11, 15
5_20_22 12, 4, 8, 16, 1
5_14_10 9, 1, 5, 13, 2
2_8_06 1, 9
7_22_10 7, 15, 3, 11, 4, 12, 16
8_20_14 8, 16, 4, 12, 9, 1, 5, 13
8_12_14 10, 2, 6, 14, 11, 3, 7, 15
8_22_06 5, 13, 1, 9, 6, 14, 2, 10
7_8_06 5, 13, 1, 9, 10, 2, 6
7_24_14 9, 1, 5, 13, 14, 6, 10
4_22_16 10, 2, 6, 14
4_26_22 14, 6, 10, 2
8_31_12 10, 2, 6, 14, 7, 15, 3, 11
4_27_20 13, 5, 9, 1
2_24_20 8, 16
5_7_10 7, 15, 3, 11, 16
1_20_08 9
8_27_00 3, 11, 15, 7, 4, 12, 16, 8
7_10_04 5, 13, 1, 9, 2, 10, 14
1_13_20 14
6_29_00 4, 12, 16, 8, 1, 9
1_1_08 5
5_17_22 12, 4, 8, 16, 13
1_19_16 1
2_3_22 12, 4
1_2_14 4
8_9_08 7, 15, 3, 11, 8, 16, 4, 12
4_20_20 11, 3, 7, 15
8_10_14 10, 2, 6, 14, 11, 3, 7, 15
8_13_02 5, 13, 1, 9, 2, 10, 14, 6
3_1_16 9, 1, 5
5_30_04 6, 14, 2, 10, 15
5_8_20 12, 4, 8, 16, 1
4_12_12 9, 1, 5, 13
1_8_12 12
3_18_02 14, 6, 10
6_30_02 5, 13, 1, 9, 14, 6
7_4_20 11, 3, 7, 15, 16, 8, 12
2_28_10 4, 12
5_3_14 8, 16, 4, 12, 1
8_2_08 5, 13, 1, 9, 6, 14, 2, 10
5_17_04 3, 11, 15, 7, 4
3_6_04 16, 8, 12
5_12_00 3, 11, 15, 7, 8
1_11_14 2
1_3_14 16
6_27_00 3, 11, 15, 7, 4, 12
7_6_12 8, 16, 4, 12, 5, 13, 1
1_6_02 15
4_20_20 11, 3, 7, 15
2_12_20 9, 1
8_7_16 10, 2, 6, 14, 11, 3, 7, 15
1_27_22 6
7_26_08 7, 15, 3, 11, 4, 12, 16
6_16_06 7, 15, 3, 11, 16, 8
2_7_00 2, 10
8_25_10 8, 16, 4, 12, 9, 1, 5, 13
8_30_12 10, 2, 6, 14, 7, 15, 3, 11
7_16_12 10, 2, 6, 14, 11, 3, 7
4_28_22 14, 6, 10, 2
2_6_02 15, 7
5_15_10 9, 1, 5, 13, 14
1_24_18 15
3_2_08 1, 9, 13
2_18_02 14, 6
2_16_00 16, 8
7_28_14 10, 2, 6, 14, 15, 7, 11
4_30_04 6, 14, 2, 10
6_3_00 1, 9, 13, 5, 2, 10
7_14_18 13, 5, 9, 1, 6, 14, 2
5_1_16 9, 1, 5, 13, 10
5_12_14 10, 2, 6, 14, 15
5_8_12 8, 16, 4, 12, 13
7_22_00 2, 10, 14, 6, 15, 7, 11
3_2_16 5, 13, 1
3_25_04 5, 13, 1
8_21_18 11, 3, 7, 15, 12, 4, 8, 16
8_23_10 7, 15, 3, 11, 8, 16, 4, 12
6_22_16 10, 2, 6, 14, 7, 15
7_30_22 15, 7, 11, 3, 8, 16, 4
1_8_04 8
6_11_10 8, 16, 4, 12, 9, 1
1_3_16 1
5_9_16 11, 3, 7, 15, 12
7_12_18 12, 4, 8, 16, 1, 9, 13
5_11_08 7, 15, 3, 11, 16
6_1_22 12, 4, 8, 16, 13, 5
7_17_00 1, 9, 13, 5, 2, 10, 14
4_5_20 12, 4, 8, 16
5_15_02 5, 13, 1, 9, 10
8_19_06 4, 12, 16, 8, 5, 13, 1, 9
1_1_20 11
7_7_12 8, 16, 4, 12, 1, 9, 13
7_30_10 9, 1, 5, 13, 2, 10, 14
6_12_00 3, 11, 15, 7, 16, 8
6_4_10 6, 14, 2, 10, 3, 11
3_2_20 7, 15, 3
7_5_02 3, 11, 15, 7, 4, 12, 16
3_5_10 7, 15, 3
2_12_22 10, 2
3_26_04 1, 9, 13
2_22_14 5, 13
3_1_22 12, 4, 8
2_8_02 15, 7
1_17_00 1
1_23_00 10
6_1_12 7, 15, 3, 11, 8, 16
2_22_08 2, 10
7_19_08 5, 13, 1, 9, 14, 6, 10
3_18_20 7, 15, 3
8_27_04 5, 13, 1, 9, 6, 14, 2, 10
6_6_20 12, 4, 8, 16, 9, 1
7_19_22 12, 4, 8, 16, 5, 13, 1
2_23_00 2, 10
6_5_06 5, 13, 1, 9, 6, 14
6_11_10 8, 16, 4, 12, 9, 1
8_18_20 11, 3, 7, 15, 12, 4, 8, 16
4_6_20 12, 4, 8, 16
5_2_02 2, 10, 14, 6, 15
1_23_08 14
2_6_02 15, 7
8_27_14 10, 2, 6, 14, 11, 3, 7, 15
6_14_20 14, 6, 10, 2, 7, 15
2_30_00 16, 8
1_8_08 10
8_4_20 11, 3, 7, 15, 12, 4, 8, 16
2_17_18 10, 2
4_26_22 14, 6, 10, 2
4_17_22 12, 4, 8, 16
3_11_00 3, 11, 7
5_6_18 11, 3, 7, 15, 8
5_2_06 4, 12, 16, 8, 1
8_23_10 7, 15, 3, 11, 8, 16, 4, 12
2_5_06 5, 13
6_14_00 4, 12, 16, 8, 13, 5
1_24_18 15
7_2_22 12, 4, 8, 16, 9, 1, 5
3_3_10 6, 14, 10
8_1_10 6, 14, 2, 10, 7, 15, 3, 11
3_10_04 1, 9, 13
4_12_02 4, 12, 16, 8
5_15_04 6, 14, 2, 10, 11
4_13_04 6, 14, 2, 10
3_6_22 9, 1, 5
6_17_12 7, 15, 3, 11, 8, 16
1_5_16 10
6_4_12 7, 15, 3, 11, 4, 12
4_15_00 4,12, 16, 8
4_15_02 5, 13, 1, 9
1_7_02 11
2_31_10 9, 1
3_25_18 12, 4, 8
4_17_16 9, 1, 5, 13
7_14_14 11, 3, 7, 15, 4, 12, 16
7_17_18 10, 2, 6, 14, 11, 3, 7
6_5_08 6, 14, 2, 10, 7, 15
7_11_22 14, 6, 10, 2, 7, 15, 3
5_11_14 10, 2, 6, 14, 3
2_31_04 6, 14
4_8_00 2, 10, 14, 6
8_13_18 13, 5, 9, 1, 10, 2, 6, 14
7_3_20 11, 3, 7, 15, 4, 12, 16
3_15_20 14, 6, 2
1_30_12 6
8_8_04 4, 12, 16, 8, 5, 13, 1, 9
5_24_08 6, 14, 2, 10, 11
4_25_10 8, 16, 4, 12
4_23_06 5, 13, 1, 9
3_14_18 9, 1, 5
7_24_20 12, 4, 8, 16, 1, 9, 13
6_20_00 1, 9, 13, 5, 14, 6
7_29_12 10, 2, 6, 14, 7, 15, 3
8_12_16 11, 3, 7, 15, 12, 4, 8, 16
3_25_12 9, 1, 5
2_10_18 8, 16
6_7_18 11, 3, 7, 15, 12, 4
3_5_04 4, 12, 16
5_24_16 10, 2, 6, 14, 15
3_4_22 8, 16, 12
5_18_22 12, 4, 8, 16, 9
5_11_22 14, 6, 10, 2, 7
2_26_20 9, 1
2_10_08 3, 11
2_9_06 6, 14
3_5_14 9, 1, 5
1_10_00 15
3_31_20 14, 6, 2
1_12_08 11
6_15_04 6, 14, 2, 10, 3, 11
3_24_12 4, 12, 8
1_31_22 7
6_1_14 8, 16, 4, 12, 9, 1
3_7_04 4, 12, 8
6_22_00 2, 10, 14, 6, 15, 7
7_18_14 8, 16, 4, 12, 5, 13, 1
7_1_06 4, 12, 16, 8, 5, 13, 1
3_9_18 12, 4, 8
4_5_06 5, 13, 1, 9
1_16_08 12
6_17_00 1, 9, 13, 5, 2, 10
5_3_08 5, 13, 1, 9, 14
5_28_04 5, 13, 1, 9, 10
1_15_06 15
6_1_12 7, 15, 3, 11, 8, 16
8_10_14 10, 2, 6, 14, 11, 3, 7, 15
6_29_20 14, 6, 10, 2, 11, 3
8_14_14 11, 3, 7, 15, 8, 16, 4, 12
1_15_06 15
2_20_00 13, 5
6_21_06 5, 13, 1, 9, 6, 14
1_9_22 14
8_16_14 11, 3, 7, 15, 8, 16, 4, 12
4_23_06 5, 13, 1, 9
3_27_12 9, 1, 13
5_13_22 15, 7, 11, 3, 12
8_21_16 10, 2, 6, 14, 11, 3, 7, 15
5_16_08 8, 16, 4, 12, 9
7_4_14 8, 16, 4, 12, 13, 5, 9
1_21_16 10
4_20_22 12, 4, 8, 16
6_30_08 8, 16, 4, 12, 1, 9
7_4_10 6, 14, 2, 10, 11, 3, 7
4_8_04 4, 12, 16, 8
2_7_10 7, 15
1_15_10 1
7_17_14 8, 16, 4, 12, 9, 1, 5
2_4_00 13, 5
7_28_14 10, 2, 6, 14, 15, 7, 11
8_27_10 8, 16, 4, 12, 9, 1, 5, 13
4_27_22 14, 6, 10, 2
6_23_00 2, 10, 14, 6, 3, 11
5_31_10 9, 1, 5, 13, 14
8_29_02 5, 13, 1, 9, 2, 10, 14, 6
1_5_12 8
1_12_00 7
1_30_18 9
3_17_20 11, 3, 7
8_18_18 10, 2, 6, 14, 11, 3, 7, 15
7_26_20 13, 5, 9, 1, 10, 2, 6
7_13_02 5, 13, 1, 9, 2, 10, 14
5_15_02 5, 13, 1, 9, 10
1_23_22 5
5_26_10 8, 16, 4, 12, 5
3_2_12 3, 11, 15
7_16_02 5, 13, 1, 9, 6, 14, 2
8_31_14 11, 3, 7, 15, 8, 16, 4, 12
6_28_16 11, 3, 7, 15, 8, 16
2_15_02 5, 13
1_29_02 5
6_24_06 5, 13, 1, 9, 2, 10
7_16_20 14, 6, 10, 2, 15, 7, 11
4_25_18 12, 4, 8, 16
6_9_02 4, 12, 16, 8, 5, 13
2_30_16 8, 16
3_5_16 10, 2, 6
1_5_18 11
6_19_16 9, 1, 5, 13, 10, 2
8_6_18 11, 3, 7, 15, 12, 4, 8, 16
2_18_00 13, 5
3_29_08 8, 16, 4
8_29_02 5, 13, 1, 9, 2, 10, 14, 6
8_7_16 10, 2, 6, 14, 11, 3, 7, 15
8_24_08 6, 14, 2, 10, 7, 15, 3, 11
3_16_02 1, 9, 5
7_5_02 3, 11, 15, 7, 4, 12, 16
5_26_18 12, 4, 8, 16, 9
7_19_08 5, 13, 1, 9, 14, 6, 10
4_8_04 4, 12, 16, 8
3_2_10 2, 10, 14
4_4_10 6, 14, 2, 10
4_19_02 2, 10, 14, 6
5_30_02 5, 13, 1, 9, 14
5_19_12 7, 15, 3, 11, 16
8_28_20 13, 5, 9, 1, 14, 6, 10, 2
4_6_00 2, 10, 14, 6
2_29_18 13, 5
7_23_04 4, 12, 16, 8, 13, 5, 9
3_19_22 12, 4, 16
2_27_12 9, 1
5_25_02 4, 12, 16, 8, 5
8_31_08 8, 16, 4, 12, 5, 13, 1, 9
5_7_14 9, 1, 5, 13, 2
3_5_12 8, 16, 4
6_22_04 4, 12, 16, 8, 1, 9
3_29_16 12, 4, 8
2_8_12 4, 12
8_25_16 11, 3, 7, 15, 12, 4, 8, 16
8_16_22 15, 7, 11, 3, 12, 4, 8, 16
1_14_08 4
6_2_10 6, 14, 2, 10, 3, 11
3_15_02 5, 13, 9
8_2_00 1, 9, 13, 5, 2, 10, 14, 6
5_5_08 6, 14, 2, 10, 7
1_10_22 10
5_15_02 5, 13, 1, 9, 10
7_3_04 3, 11, 15, 7, 12, 4, 8
4_11_04 5, 13, 1, 9
7_10_02 4, 12, 16, 8, 1, 9, 13
4_17_20 11, 3, 7, 15
4_4_02 2, 10, 14, 6
3_13_18 13, 5, 9
2_25_16 11, 3
5_30_14 11, 3, 7, 15, 4
8_7_02 3, 11, 15, 7, 4, 12, 16, 8
4_9_00 3, 11, 15, 7
6_21_16 10, 2, 6, 14, 11, 3
1_7_00 10
6_26_22 14, 6, 10, 2, 11, 3
1_19_18 2
5_20_22 12, 4, 8, 16, 1
1_23_08 14
1_15_02 13
3_15_18 13, 5, 1
5_25_12 9, 1, 5, 13, 10
3_19_08 5, 13, 9
5_1_08 5, 13, 1, 9, 6
3_31_16 12, 4, 16
4_13_02 5, 13, 1, 9
8_28_14 10, 2, 6, 14, 11, 3, 7, 15
7_13_00 4, 12, 16, 8, 1, 9, 13
1_8_00 6
7_1_06 4, 12, 16, 8, 5, 13, 1
4_25_00 3, 11, 15, 7
6_17_18 10, 2, 6, 14, 11, 3
5_31_20 14, 6, 10, 2, 3
3_18_00 13, 5, 9
8_24_20 12, 4, 8, 16, 13, 5, 9, 1
2_10_20 9, 1
1_18_18 6
4_21_02 3, 11, 15, 7
3_8_10 3, 11, 7
7_31_20 14, 6, 10, 2, 3, 11, 15
3_10_02 16, 8, 12
4_5_00 2, 10, 14, 6
5_8_10 7, 15, 3, 11, 12
7_2_10 6, 14, 2, 10, 3, 11, 15
7_24_06 5, 13, 1, 9, 10, 2, 6
4_23_04 4, 12, 16, 8
4_29_00 4,12, 16, 8
8_29_10 9, 1, 5, 13, 6, 14, 2, 10
5_25_04 5, 13, 1, 9, 6
5_5_20 12, 4, 8, 16, 13
4_22_04 4, 12, 16, 8
7_20_18 10, 2, 6, 14, 15, 7, 11
3_20_14 4, 12, 8
7_30_06 7, 15, 3, 11, 16, 8, 12
3_5_08 6, 14, 2
2_15_14 11, 3
7_28_18 12, 4, 8, 16, 1, 9, 13
6_29_08 8, 16, 4, 12, 5, 13
6_15_20 14, 6, 10, 2, 11, 3
7_22_02 3, 11, 15, 7, 16, 8, 12
1_25_12 9
8_4_18 10, 2, 6, 14, 11, 3, 7, 15
3_16_10 5, 13, 9
2_12_22 10, 2
6_4_18 10, 2, 6, 14, 7, 15
5_8_12 8, 16, 4, 12, 13
5_18_08 5, 13, 1, 9, 2
7_7_06 5, 13, 1, 9, 14, 6, 10
4_18_08 5, 13, 1, 9
2_19_02 2, 10
4_27_08 7, 15, 3, 11
2_19_08 5, 13
5_20_16 9, 1, 5, 13, 14
1_13_04 6
4_2_16 9, 1, 5, 13
1_8_08 10
5_4_20 11, 3, 7, 15, 16
4_29_00 4,12, 16, 8
6_9_16 11, 3, 7, 15, 12, 4
2_10_14 6, 14
5_2_16 9, 1, 5, 13, 6
7_31_06 7, 15, 3, 11, 12, 4, 8
8_22_02 3, 11, 15, 7, 4, 12, 16, 8
7_2_06 4, 12, 16, 8, 1, 9, 13
2_17_20 11, 3
3_15_12 10, 2, 14
6_31_00 4, 12, 16, 8, 1, 9
3_14_06 3, 11, 15
7_23_08 6, 14, 2, 10, 15, 7, 11
4_9_12 9, 1, 5, 13
4_25_12 9, 1, 5, 13
3_25_20 13, 5, 9
8_24_16 10, 2, 6, 14, 11, 3, 7, 15
8_8_22 13, 5, 9, 1, 14, 6, 10, 2
5_27_18 12, 4, 8, 16, 5
7_16_08 8, 16, 4, 12, 9, 1, 5
3_5_04 4, 12, 16
2_2_18 6, 14
6_11_22 14, 6, 10, 2, 15, 7
4_20_18 10, 2, 6, 14
2_13_06 7, 15
3_24_02 15, 7, 3
2_28_20 9, 1
8_27_10 8, 16, 4, 12, 9, 1, 5, 13
1_30_00 16
4_25_20 13, 5, 9, 1
6_27_18 12, 4, 8, 16, 13, 5
2_27_08 7, 15
5_21_00 2, 10, 14, 6, 3
1_6_20 8
7_12_02 4, 12, 16, 8, 9, 1, 5
3_15_22 15, 7, 3
1_28_16 15
7_28_06 6, 14, 2, 10, 11, 3, 7
1_8_22 1
7_20_06 4, 12, 16, 8, 9, 1, 5
3_9_08 7, 15, 3
8_16_16 12, 4, 8, 16, 9, 1, 5, 13
1_9_02 4
4_13_02 5, 13, 1, 9
1_11_12 1
6_4_08 5, 13, 1, 9, 2, 10
7_13_10 9, 1, 5, 13, 6, 14, 2
2_7_12 8, 16
2_21_10 7, 15
4_4_00 1, 9, 13, 5
6_9_00 3, 11, 15, 7, 4, 12
5_10_06 6, 14, 2, 10, 3
7_29_16 12, 4, 8, 16, 9, 1, 5
5_18_22 12, 4, 8, 16, 9
3_15_20 14, 6, 2
2_11_12 9, 1
2_15_18 13, 5
5_12_06 6, 14, 2, 10, 11
8_14_10 9, 1, 5, 13, 6, 14, 2, 10
1_11_22 6
6_24_06 5, 13, 1, 9, 2, 10
2_27_08 7, 15
4_3_18 10, 2, 6, 14
3_11_10 8, 16, 12
2_3_10 6, 14
7_22_14 9, 1, 5, 13, 6, 14, 2
3_19_10 6, 14, 10
4_26_20 13, 5, 9, 1
3_9_10 8, 16, 4
7_23_06 5, 13, 1, 9, 14, 6, 10
5_20_04 3, 11, 15, 7, 8
2_25_18 12, 4
3_13_04 6, 14, 2
7_8_00 2, 10, 14, 6, 7, 15, 3
1_27_04 13
1_2_00 13
1_13_04 6
7_19_06 4, 12, 16, 8, 13, 5, 9
3_1_00 1, 9, 13
5_23_16 10, 2, 6, 14, 3
1_16_08 12
7_11_14 10, 2, 6, 14, 3, 11, 15
2_10_18 8, 16
3_29_00 4,12, 16
8_10_12 9, 1, 5, 13, 10, 2, 6, 14
8_28_22 14, 6, 10, 2, 15, 7, 11, 3
8_19_14 8, 16, 4, 12, 9, 1, 5, 13
5_19_04 3, 11, 15, 7, 12
2_3_00 1, 9
6_27_12 9, 1, 5, 13, 10, 2
4_3_10 6, 14, 2, 10
2_2_20 7, 15
5_31_08 8, 16, 4, 12, 13
1_4_20 15
2_20_10 2, 10
8_20_04 3, 11, 15, 7, 4, 12, 16, 8
7_11_04 5, 13, 1, 9, 14, 6, 10
6_30_00 4, 12, 16, 8, 13, 5
3_26_14 6, 14, 2
5_11_00 3, 11, 15, 7, 12
3_5_14 9, 1, 5
4_28_08 7, 15, 3, 11
3_9_12 9, 1, 5
2_6_00 14, 6
1_25_04 5
1_31_12 2
6_6_08 6, 14, 2, 10, 3, 11
6_22_16 10, 2, 6, 14, 7, 15
5_30_06 7, 15, 3, 11, 16
4_1_14 8, 16, 4, 12
2_7_06 5, 13
3_31_04 6, 14, 10
7_12_22 14, 6, 10, 2, 3, 11, 15
4_30_06 7, 15, 3, 11
3_17_10 6, 14, 2
8_14_22 15, 7, 11, 3, 12, 4, 8, 16
2_25_12 9, 1
3_23_20 12, 4, 16
2_1_14 8, 16
1_28_04 9
3_14_04 2, 10, 14
4_6_16 10, 2, 6, 14
2_5_06 5, 13
5_22_16 10, 2, 6, 14, 7
8_5_18 11, 3, 7, 15, 12, 4, 8, 16
5_13_00 4, 12, 16, 8, 1
5_26_06 6, 14, 2, 10, 3
5_8_14 9, 1, 5, 13, 14
2_11_14 10, 2
3_24_14 5, 13, 9
6_9_20 13, 5, 9, 1, 14, 6
8_18_12 7, 15, 3, 11, 8, 16, 4, 12
7_4_14 8, 16, 4, 12, 13, 5, 9
2_16_10 5, 13
3_11_12 9, 1, 13
1_22_16 6
4_19_20 11, 3, 7, 15
7_24_04 4, 12, 16, 8, 9, 1, 5
8_20_22 12, 4, 8, 16, 13, 5, 9, 1
8_3_12 7, 15, 3, 11, 8, 16, 4, 12
2_7_16 10, 2
3_31_20 14, 6, 2
5_23_12 8, 16, 4, 12, 1
7_23_14 9, 1, 5, 13, 2, 10, 14
2_13_08 8, 16
2_5_02 3, 11
3_11_22 14, 6, 2
4_12_18 12, 4, 8, 16
3_12_06 2, 10, 6
1_19_22 4
2_21_16 10, 2
7_10_10 8, 16, 4, 12, 5, 13, 1
8_4_20 11, 3, 7, 15, 12, 4, 8, 16
8_11_10 8, 16, 4, 12, 9, 1, 5, 13
5_14_06 7, 15, 3, 11, 16
7_24_02 3, 11, 15, 7, 8, 16, 4
3_31_04 6, 14, 10
2_16_02 1, 9
2_4_04 15, 7
8_28_06 6, 14, 2, 10, 7, 15, 3, 11
8_11_02 4, 12, 16, 8, 5, 13, 1, 9
5_19_00 1, 9, 13, 5, 10
6_30_14 11, 3, 7, 15, 4, 12
2_30_08 4, 12
7_19_16 9, 1, 5, 13, 2, 10, 14
1_4_04 7
7_9_06 6, 14, 2, 10, 7, 15, 3
7_22_20 12, 4, 8, 16, 9, 1, 5
5_27_22 14, 6, 10, 2, 7
5_11_12 9, 1, 5, 13, 2
1_5_00 2
8_28_18 12, 4, 8, 16, 13, 5, 9, 1
3_2_14 4, 12, 16
1_30_08 4
2_15_04 6, 14
4_16_06 7, 15, 3, 11
8_24_04 4, 12, 16, 8, 5, 13, 1, 9
2_2_04 15, 7
4_29_20 14, 6, 10, 2
6_25_02 4, 12, 16, 8, 5, 13
1_4_22 16
2_23_06 5, 13
2_1_08 5, 13
7_11_18 12, 4, 8, 16, 5, 13, 1
7_7_14 9, 1, 5, 13, 2, 10, 14
3_30_16 8, 16, 4
8_26_00 3, 11, 15, 7, 4, 12, 16, 8
4_14_20 14, 6, 10, 2
4_14_02 5, 13, 1, 9
8_14_14 11, 3, 7, 15, 8, 16, 4, 12
2_20_22 8, 16
6_31_08 8, 16, 4, 12, 5, 13
6_31_18 13, 5, 9, 1, 10, 2
7_11_10 8, 16, 4, 12, 1, 9, 13
2_28_00 15, 7
5_2_10 6, 14, 2, 10, 3
8_3_08 5, 13, 1, 9, 6, 14, 2, 10
7_1_12 7, 15, 3, 11, 8, 16, 4
5_17_14 8, 16, 4, 12, 9
4_23_14 9, 1, 5, 13
1_18_00 13
8_13_10 9, 1, 5, 13, 6, 14, 2, 10
6_21_12 8, 16, 4, 12, 9, 1
6_23_14 9, 1, 5, 13, 10, 2
1_2_08 1
3_21_20 12, 4, 8
7_25_08 7, 15, 3, 11, 8, 16, 4
5_8_04 4, 12, 16, 8, 9
5_16_08 8, 16, 4, 12, 9
6_10_02 4, 12, 16, 8, 1, 9
3_12_20 9, 1, 13
8_30_06 7, 15, 3, 11, 4, 12, 16, 8
4_13_18 13, 5, 9, 1
5_10_08 7, 15, 3, 11, 4
3_25_06 6, 14, 2
8_3_22 12, 4, 8, 16, 13, 5, 9, 1
3_3_02 2, 10, 6
4_4_12 7, 15, 3, 11
3_18_00 13, 5, 9
6_2_20 11, 3, 7, 15, 8, 16
8_18_08 5, 13, 1, 9, 6, 14, 2, 10
5_11_00 3, 11, 15, 7, 12
4_1_22 12, 4, 8, 16
4_9_04 5, 13, 1, 9
6_28_16 11, 3, 7, 15, 8, 16
3_15_20 14, 6, 2
3_5_08 6, 14, 2
7_12_12 9, 1, 5, 13, 14, 6, 10
6_16_06 7, 15, 3, 11, 16, 8
4_13_20 14, 6, 10, 2
1_10_06 2
8_19_08 5, 13, 1, 9, 6, 14, 2, 10
5_30_16 12, 4, 8, 16, 5
7_17_18 10, 2, 6, 14, 11, 3, 7
2_13_10 9, 1
6_27_12 9, 1, 5, 13, 10, 2
4_1_20 11, 3, 7, 15
2_28_02 16, 8
1_24_08 10
7_30_16 12, 4, 8, 16, 5, 13, 1
1_28_22 2
2_12_06 2, 10
5_7_04 4, 12, 16, 8, 13
1_25_08 7
5_27_18 12, 4, 8, 16, 5
2_30_20 10, 2
6_25_00 3, 11, 15, 7, 4, 12
3_14_04 2, 10, 14
1_14_16 8
5_16_08 8, 16, 4, 12, 9
2_21_02 3, 11
2_26_08 3, 11
5_9_20 13, 5, 9, 1, 14
3_9_14 10, 2, 6
7_24_08 6, 14, 2, 10, 11, 3, 7
6_19_12 7, 15, 3, 11, 8, 16
1_7_06 13
7_16_14 11, 3, 7, 15, 12, 4, 8
3_27_20 13, 5, 1
8_21_10 7, 15, 3, 11, 8, 16, 4, 12
1_16_22 3
4_19_12 7, 15, 3, 11
4_17_14 8, 16, 4, 12
4_9_08 7, 15, 3, 11
8_18_12 7, 15, 3, 11, 8, 16, 4, 12
8_9_22 14, 6, 10, 2, 15, 7, 11, 3
5_18_10 6, 14, 2, 10, 3
5_5_06 5, 13, 1, 9, 6
6_2_06 4, 12, 16, 8, 1, 9
3_6_14 5, 13, 1
6_31_18 13, 5, 9, 1, 10, 2
1_11_08 15
1_14_10 5
5_17_08 5, 13, 1, 9, 6
7_17_20 11, 3, 7, 15, 12, 4, 8
8_30_04 6, 14, 2, 10, 3, 11, 15, 7
4_2_20 11, 3, 7, 15
6_11_02 4, 12, 16, 8, 5, 13
4_26_16 11, 3, 7, 15
3_18_02 14, 6, 10
6_25_04 5, 13, 1, 9, 6, 14
3_30_10 5, 13, 1
2_3_18 10, 2
1_16_04 10
2_23_06 5, 13
4_2_14 8, 16, 4, 12
3_8_06 1, 9, 5
4_20_18 10, 2, 6, 14
4_21_16 10, 2, 6, 14
2_25_06 6, 14
1_31_16 4
6_17_06 4, 12, 16, 8, 5, 13
6_11_22 14, 6, 10, 2, 15, 7
4_8_18 11, 3, 7, 15
6_11_08 7, 15, 3, 11, 8, 16
4_19_02 2, 10, 14, 6
3_7_10 7, 15, 11
4_7_22 13, 5, 9, 1
3_15_12 10, 2, 14
3_30_02 1, 9, 13
6_29_22 15, 7, 11, 3, 12, 4
6_15_02 5, 13, 1, 9, 2, 10
7_31_08 8, 16, 4, 12, 13, 5, 9
5_9_06 6, 14, 2, 10, 7
6_18_16 9, 1, 5, 13, 6, 14
5_12_04 5, 13, 1, 9, 10
8_21_18 11, 3, 7, 15, 12, 4, 8, 16
6_15_10 9, 1, 5, 13, 6, 14
7_20_08 5, 13, 1, 9, 10, 2, 6
5_13_06 7, 15, 3, 11, 4
5_22_04 4, 12, 16, 8, 1
7_19_12 7, 15, 3, 11, 16, 8, 12
5_27_12 9, 1, 5, 13, 2
6_6_22 13, 5, 9, 1, 10, 2
8_29_04 6, 14, 2, 10, 3, 11, 15, 7
1_17_20 11
8_12_02 4, 12, 16, 8, 5, 13, 1, 9
5_13_00 4, 12, 16, 8, 1
5_23_00 2, 10, 14, 6, 11
2_21_10 7, 15
4_3_02 2, 10, 14, 6
7_19_12 7, 15, 3, 11, 16, 8, 12
8_24_00 2, 10, 14, 6, 3, 11, 15, 7
1_10_08 3
3_8_20 8, 16, 12
1_27_12 1
6_20_18 10, 2, 6, 14, 7, 15
6_27_00 3, 11, 15, 7, 4, 12
5_12_22 14, 6, 10, 2, 3
3_14_18 9, 1, 5
3_24_10 3, 11, 7
1_30_02 1
8_18_14 8, 16, 4, 12, 9, 1, 5, 13
2_12_02 16, 8
6_16_06 7, 15, 3, 11, 16, 8
2_17_10 6, 14
5_1_16 9, 1, 5, 13, 10
7_21_20 12, 4, 8, 16, 13, 5, 9
4_27_00 3, 11, 15, 7
1_11_14 2
7_29_06 7, 15, 3, 11, 4, 12, 16
8_11_06 6, 14, 2, 10, 7, 15, 3, 11
5_8_12 8, 16, 4, 12, 13
2_10_20 9, 1
4_19_14 8, 16, 4, 12
8_27_08 7, 15, 3, 11, 8, 16, 4, 12
2_21_06 5, 13
2_30_16 8, 16
2_8_00 14, 6
2_6_16 6, 14
2_29_20 14, 6
4_28_00 3, 11, 15, 7
7_13_08 8, 16, 4, 12, 5, 13, 1
5_23_10 7, 15, 3, 11, 16
2_20_22 8, 16
7_17_00 1, 9, 13, 5, 2, 10, 14
4_18_04 3, 11, 15, 7
7_24_12 8, 16, 4, 12, 13, 5, 9
1_14_20 10
5_31_18 13, 5, 9, 1, 2
3_17_20 11, 3, 7
3_26_10 4, 12, 16
1_28_16 15
3_25_20 13, 5, 9
7_5_00 2, 10, 14, 6, 3, 11, 15
4_9_10 8, 16, 4, 12
4_29_02 5, 13, 1, 9
4_2_16 9, 1, 5, 13
8_18_02 2, 10, 14, 6, 3, 11, 15, 7
4_20_22 12, 4, 8, 16
6_21_14 9, 1, 5, 13, 10, 2
5_4_08 5, 13, 1, 9, 10
5_8_20 12, 4, 8, 16, 1
8_18_20 11, 3, 7, 15, 12, 4, 8, 16
6_24_12 8, 16, 4, 12, 5, 13
6_1_04 3, 11, 15, 7, 4, 12
2_6_04 16, 8
7_4_22 12, 4, 8, 16, 1, 9, 13
1_3_06 12
5_18_08 5, 13, 1, 9, 2
1_13_14 11
4_13_08 8, 16, 4, 12
6_29_08 8, 16, 4, 12, 5, 13
5_28_06 6, 14, 2, 10, 11
4_1_02 2, 10, 14, 6
2_8_00 14, 6
8_26_20 13, 5, 9, 1, 14, 6, 10, 2
3_16_18 9, 1, 13
4_8_04 4, 12, 16, 8
6_27_22 14, 6, 10, 2, 15, 7
3_12_16 7, 15, 11
4_22_00 2, 10, 14, 6
5_25_22 14, 6, 10, 2, 15
8_15_18 13, 5, 9, 1, 10, 2, 6, 14
3_16_20 10, 2, 14
5_3_08 5, 13, 1, 9, 14
4_22_12 8, 16, 4, 12
3_4_10 2, 10, 6
5_18_08 5, 13, 1, 9, 2
3_2_14 4, 12, 16
6_23_02 3, 11, 15, 7, 4, 12
3_15_10 9, 1, 13
8_13_06 7, 15, 3, 11, 4, 12, 16, 8
5_1_04 3, 11, 15, 7, 4
6_6_08 6, 14, 2, 10, 3, 11
6_25_20 13, 5, 9, 1, 14, 6
7_12_10 8, 16, 4, 12, 13, 5, 9
2_2_06 16, 8
2_26_06 2, 10
6_11_12 9, 1, 5, 13, 10, 2
6_23_00 2, 10, 14, 6, 3, 11
7_15_06 7, 15, 3, 11, 12, 4, 8
4_2_18 10, 2, 6, 14
8_13_06 7, 15, 3, 11, 4, 12, 16, 8
8_31_10 9, 1, 5, 13, 6, 14, 2, 10
4_10_18 12, 4, 8, 16
1_15_00 12
5_13_02 5, 13, 1, 9, 2
4_14_06 7, 15, 3, 11
1_4_10 10
5_26_10 8, 16, 4, 12, 5
1_8_02 7
8_17_20 11, 3, 7, 15, 12, 4, 8, 16
4_1_02 2, 10, 14, 6
1_23_12 16
5_2_02 2, 10, 14, 6, 15
2_17_22 12, 4
2_12_04 1, 9
8_5_20 12, 4, 8, 16, 13, 5, 9, 1
2_18_18 6, 14
4_12_20 13, 5, 9, 1
3_18_04 15, 7, 11
2_17_10 6, 14
2_23_04 4, 12
7_23_14 9, 1, 5, 13, 2, 10, 14
7_27_12 9, 1, 5, 13, 2, 10, 14
4_23_18 11, 3, 7, 15
7_11_22 14, 6, 10, 2, 7, 15, 3
7_5_12 8, 16, 4, 12, 9, 1, 5
4_20_06 4, 12, 16, 8
3_23_12 8, 16, 12
7_14_16 12, 4, 8, 16, 5, 13, 1
2_8_08 2, 10
3_19_14 8, 16, 12
1_31_10 1
6_18_04 3, 11, 15, 7, 16, 8
7_25_12 9, 1, 5, 13, 10, 2, 6
2_6_08 2, 10
2_28_06 2, 10
8_16_14 11, 3, 7, 15, 8, 16, 4, 12
6_13_14 11, 3, 7, 15, 8, 16
7_26_14 10, 2, 6, 14, 7, 15, 3
7_9_20 13, 5, 9, 1, 14, 6, 10
3_26_22 10, 2, 6
7_4_04 3, 11, 15, 7, 8, 16, 4
2_1_20 11, 3
6_18_18 10, 2, 6, 14, 7, 15
2_16_16 8, 16
2_27_14 10, 2
2_31_08 8, 16
5_26_08 7, 15, 3, 11, 4
6_24_18 11, 3, 7, 15, 8, 16
5_26_18 12, 4, 8, 16, 9
7_11_14 10, 2, 6, 14, 3, 11, 15
5_17_04 3, 11, 15, 7, 4
4_11_12 9, 1, 5, 13
4_28_16 11, 3, 7, 15
6_27_02 4, 12, 16, 8, 5, 13
3_21_14 9, 1, 5
3_8_20 8, 16, 12
4_17_20 11, 3, 7, 15
6_29_14 11, 3, 7, 15, 8, 16
8_10_12 9, 1, 5, 13, 10, 2, 6, 14
2_8_08 2, 10
7_9_16 11, 3, 7, 15, 12, 4, 8
4_16_06 7, 15, 3, 11
6_12_00 3, 11, 15, 7, 16, 8
7_26_18 12, 4, 8, 16, 9, 1, 5
3_9_20 13, 5, 9
1_3_20 3
2_30_12 6, 14
3_20_12 3, 11, 7
5_12_00 3, 11, 15, 7, 8
4_25_08 7, 15, 3, 11
1_29_22 15
1_12_22 2
5_31_08 8, 16, 4, 12, 13
8_9_16 11, 3, 7, 15, 12, 4, 8, 16
8_8_22 13, 5, 9, 1, 14, 6, 10, 2
6_31_02 5, 13, 1, 9, 2, 10
6_31_12 10, 2, 6, 14, 7, 15
5_1_06 4, 12, 16, 8, 5
3_26_20 9, 1, 5
8_29_12 10, 2, 6, 14, 7, 15, 3, 11
6_18_02 2, 10, 14, 6, 15, 7
2_13_22 15, 7
6_9_02 4, 12, 16, 8, 5, 13
5_19_08 5, 13, 1, 9, 14
1_17_12 7
8_28_10 8, 16, 4, 12, 9, 1, 5, 13
8_9_14 10, 2, 6, 14, 11, 3, 7, 15
1_7_08 14
6_23_14 9, 1, 5, 13, 10, 2
2_11_08 7, 15
5_25_14 10, 2, 6, 14, 11
4_25_08 7, 15, 3, 11
7_28_10 8, 16, 4, 12, 13, 5, 9
7_18_06 4, 12, 16, 8, 1, 9, 13
4_4_10 6, 14, 2, 10
5_3_06 4, 12, 16, 8, 13
1_26_18 8
8_7_22 13, 5, 9, 1, 14, 6, 10, 2
8_13_12 10, 2, 6, 14, 7, 15, 3, 11
3_28_04 1, 9, 5
7_23_08 6, 14, 2, 10, 15, 7, 11
2_4_20 7, 15
5_29_22 15, 7, 11, 3, 12
1_7_00 10
6_9_20 13, 5, 9, 1, 14, 6
2_23_22 13, 5
5_28_08 7, 15, 3, 11, 12
8_17_08 5, 13, 1, 9, 6, 14, 2, 10
2_7_14 9, 1
1_22_18 7
7_17_10 6, 14, 2, 10, 7, 15, 3
8_28_20 13, 5, 9, 1, 14, 6, 10, 2
7_15_22 15, 7, 11, 3, 4, 12, 16
3_20_22 8, 16, 12
5_22_00 2, 10, 14, 6, 15
5_10_16 11, 3, 7, 15, 8
5_19_08 5, 13, 1, 9, 14
1_20_10 10
3_2_14 4, 12, 16
1_8_14 13
1_21_02 3
2_11_16 11, 3
4_16_18 13, 5, 9, 1
8_12_08 7, 15, 3, 11, 8, 16, 4, 12
5_13_06 7, 15, 3, 11, 4
1_19_20 3
4_4_16 9, 1, 5, 13
5_11_16 11, 3, 7, 15, 4
5_5_14 9, 1, 5, 13, 10
8_21_10 7, 15, 3, 11, 8, 16, 4, 12
2_23_04 4, 12
1_7_02 11
8_18_06 4, 12, 16, 8, 5, 13, 1, 9
6_5_00 2, 10, 14, 6, 3, 11
1_24_20 16
5_18_22 12, 4, 8, 16, 9
1_20_10 10
5_5_20 12, 4, 8, 16, 13
7_22_08 6, 14, 2, 10, 3, 11, 15
5_1_14 8, 16, 4, 12, 9
1_31_06 15
1_5_12 8
5_27_10 8, 16, 4, 12, 1
8_29_12 10, 2, 6, 14, 7, 15, 3, 11
3_8_22 9, 1, 13
7_3_04 3, 11, 15, 7, 12, 4, 8
1_4_22 16
1_7_02 11
7_10_12 9, 1, 5, 13, 6, 14, 2
6_11_14 10, 2, 6, 14, 11, 3
3_6_10 3, 11, 15
8_2_16 9, 1, 5, 13, 10, 2, 6, 14
6_19_16 9, 1, 5, 13, 10, 2
1_19_10 14
2_27_08 7, 15
4_5_02 3, 11, 15, 7
5_24_12 8, 16, 4, 12, 13
5_1_04 3, 11, 15, 7, 4
7_17_00 1, 9, 13, 5, 2, 10, 14
8_10_12 9, 1, 5, 13, 10, 2, 6, 14
6_30_08 8, 16, 4, 12, 1, 9
4_19_20 11, 3, 7, 15
3_6_02 15, 7, 11
3_18_18 6, 14, 2
1_10_22 10
6_30_14 11, 3, 7, 15, 4, 12
3_25_16 11, 3, 7
4_24_00 2, 10, 14, 6
1_5_14 9
5_5_18 11, 3, 7, 15, 12
4_20_18 10, 2, 6, 14
8_16_00 4, 12, 16, 8, 1, 9, 13, 5
2_21_16 10, 2
6_6_06 5, 13, 1, 9, 2, 10
3_18_14 4, 12, 16
1_22_04 16
5_19_06 4, 12, 16, 8, 13
1_23_22 5
7_11_22 14, 6, 10, 2, 7, 15, 3
1_7_14 1
2_18_16 5, 13
8_4_20 11, 3, 7, 15, 12, 4, 8, 16
2_26_22 10, 2
6_6_12 8, 16, 4, 12, 5, 13
2_16_08 4, 12
7_31_22 15, 7, 11, 3, 4, 12, 16
3_6_06 1, 9, 13
6_2_02 2, 10, 14, 6, 15, 7
4_22_16 10, 2, 6, 14
1_11_14 2
3_23_22 13, 5, 1
6_22_22 13, 5, 9, 1, 10, 2
7_17_20 11, 3, 7, 15, 12, 4, 8
3_12_02 16, 8, 4
5_23_14 9, 1, 5, 13, 2
6_18_00 1, 9, 13, 5, 14, 6
3_28_14 6, 14, 10
3_1_06 4, 12, 16
6_17_08 5, 13, 1, 9, 6, 14
4_18_06 4, 12, 16, 8
6_2_10 6, 14, 2, 10, 3, 11
5_12_16 11, 3, 7, 15, 16
5_12_20 13, 5, 9, 1, 2
5_27_16 11, 3, 7, 15, 4
2_6_12 4, 12
4_30_06 7, 15, 3, 11
5_5_16 10, 2, 6, 14, 11
7_27_06 6, 14, 2, 10, 15, 7, 11
4_17_10 6, 14, 2, 10
3_13_16 12, 4, 8
2_4_16 5, 13
2_24_14 5, 13
1_11_04 13
3_8_14 5, 13, 9
6_18_22 12, 4, 8, 16, 9, 1
1_18_04 15
6_11_00 3, 11, 15, 7, 4, 12
7_9_10 8, 16, 4, 12, 9, 1, 5
1_28_16 15
2_23_12 8, 16
3_13_08 8, 16, 4
8_29_02 5, 13, 1, 9, 2, 10, 14, 6
1_17_08 5
5_21_14 9, 1, 5, 13, 10
3_22_16 6, 14, 2
8_5_08 6, 14, 2, 10, 7, 15, 3, 11
6_5_14 9, 1, 5, 13, 10, 2
1_13_12 10
5_3_04 3, 11, 15, 7, 12
2_3_00 1, 9
2_11_06 6, 14
8_1_18 10, 2, 6, 14, 11, 3, 7, 15
4_8_16 10, 2, 6, 14
8_30_06 7, 15, 3, 11, 4, 12, 16, 8
8_26_16 11, 3, 7, 15, 12, 4, 8, 16
8_7_18 11, 3, 7, 15, 12, 4, 8, 16
1_10_12 5
8_26_00 3, 11, 15, 7, 4, 12, 16, 8
2_8_00 14, 6
2_5_06 5, 13
5_1_12 7, 15, 3, 11, 8
3_16_18 9, 1, 13
7_15_02 5, 13, 1, 9, 10, 2, 6
6_19_08 5, 13, 1, 9, 6, 14
6_5_18 11, 3, 7, 15, 12, 4
2_15_20 14, 6
2_29_06 7, 15
8_7_08 6, 14, 2, 10, 7, 15, 3, 11
1_17_02 2
8_20_10 6, 14, 2, 10, 7, 15, 3, 11
6_27_06 6, 14, 2, 10, 7, 15
2_28_08 3, 11
5_22_04 4, 12, 16, 8, 1
2_26_22 10, 2
5_11_00 3, 11, 15, 7, 12
4_20_22 12, 4, 8, 16
4_2_14 8, 16, 4, 12
2_5_04 4, 12
5_3_04 3, 11, 15, 7, 12
3_18_10 2, 10, 14
5_14_08 8, 16, 4, 12, 1
6_26_12 9, 1, 5, 13, 6, 14
4_21_10 7, 15, 3, 11
6_14_20 14, 6, 10, 2, 7, 15
6_9_22 14, 6, 10, 2, 15, 7
3_18_10 2, 10, 14
8_26_00 3, 11, 15, 7, 4, 12, 16, 8
2_14_10 5, 13
3_12_18 8, 16, 12
3_16_18 9, 1, 13
8_20_20 11, 3, 7, 15, 12, 4, 8, 16
6_19_00 1, 9, 13, 5, 2, 10
4_15_12 10, 2, 6, 14
4_24_06 5, 13, 1, 9
3_21_16 10, 2, 6
2_17_20 11, 3
3_2_08 1, 9, 13
1_27_06 14
8_27_04 5, 13, 1, 9, 6, 14, 2, 10
5_28_08 7, 15, 3, 11, 12
3_19_08 5, 13, 9
6_27_18 12, 4, 8, 16, 13, 5
8_24_18 11, 3, 7, 15, 12, 4, 8, 16
2_27_22 14, 6
5_19_18 10, 2, 6, 14, 3
4_2_02 2, 10, 14, 6
7_7_10 7, 15, 3, 11, 16, 8, 12
6_12_22 14, 6, 10, 2, 11, 3
