3_31_04 6, 14, 10
8_4_14 8, 16, 4, 12, 9, 1, 5, 13
3_5_22 13, 5, 9
4_13_22 15, 7, 11, 3
6_13_18 13, 5, 9, 1, 10, 2
3_22_16 6, 14, 2
4_21_16 10, 2, 6, 14
4_30_04 6, 14, 2, 10
6_4_18 10, 2, 6, 14, 7, 15
7_22_10 7, 15, 3, 11, 4, 12, 16
2_14_16 8, 16
8_12_04 5, 13, 1, 9, 6, 14, 2, 10
5_23_06 5, 13, 1, 9, 14
5_29_04 6, 14, 2, 10, 3
1_26_18 8
1_10_06 2
5_12_04 5, 13, 1, 9, 10
6_30_14 11, 3, 7, 15, 4, 12
4_31_04 6, 14, 2, 10
6_29_20 14, 6, 10, 2, 11, 3
1_2_08 1
1_23_20 4
6_29_12 10, 2, 6, 14, 7, 15
1_24_16 14
7_24_02 3, 11, 15, 7, 8, 16, 4
4_29_06 7, 15, 3, 11
2_18_20 7, 15
5_12_14 10, 2, 6, 14, 15
6_4_22 12, 4, 8, 16, 9, 1
5_20_06 4, 12, 16, 8, 9
8_14_22 15, 7, 11, 3, 12, 4, 8, 16
5_5_02 3, 11, 15, 7, 4
4_10_22 14, 6, 10, 2
8_24_00 2, 10, 14, 6, 3, 11, 15, 7
1_16_12 14
8_10_08 7, 15, 3, 11, 8, 16, 4, 12
6_2_14 8, 16, 4, 12, 5, 13
3_29_12 10, 2, 6
2_24_10 3, 11
1_22_08 2
4_13_10 9, 1, 5, 13
1_30_08 4
4_6_04 4, 12, 16, 8
4_17_10 6, 14, 2, 10
4_12_04 5, 13, 1, 9
5_5_14 9, 1, 5, 13, 10
6_17_16 9, 1, 5, 13, 10, 2
7_9_16 11, 3, 7, 15, 12, 4, 8
8_31_20 14, 6, 10, 2, 11, 3, 7, 15
5_29_08 8, 16, 4, 12, 5
4_11_20 13, 5, 9, 1
2_26_20 9, 1
2_21_08 6, 14
1_17_12 7
7_8_14 9, 1, 5, 13, 14, 6, 10
8_29_02 5, 13, 1, 9, 2, 10, 14, 6
3_24_18 7, 15, 11
1_24_18 15
4_30_14 11, 3, 7, 15
1_28_14 14
7_25_02 4, 12, 16, 8, 5, 13, 1
6_25_06 6, 14, 2, 10, 7, 15
7_7_18 11, 3, 7, 15, 4, 12, 16
8_15_02 5, 13, 1, 9, 2, 10, 14, 6
5_21_10 7, 15, 3, 11, 8
8_1_06 4, 12, 16, 8, 5, 13, 1, 9
7_19_22 12, 4, 8, 16, 5, 13, 1
2_5_04 4, 12
2_16_14 7, 15
5_19_20 11, 3, 7, 15, 4
8_11_10 8, 16, 4, 12, 9, 1, 5, 13
4_30_14 11, 3, 7, 15
4_3_04 3, 11, 15, 7
3_12_20 9, 1, 13
4_27_18 12, 4, 8, 16
2_19_02 2, 10
4_21_18 11, 3, 7, 15
5_15_20 14, 6, 10, 2, 3
6_11_18 12, 4, 8, 16, 13, 5
6_25_14 10, 2, 6, 14, 11, 3
6_15_18 13, 5, 9, 1, 10, 2
3_6_04 16, 8, 12
2_12_20 9, 1
6_20_02 2, 10, 14, 6, 15, 7
2_3_08 5, 13
3_13_00 4,12, 16
8_10_20 13, 5, 9, 1, 14, 6, 10, 2
3_18_10 2, 10, 14
5_21_20 12, 4, 8, 16, 13
5_8_00 2, 10, 14, 6, 7
2_5_02 3, 11
6_27_08 7, 15, 3, 11, 8, 16
7_30_18 13, 5, 9, 1, 6, 14, 2
5_19_06 4, 12, 16, 8, 13
2_2_02 14, 6
2_8_08 2, 10
5_11_18 12, 4, 8, 16, 5
3_9_00 3, 11, 15
2_20_12 3, 11
4_27_02 4, 12, 16, 8
7_4_10 6, 14, 2, 10, 11, 3, 7
7_18_22 12, 4, 8, 16, 9, 1, 5
5_19_18 10, 2, 6, 14, 3
8_14_04 6, 14, 2, 10, 3, 11, 15, 7
3_15_22 15, 7, 3
2_15_22 15, 7
2_5_16 10, 2
5_23_18 11, 3, 7, 15, 4
8_13_16 12, 4, 8, 16, 9, 1, 5, 13
1_20_20 15
3_13_16 12, 4, 8
3_25_20 13, 5, 9
1_26_04 1
3_4_06 16, 8, 4
1_6_04 16
2_27_12 9, 1
6_22_16 10, 2, 6, 14, 7, 15
3_14_10 5, 13, 1
1_28_14 14
5_10_14 10, 2, 6, 14, 7
2_29_18 13, 5
5_27_06 6, 14, 2, 10, 15
5_2_16 9, 1, 5, 13, 6
6_24_06 5, 13, 1, 9, 2, 10
4_14_20 14, 6, 10, 2
3_15_00 4,12, 8
4_5_22 13, 5, 9, 1
8_23_08 6, 14, 2, 10, 7, 15, 3, 11
3_14_18 9, 1, 5
6_31_08 8, 16, 4, 12, 5, 13
1_26_10 4
4_18_20 11, 3, 7, 15
1_30_02 1
2_24_18 7, 15
1_18_16 5
7_22_04 4, 12, 16, 8, 1, 9, 13
4_25_06 6, 14, 2, 10
5_7_22 13, 5, 9, 1, 6
8_17_16 9, 1, 5, 13, 10, 2, 6, 14
5_8_08 6, 14, 2, 10, 11
1_25_14 10
4_14_02 5, 13, 1, 9
2_3_06 4, 12
3_12_14 6, 14, 10
6_18_20 11, 3, 7, 15, 8, 16
3_21_16 10, 2, 6
1_12_22 2
8_21_06 5, 13, 1, 9, 6, 14, 2, 10
4_10_12 9, 1, 5, 13
6_15_20 14, 6, 10, 2, 11, 3
6_15_06 7, 15, 3, 11, 4, 12
4_10_08 7, 15, 3, 11
6_28_04 5, 13, 1, 9, 2, 10
7_10_14 10, 2, 6, 14, 7, 15, 3
4_27_04 5, 13, 1, 9
4_3_08 5, 13, 1, 9
6_28_04 5, 13, 1, 9, 2, 10
6_7_14 9, 1, 5, 13, 10, 2
7_14_02 5, 13, 1, 9, 14, 6, 10
8_19_08 5, 13, 1, 9, 6, 14, 2, 10
5_29_06 7, 15, 3, 11, 4
1_29_08 8
5_20_12 7, 15, 3, 11, 12
8_13_14 11, 3, 7, 15, 8, 16, 4, 12
8_1_20 11, 3, 7, 15, 12, 4, 8, 16
8_4_18 10, 2, 6, 14, 11, 3, 7, 15
7_31_12 10, 2, 6, 14, 15, 7, 11
5_1_14 8, 16, 4, 12, 9
7_6_14 9, 1, 5, 13, 6, 14, 2
2_9_06 6, 14
1_6_18 7
5_1_02 2, 10, 14, 6, 3
5_23_20 12, 4, 8, 16, 5
3_3_12 7, 15, 11
6_26_12 9, 1, 5, 13, 6, 14
2_7_18 11, 3
1_7_06 13
2_21_16 10, 2
3_28_16 7, 15, 11
2_5_14 9, 1
5_5_02 3, 11, 15, 7, 4
1_8_12 12
4_17_18 10, 2, 6, 14
7_5_18 11, 3, 7, 15, 12, 4, 8
1_23_06 13
1_25_04 5
5_1_10 6, 14, 2, 10, 7
1_25_04 5
5_31_02 5, 13, 1, 9, 10
7_14_10 9, 1, 5, 13, 2, 10, 14
8_13_04 6, 14, 2, 10, 3, 11, 15, 7
4_16_22 15, 7, 11, 3
8_12_18 12, 4, 8, 16, 13, 5, 9, 1
4_17_00 1, 9, 13, 5
2_28_12 5, 13
5_28_22 14, 6, 10, 2, 3
6_16_10 9, 1, 5, 13, 2, 10
5_14_18 13, 5, 9, 1, 6
6_12_10 8, 16, 4, 12, 5, 13
3_15_16 12, 4, 16
7_22_20 12, 4, 8, 16, 9, 1, 5
5_17_14 8, 16, 4, 12, 9
8_25_12 9, 1, 5, 13, 10, 2, 6, 14
7_25_10 8, 16, 4, 12, 9, 1, 5
1_15_22 7
2_4_10 2, 10
2_5_12 8, 16
4_4_12 7, 15, 3, 11
7_3_06 4, 12, 16, 8, 13, 5, 9
3_25_02 4, 12, 16
2_29_20 14, 6
5_31_22 15, 7, 11, 3, 4
4_26_14 10, 2, 6, 14
4_26_00 3, 11, 15, 7
1_19_06 12
8_22_20 12, 4, 8, 16, 13, 5, 9, 1
7_22_12 8, 16, 4, 12, 5, 13, 1
5_20_02 2, 10, 14, 6, 7
8_20_16 9, 1, 5, 13, 10, 2, 6, 14
4_17_14 8, 16, 4, 12
5_9_04 5, 13, 1, 9, 6
8_22_10 7, 15, 3, 11, 8, 16, 4, 12
7_13_02 5, 13, 1, 9, 2, 10, 14
2_19_04 3, 11
1_6_16 6
8_19_02 2, 10, 14, 6, 3, 11, 15, 7
3_21_14 9, 1, 5
2_28_16 7, 15
6_18_18 10, 2, 6, 14, 7, 15
5_18_22 12, 4, 8, 16, 9
4_26_22 14, 6, 10, 2
7_7_04 4, 12, 16, 8, 13, 5, 9
7_11_04 5, 13, 1, 9, 14, 6, 10
5_27_00 3, 11, 15, 7, 12
5_10_10 8, 16, 4, 12, 5
3_5_18 11, 3, 7
4_29_06 7, 15, 3, 11
3_15_18 13, 5, 1
6_28_16 11, 3, 7, 15, 8, 16
5_9_14 10, 2, 6, 14, 11
8_27_06 6, 14, 2, 10, 7, 15, 3, 11
8_12_12 9, 1, 5, 13, 10, 2, 6, 14
2_20_16 5, 13
1_27_20 5
3_15_08 8, 16, 12
6_17_00 1, 9, 13, 5, 2, 10
6_16_14 11, 3, 7, 15, 4, 12
3_15_12 10, 2, 14
3_23_08 6, 14, 10
3_6_00 14, 6, 10
4_23_04 4, 12, 16, 8
5_8_12 8, 16, 4, 12, 13
4_9_16 11, 3, 7, 15
4_17_16 9, 1, 5, 13
3_13_20 14, 6, 10
4_31_04 6, 14, 2, 10
1_7_00 10
8_4_10 6, 14, 2, 10, 7, 15, 3, 11
6_28_22 14, 6, 10, 2, 11, 3
3_22_00 14, 6, 10
7_10_16 11, 3, 7, 15, 8, 16, 4
2_14_14 7, 15
5_27_04 5, 13, 1, 9, 14
3_14_20 10, 2, 6
1_18_00 13
2_3_16 9, 1
4_15_02 5, 13, 1, 9
3_28_16 7, 15, 11
4_12_08 7, 15, 3, 11
6_7_02 3, 11, 15, 7, 4, 12
6_8_06 5, 13, 1, 9, 2, 10
3_6_16 6, 14, 2
5_8_16 10, 2, 6, 14, 15
4_11_10 8, 16, 4, 12
2_25_14 10, 2
3_28_14 6, 14, 10
2_24_00 14, 6
8_7_22 13, 5, 9, 1, 14, 6, 10, 2
4_31_12 10, 2, 6, 14
3_5_02 3, 11, 15
7_27_08 7, 15, 3, 11, 16, 8, 12
3_30_12 6, 14, 2
6_19_00 1, 9, 13, 5, 2, 10
4_8_02 3, 11, 15, 7
8_29_08 8, 16, 4, 12, 5, 13, 1, 9
8_6_16 10, 2, 6, 14, 11, 3, 7, 15
8_23_18 11, 3, 7, 15, 12, 4, 8, 16
4_5_14 9, 1, 5, 13
4_21_06 5, 13, 1, 9
1_14_08 4
6_7_20 12, 4, 8, 16, 13, 5
4_11_10 8, 16, 4, 12
8_22_20 12, 4, 8, 16, 13, 5, 9, 1
4_21_22 13, 5, 9, 1
5_6_06 5, 13, 1, 9, 2
2_1_12 7, 15
2_26_00 15, 7
6_18_02 2, 10, 14, 6, 15, 7
1_20_14 12
8_13_20 14, 6, 10, 2, 11, 3, 7, 15
6_17_14 8, 16, 4, 12, 9, 1
5_26_04 5, 13, 1, 9, 2
7_22_00 2, 10, 14, 6, 15, 7, 11
2_5_14 9, 1
1_17_00 1
7_25_10 8, 16, 4, 12, 9, 1, 5
4_31_18 13, 5, 9, 1
4_30_02 5, 13, 1, 9
7_27_22 14, 6, 10, 2, 7, 15, 3
7_3_18 10, 2, 6, 14, 3, 11, 15
7_19_16 9, 1, 5, 13, 2, 10, 14
3_7_08 6, 14, 10
6_31_02 5, 13, 1, 9, 2, 10
6_28_02 4, 12, 16, 8, 1, 9
8_26_04 5, 13, 1, 9, 6, 14, 2, 10
2_5_00 2, 10
1_9_18 12
2_2_20 7, 15
3_29_22 15, 7, 11
3_13_14 11, 3, 7
8_25_08 7, 15, 3, 11, 8, 16, 4, 12
7_12_02 4, 12, 16, 8, 9, 1, 5
5_30_18 13, 5, 9, 1, 6
4_4_20 11, 3, 7, 15
3_18_06 16, 8, 12
3_29_10 9, 1, 5
2_21_14 9, 1
3_1_00 1, 9, 13
5_24_22 13, 5, 9, 1, 2
5_16_06 7, 15, 3, 11, 8
4_27_12 9, 1, 5, 13
6_15_06 7, 15, 3, 11, 4, 12
3_28_16 7, 15, 11
2_7_02 3, 11
8_15_10 9, 1, 5, 13, 6, 14, 2, 10
6_2_02 2, 10, 14, 6, 15, 7
2_26_06 2, 10
3_14_06 3, 11, 15
6_15_16 12, 4, 8, 16, 9, 1
8_9_12 9, 1, 5, 13, 10, 2, 6, 14
7_21_18 11, 3, 7, 15, 12, 4, 8
4_22_04 4, 12, 16, 8
1_11_08 15
1_12_14 14
7_7_18 11, 3, 7, 15, 4, 12, 16
3_14_10 5, 13, 1
7_3_16 9, 1, 5, 13, 2, 10, 14
6_3_16 9, 1, 5, 13, 10, 2
2_4_06 16, 8
7_8_06 5, 13, 1, 9, 10, 2, 6
6_28_12 9, 1, 5, 13, 6, 14
6_18_00 1, 9, 13, 5, 14, 6
6_27_22 14, 6, 10, 2, 15, 7
3_15_12 10, 2, 14
8_3_12 7, 15, 3, 11, 8, 16, 4, 12
4_6_06 5, 13, 1, 9
7_14_20 14, 6, 10, 2, 7, 15, 3
8_18_14 8, 16, 4, 12, 9, 1, 5, 13
5_26_18 12, 4, 8, 16, 9
2_31_16 12, 4
4_10_22 14, 6, 10, 2
2_28_14 6, 14
1_2_00 13
3_27_20 13, 5, 1
8_8_00 2, 10, 14, 6, 3, 11, 15, 7
5_30_10 9, 1, 5, 13, 2
1_24_08 10
5_19_00 1, 9, 13, 5, 10
5_4_20 11, 3, 7, 15, 16
1_8_18 15
4_20_20 11, 3, 7, 15
8_24_12 8, 16, 4, 12, 9, 1, 5, 13
6_19_20 11, 3, 7, 15, 12, 4
7_11_00 3, 11, 15, 7, 12, 4, 8
1_20_20 15
3_6_12 4, 12, 16
7_28_14 10, 2, 6, 14, 15, 7, 11
4_5_08 6, 14, 2, 10
6_16_02 5, 13, 1, 9, 14, 6
3_29_00 4,12, 16
2_2_06 16, 8
5_11_18 12, 4, 8, 16, 5
3_3_20 11, 3, 15
6_19_04 3, 11, 15, 7, 4, 12
5_29_08 8, 16, 4, 12, 5
1_24_20 16
3_8_20 8, 16, 12
3_17_04 3, 11, 15
8_1_14 8, 16, 4, 12, 9, 1, 5, 13
5_7_20 12, 4, 8, 16, 5
6_28_12 9, 1, 5, 13, 6, 14
1_28_08 11
5_23_18 11, 3, 7, 15, 4
2_28_00 15, 7
7_14_20 14, 6, 10, 2, 7, 15, 3
5_13_06 7, 15, 3, 11, 4
8_11_20 13, 5, 9, 1, 14, 6, 10, 2
8_28_08 7, 15, 3, 11, 8, 16, 4, 12
8_6_16 10, 2, 6, 14, 11, 3, 7, 15
7_26_14 10, 2, 6, 14, 7, 15, 3
5_28_20 13, 5, 9, 1, 2
1_30_22 11
6_18_22 12, 4, 8, 16, 9, 1
1_2_00 13
4_1_20 11, 3, 7, 15
4_30_02 5, 13, 1, 9
8_11_10 8, 16, 4, 12, 9, 1, 5, 13
8_11_02 4, 12, 16, 8, 5, 13, 1, 9
3_7_22 13, 5, 1
3_12_02 16, 8, 4
3_15_08 8, 16, 12
7_4_12 7, 15, 3, 11, 12, 4, 8
8_15_18 13, 5, 9, 1, 10, 2, 6, 14
8_18_10 6, 14, 2, 10, 7, 15, 3, 11
6_9_18 12, 4, 8, 16, 13, 5
8_20_08 5, 13, 1, 9, 6, 14, 2, 10
1_29_20 14
4_21_22 13, 5, 9, 1
8_8_02 3, 11, 15, 7, 4, 12, 16, 8
2_12_16 7, 15
4_10_06 6, 14, 2, 10
4_25_02 4, 12, 16, 8
2_1_22 12, 4
1_22_10 3
6_7_18 11, 3, 7, 15, 12, 4
8_1_12 7, 15, 3, 11, 8, 16, 4, 12
4_21_02 3, 11, 15, 7
2_28_16 7, 15
3_4_16 5, 13, 9
5_22_00 2, 10, 14, 6, 15
2_4_02 14, 6
3_24_08 2, 10, 6
4_6_18 11, 3, 7, 15
8_9_06 6, 14, 2, 10, 7, 15, 3, 11
6_27_04 5, 13, 1, 9, 6, 14
4_20_18 10, 2, 6, 14
7_22_04 4, 12, 16, 8, 1, 9, 13
7_21_20 12, 4, 8, 16, 13, 5, 9
6_7_20 12, 4, 8, 16, 13, 5
6_29_00 4, 12, 16, 8, 1, 9
1_26_02 16
6_3_04 3, 11, 15, 7, 4, 12
3_1_22 12, 4, 8
5_3_14 8, 16, 4, 12, 1
3_25_22 14, 6, 10
6_19_02 2, 10, 14, 6, 3, 11
2_20_16 5, 13
5_12_14 10, 2, 6, 14, 15
1_31_04 14
2_10_04 1, 9
3_17_20 11, 3, 7
5_14_06 7, 15, 3, 11, 16
8_24_04 4, 12, 16, 8, 5, 13, 1, 9
7_3_16 9, 1, 5, 13, 2, 10, 14
4_1_12 7, 15, 3, 11
2_20_08 1, 9
6_24_04 4, 12, 16, 8, 1, 9
4_4_12 7, 15, 3, 11
8_1_02 2, 10, 14, 6, 3, 11, 15, 7
3_19_06 4, 12, 8
4_30_14 11, 3, 7, 15
6_19_00 1, 9, 13, 5, 2, 10
4_29_06 7, 15, 3, 11
4_12_00 3, 11, 15, 7
2_2_14 4, 12
5_22_22 13, 5, 9, 1, 10
6_26_10 8, 16, 4, 12, 5, 13
5_9_08 7, 15, 3, 11, 8
8_11_08 7, 15, 3, 11, 8, 16, 4, 12
5_3_06 4, 12, 16, 8, 13
2_16_04 2, 10
3_28_06 2, 10, 6
4_29_18 13, 5, 9, 1
5_19_04 3, 11, 15, 7, 12
5_28_00 3, 11, 15, 7, 8
2_18_22 8, 16
4_5_20 12, 4, 8, 16
2_29_12 10, 2
5_23_12 8, 16, 4, 12, 1
3_2_02 14, 6, 10
4_18_04 3, 11, 15, 7
5_25_14 10, 2, 6, 14, 11
4_5_20 12, 4, 8, 16
3_8_20 8, 16, 12
7_25_16 11, 3, 7, 15, 12, 4, 8
8_4_18 10, 2, 6, 14, 11, 3, 7, 15
1_9_22 14
6_8_18 11, 3, 7, 15, 8, 16
6_8_10 7, 15, 3, 11, 4, 12
6_29_22 15, 7, 11, 3, 12, 4
3_20_14 4, 12, 8
7_9_08 7, 15, 3, 11, 8, 16, 4
5_19_04 3, 11, 15, 7, 12
3_17_22 12, 4, 8
8_30_02 5, 13, 1, 9, 2, 10, 14, 6
8_3_06 4, 12, 16, 8, 5, 13, 1, 9
2_21_12 8, 16
8_26_20 13, 5, 9, 1, 14, 6, 10, 2
7_28_12 9, 1, 5, 13, 14, 6, 10
7_16_04 6, 14, 2, 10, 7, 15, 3
1_29_22 15
3_23_12 8, 16, 12
6_30_14 11, 3, 7, 15, 4, 12
8_22_06 5, 13, 1, 9, 6, 14, 2, 10
3_31_10 9, 1, 13
1_17_02 2
4_11_16 11, 3, 7, 15
4_4_00 1, 9, 13, 5
6_30_00 4, 12, 16, 8, 13, 5
5_16_14 11, 3, 7, 15, 12
6_31_18 13, 5, 9, 1, 10, 2
4_10_06 6, 14, 2, 10
4_19_18 10, 2, 6, 14
6_31_00 4, 12, 16, 8, 1, 9
3_21_16 10, 2, 6
7_21_20 12, 4, 8, 16, 13, 5, 9
3_17_22 12, 4, 8
7_30_00 4, 12, 16, 8, 13, 5, 9
1_8_22 1
6_3_04 3, 11, 15, 7, 4, 12
6_30_18 13, 5, 9, 1, 6, 14
1_4_10 10
4_12_10 8, 16, 4, 12
2_28_06 2, 10
2_19_16 9, 1
6_15_16 12, 4, 8, 16, 9, 1
8_11_16 11, 3, 7, 15, 12, 4, 8, 16
2_3_14 8, 16
8_16_18 13, 5, 9, 1, 10, 2, 6, 14
4_17_18 10, 2, 6, 14
2_22_16 6, 14
2_1_10 6, 14
2_25_22 14, 6
5_20_00 1, 9, 13, 5, 6
3_21_00 2, 10, 14
2_11_12 9, 1
1_2_20 7
6_29_16 12, 4, 8, 16, 9, 1
7_26_16 11, 3, 7, 15, 8, 16, 4
6_28_14 10, 2, 6, 14, 7, 15
5_11_02 4, 12, 16, 8, 13
3_27_08 7, 15, 11
7_3_08 5, 13, 1, 9, 14, 6, 10
5_15_12 10, 2, 6, 14, 15
5_27_20 13, 5, 9, 1, 6
2_1_10 6, 14
5_12_18 12, 4, 8, 16, 1
3_29_14 11, 3, 7
1_26_22 10
4_8_10 7, 15, 3, 11
6_3_12 7, 15, 3, 11, 8, 16
6_31_14 11, 3, 7, 15, 8, 16
7_6_20 12, 4, 8, 16, 9, 1, 5
4_13_06 7, 15, 3, 11
6_23_16 10, 2, 6, 14, 11, 3
5_1_02 2, 10, 14, 6, 3
1_13_20 14
8_31_18 13, 5, 9, 1, 10, 2, 6, 14
5_17_10 6, 14, 2, 10, 7
3_24_08 2, 10, 6
8_8_00 2, 10, 14, 6, 3, 11, 15, 7
6_27_10 8, 16, 4, 12, 9, 1
8_20_00 1, 9, 13, 5, 2, 10, 14, 6
1_16_22 3
7_22_06 5, 13, 1, 9, 2, 10, 14
5_26_18 12, 4, 8, 16, 9
5_9_08 7, 15, 3, 11, 8
8_2_08 5, 13, 1, 9, 6, 14, 2, 10
2_15_10 9, 1
4_16_18 13, 5, 9, 1
1_22_16 6
7_14_14 11, 3, 7, 15, 4, 12, 16
2_26_16 7, 15
3_28_04 1, 9, 5
4_29_10 9, 1, 5, 13
1_24_00 6
6_8_16 10, 2, 6, 14, 7, 15
7_25_16 11, 3, 7, 15, 12, 4, 8
3_24_02 15, 7, 3
8_29_06 7, 15, 3, 11, 4, 12, 16, 8
2_12_12 5, 13
7_20_22 12, 4, 8, 16, 1, 9, 13
2_1_12 7, 15
6_18_14 8, 16, 4, 12, 5, 13
7_5_22 13, 5, 9, 1, 14, 6, 10
7_10_16 11, 3, 7, 15, 8, 16, 4
7_10_12 9, 1, 5, 13, 6, 14, 2
8_5_22 13, 5, 9, 1, 14, 6, 10, 2
4_24_00 2, 10, 14, 6
2_19_12 7, 15
5_27_00 3, 11, 15, 7, 12
7_8_14 9, 1, 5, 13, 14, 6, 10
6_11_16 11, 3, 7, 15, 12, 4
7_25_06 6, 14, 2, 10, 7, 15, 3
6_19_04 3, 11, 15, 7, 4, 12
1_9_04 5
5_1_22 12, 4, 8, 16, 13
3_9_14 10, 2, 6
5_13_04 6, 14, 2, 10, 3
2_24_16 6, 14
8_28_16 11, 3, 7, 15, 12, 4, 8, 16
2_11_18 12, 4
8_5_08 6, 14, 2, 10, 7, 15, 3, 11
1_10_20 9
5_20_12 7, 15, 3, 11, 12
2_6_08 2, 10
8_19_18 10, 2, 6, 14, 11, 3, 7, 15
3_13_22 15, 7, 11
7_19_10 6, 14, 2, 10, 15, 7, 11
7_30_06 7, 15, 3, 11, 16, 8, 12
6_1_06 4, 12, 16, 8, 5, 13
6_3_06 4, 12, 16, 8, 5, 13
8_5_00 2, 10, 14, 6, 3, 11, 15, 7
8_21_14 9, 1, 5, 13, 10, 2, 6, 14
7_10_02 4, 12, 16, 8, 1, 9, 13
6_11_10 8, 16, 4, 12, 9, 1
2_13_10 9, 1
5_20_18 10, 2, 6, 14, 15
8_31_08 8, 16, 4, 12, 5, 13, 1, 9
3_6_18 7, 15, 3
5_29_18 13, 5, 9, 1, 10
6_20_18 10, 2, 6, 14, 7, 15
7_31_14 11, 3, 7, 15, 16, 8, 12
7_16_12 10, 2, 6, 14, 11, 3, 7
2_6_20 8, 16
8_22_02 3, 11, 15, 7, 4, 12, 16, 8
4_21_16 10, 2, 6, 14
6_29_22 15, 7, 11, 3, 12, 4
5_22_20 12, 4, 8, 16, 9
7_25_18 12, 4, 8, 16, 13, 5, 9
1_22_04 16
8_1_02 2, 10, 14, 6, 3, 11, 15, 7
2_28_16 7, 15
7_18_12 7, 15, 3, 11, 4, 12, 16
7_28_16 11, 3, 7, 15, 16, 8, 12
2_30_04 2, 10
1_13_08 8
6_27_06 6, 14, 2, 10, 7, 15
3_27_10 8, 16, 12
2_12_18 8, 16
6_10_04 5, 13, 1, 9, 2, 10
6_27_14 10, 2, 6, 14, 11, 3
3_26_00 15, 7, 11
4_9_18 12, 4, 8, 16
3_7_18 11, 3, 15
3_13_10 9, 1, 5
2_14_16 8, 16
7_26_20 13, 5, 9, 1, 10, 2, 6
7_27_12 9, 1, 5, 13, 2, 10, 14
2_26_18 8, 16
3_26_02 16, 8, 12
7_20_08 5, 13, 1, 9, 10, 2, 6
2_6_22 9, 1
5_7_16 10, 2, 6, 14, 3
7_24_10 7, 15, 3, 11, 12, 4, 8
1_24_16 14
3_10_10 4, 12, 16
5_24_16 10, 2, 6, 14, 15
2_9_02 4, 12
8_23_14 9, 1, 5, 13, 10, 2, 6, 14
5_24_02 3, 11, 15, 7, 8
5_16_14 11, 3, 7, 15, 12
5_13_04 6, 14, 2, 10, 3
7_25_16 11, 3, 7, 15, 12, 4, 8
2_23_02 3, 11
8_19_22 12, 4, 8, 16, 13, 5, 9, 1
8_10_02 4, 12, 16, 8, 5, 13, 1, 9
3_6_12 4, 12, 16
4_18_22 12, 4, 8, 16
2_2_18 6, 14
3_28_12 5, 13, 9
5_11_14 10, 2, 6, 14, 3
2_27_20 13, 5
4_14_20 14, 6, 10, 2
8_28_12 9, 1, 5, 13, 10, 2, 6, 14
2_29_12 10, 2
5_9_10 8, 16, 4, 12, 9
2_23_08 6, 14
2_9_18 12, 4
8_4_12 7, 15, 3, 11, 8, 16, 4, 12
7_26_06 6, 14, 2, 10, 3, 11, 15
8_28_18 12, 4, 8, 16, 13, 5, 9, 1
3_12_18 8, 16, 12
3_12_00 15, 7, 3
3_2_08 1, 9, 13
6_12_10 8, 16, 4, 12, 5, 13
3_21_12 8, 16, 4
4_9_10 8, 16, 4, 12
6_24_04 4, 12, 16, 8, 1, 9
2_20_14 4, 12
7_21_16 10, 2, 6, 14, 11, 3, 7
4_20_00 1, 9, 13, 5
3_31_14 11, 3, 15
5_1_06 4, 12, 16, 8, 5
4_18_20 11, 3, 7, 15
1_25_00 3
4_11_22 14, 6, 10, 2
4_16_14 11, 3, 7, 15
2_31_22 15, 7
3_27_14 10, 2, 14
4_1_02 2, 10, 14, 6
1_1_04 3
7_28_20 13, 5, 9, 1, 2, 10, 14
2_8_12 4, 12
2_13_02 5, 13
3_19_18 10, 2, 14
8_20_22 12, 4, 8, 16, 13, 5, 9, 1
8_12_14 10, 2, 6, 14, 11, 3, 7, 15
2_31_04 6, 14
4_29_04 6, 14, 2, 10
6_10_06 6, 14, 2, 10, 3, 11
2_14_08 4, 12
3_2_18 6, 14, 2
1_21_10 7
8_28_12 9, 1, 5, 13, 10, 2, 6, 14
3_10_08 3, 11, 15
8_15_12 10, 2, 6, 14, 7, 15, 3, 11
3_28_10 4, 12, 8
3_29_22 15, 7, 11
8_1_00 1, 9, 13, 5, 2, 10, 14, 6
5_6_02 3, 11, 15, 7, 16
1_4_16 13
7_24_02 3, 11, 15, 7, 8, 16, 4
2_29_10 9, 1
4_24_04 4, 12, 16, 8
5_20_00 1, 9, 13, 5, 6
7_23_10 7, 15, 3, 11, 16, 8, 12
2_7_12 8, 16
8_29_22 15, 7, 11, 3, 12, 4, 8, 16
4_30_04 6, 14, 2, 10
5_11_20 13, 5, 9, 1, 6
5_17_02 2, 10, 14, 6, 3
1_3_16 1
3_24_00 14, 6, 2
7_23_14 9, 1, 5, 13, 2, 10, 14
3_9_08 7, 15, 3
7_23_08 6, 14, 2, 10, 15, 7, 11
4_2_16 9, 1, 5, 13
7_12_20 13, 5, 9, 1, 2, 10, 14
6_11_10 8, 16, 4, 12, 9, 1
7_8_10 7, 15, 3, 11, 12, 4, 8
6_22_20 12, 4, 8, 16, 9, 1
8_24_16 10, 2, 6, 14, 11, 3, 7, 15
6_22_00 2, 10, 14, 6, 15, 7
2_16_14 7, 15
4_4_06 4, 12, 16, 8
8_11_22 14, 6, 10, 2, 15, 7, 11, 3
7_11_14 10, 2, 6, 14, 3, 11, 15
3_7_20 12, 4, 16
6_6_06 5, 13, 1, 9, 2, 10
