7_15_00 4, 12, 16, 8, 9, 1, 5
8_19_08 5, 13, 1, 9, 6, 14, 2, 10
5_2_04 3, 11, 15, 7, 16
5_16_04 6, 14, 2, 10, 7
4_10_06 6, 14, 2, 10
8_17_22 12, 4, 8, 16, 13, 5, 9, 1
6_4_04 3, 11, 15, 7, 16, 8
6_19_14 8, 16, 4, 12, 9, 1
3_29_10 9, 1, 5
5_14_02 5, 13, 1, 9, 14
3_19_02 2, 10, 6
6_13_08 8, 16, 4, 12, 5, 13
3_6_04 16, 8, 12
8_29_04 6, 14, 2, 10, 3, 11, 15, 7
7_6_12 8, 16, 4, 12, 5, 13, 1
2_14_00 16, 8
1_29_02 5
1_18_12 3
6_11_04 5, 13, 1, 9, 6, 14
1_21_10 7
7_28_16 11, 3, 7, 15, 16, 8, 12
5_3_02 2, 10, 14, 6, 11
7_6_16 10, 2, 6, 14, 7, 15, 3
2_20_18 6, 14
2_15_06 7, 15
3_9_22 14, 6, 10
8_5_16 10, 2, 6, 14, 11, 3, 7, 15
2_2_12 3, 11
5_11_22 14, 6, 10, 2, 7
3_10_14 6, 14, 2
1_21_10 7
7_31_04 6, 14, 2, 10, 11, 3, 7
4_8_10 7, 15, 3, 11
2_18_08 1, 9
6_8_12 8, 16, 4, 12, 5, 13
5_27_10 8, 16, 4, 12, 1
2_29_10 9, 1
5_16_12 10, 2, 6, 14, 11
1_5_06 5
7_10_04 5, 13, 1, 9, 2, 10, 14
4_3_12 7, 15, 3, 11
3_2_06 16, 8, 12
1_19_16 1
4_22_12 8, 16, 4, 12
7_8_06 5, 13, 1, 9, 10, 2, 6
4_13_08 8, 16, 4, 12
7_7_22 13, 5, 9, 1, 6, 14, 2
6_24_12 8, 16, 4, 12, 5, 13
3_12_16 7, 15, 11
4_3_06 4, 12, 16, 8
7_10_08 7, 15, 3, 11, 4, 12, 16
4_14_04 6, 14, 2, 10
4_23_00 2, 10, 14, 6
7_31_20 14, 6, 10, 2, 3, 11, 15
5_10_14 10, 2, 6, 14, 7
6_10_08 7, 15, 3, 11, 4, 12
7_19_00 1, 9, 13, 5, 10, 2, 6
5_16_22 15, 7, 11, 3, 16
1_6_08 2
7_30_02 5, 13, 1, 9, 14, 6, 10
1_5_22 13
3_21_04 4, 12, 16
1_29_22 15
6_13_20 14, 6, 10, 2, 11, 3
4_23_22 13, 5, 9, 1
6_15_08 8, 16, 4, 12, 5, 13
8_7_14 9, 1, 5, 13, 10, 2, 6, 14
5_19_16 9, 1, 5, 13, 2
8_13_10 9, 1, 5, 13, 6, 14, 2, 10
8_5_06 5, 13, 1, 9, 6, 14, 2, 10
5_11_12 9, 1, 5, 13, 2
5_27_22 14, 6, 10, 2, 7
5_5_20 12, 4, 8, 16, 13
2_15_14 11, 3
8_17_08 5, 13, 1, 9, 6, 14, 2, 10
5_17_20 11, 3, 7, 15, 12
1_15_02 13
3_5_14 9, 1, 5
6_4_00 1, 9, 13, 5, 14, 6
2_25_10 8, 16
7_24_10 7, 15, 3, 11, 12, 4, 8
5_15_22 15, 7, 11, 3, 4
4_17_04 3, 11, 15, 7
2_9_00 3, 11
4_31_20 14, 6, 10, 2
6_16_00 4, 12, 16, 8, 13, 5
8_28_10 8, 16, 4, 12, 9, 1, 5, 13
7_1_12 7, 15, 3, 11, 8, 16, 4
5_11_00 3, 11, 15, 7, 12
5_17_06 4, 12, 16, 8, 5
5_16_14 11, 3, 7, 15, 12
2_22_18 7, 15
6_3_10 6, 14, 2, 10, 7, 15
7_28_20 13, 5, 9, 1, 2, 10, 14
6_11_16 11, 3, 7, 15, 12, 4
5_12_10 8, 16, 4, 12, 13
3_6_10 3, 11, 15
7_16_06 7, 15, 3, 11, 8, 16, 4
6_11_16 11, 3, 7, 15, 12, 4
1_25_08 7
8_2_00 1, 9, 13, 5, 2, 10, 14, 6
4_11_20 13, 5, 9, 1
5_29_14 11, 3, 7, 15, 8
4_7_20 12, 4, 8, 16
8_20_00 1, 9, 13, 5, 2, 10, 14, 6
5_13_02 5, 13, 1, 9, 2
3_21_10 7, 15, 3
7_12_12 9, 1, 5, 13, 14, 6, 10
3_5_22 13, 5, 9
1_12_06 10
1_26_02 16
2_1_12 7, 15
7_13_22 15, 7, 11, 3, 12, 4, 8
3_11_22 14, 6, 2
2_7_00 2, 10
8_13_04 6, 14, 2, 10, 3, 11, 15, 7
8_30_10 9, 1, 5, 13, 6, 14, 2, 10
7_29_12 10, 2, 6, 14, 7, 15, 3
7_15_10 9, 1, 5, 13, 14, 6, 10
7_15_00 4, 12, 16, 8, 9, 1, 5
2_7_10 7, 15
8_2_10 6, 14, 2, 10, 7, 15, 3, 11
1_5_22 13
1_7_04 12
5_25_22 14, 6, 10, 2, 15
3_5_18 11, 3, 7
7_16_00 4, 12, 16, 8, 5, 13, 1
6_30_02 5, 13, 1, 9, 14, 6
2_22_22 9, 1
1_28_20 1
7_20_22 12, 4, 8, 16, 1, 9, 13
7_27_04 5, 13, 1, 9, 14, 6, 10
7_28_08 7, 15, 3, 11, 12, 4, 8
1_22_16 6
3_1_22 12, 4, 8
8_6_14 9, 1, 5, 13, 10, 2, 6, 14
1_6_10 3
2_11_14 10, 2
5_29_10 9, 1, 5, 13, 6
6_19_18 10, 2, 6, 14, 11, 3
2_6_22 9, 1
8_31_14 11, 3, 7, 15, 8, 16, 4, 12
6_22_14 9, 1, 5, 13, 6, 14
4_13_06 7, 15, 3, 11
2_9_20 13, 5
7_30_22 15, 7, 11, 3, 8, 16, 4
2_1_14 8, 16
5_25_12 9, 1, 5, 13, 10
2_23_12 8, 16
8_6_14 9, 1, 5, 13, 10, 2, 6, 14
6_13_10 9, 1, 5, 13, 6, 14
5_8_18 11, 3, 7, 15, 16
1_5_00 2
2_26_18 8, 16
7_6_04 4, 12, 16, 8, 1, 9, 13
2_23_12 8, 16
7_6_18 11, 3, 7, 15, 8, 16, 4
5_25_08 7, 15, 3, 11, 8
3_21_14 9, 1, 5
5_25_00 3, 11, 15, 7, 4
5_13_10 9, 1, 5, 13, 6
1_16_10 13
4_28_16 11, 3, 7, 15
3_9_08 7, 15, 3
7_10_08 7, 15, 3, 11, 4, 12, 16
2_2_04 15, 7
3_19_12 7, 15, 11
1_4_20 15
1_2_16 5
6_29_10 9, 1, 5, 13, 6, 14
1_24_22 1
3_6_16 6, 14, 2
3_11_22 14, 6, 2
4_27_10 8, 16, 4, 12
7_29_20 14, 6, 10, 2, 11, 3, 7
7_21_02 3, 11, 15, 7, 4, 12, 16
1_19_04 11
1_18_14 4
5_9_00 3, 11, 15, 7, 4
4_27_22 14, 6, 10, 2
6_2_02 2, 10, 14, 6, 15, 7
5_22_22 13, 5, 9, 1, 10
6_22_06 5, 13, 1, 9, 2, 10
5_8_06 5, 13, 1, 9, 10
2_19_00 1, 9
4_14_18 13, 5, 9, 1
3_3_20 11, 3, 15
4_30_10 9, 1, 5, 13
4_27_20 13, 5, 9, 1
3_19_20 11, 3, 15
7_23_00 2, 10, 14, 6, 11, 3, 7
1_7_08 14
1_16_20 2
3_24_04 16, 8, 4
7_20_06 4, 12, 16, 8, 9, 1, 5
1_11_20 5
4_12_06 6, 14, 2, 10
1_10_02 16
5_1_02 2, 10, 14, 6, 3
3_10_04 1, 9, 13
1_11_04 13
1_19_04 11
2_4_10 2, 10
4_18_08 5, 13, 1, 9
1_1_06 4
8_4_10 6, 14, 2, 10, 7, 15, 3, 11
7_1_10 6, 14, 2, 10, 7, 15, 3
2_18_14 4, 12
3_22_00 14, 6, 10
6_15_12 10, 2, 6, 14, 7, 15
6_30_00 4, 12, 16, 8, 13, 5
3_14_10 5, 13, 1
4_4_08 5, 13, 1, 9
4_1_08 5, 13, 1, 9
2_5_00 2, 10
1_1_22 12
3_3_18 10, 2, 14
8_25_12 9, 1, 5, 13, 10, 2, 6, 14
5_24_10 7, 15, 3, 11, 12
5_17_18 10, 2, 6, 14, 11
7_24_14 9, 1, 5, 13, 14, 6, 10
6_16_08 8, 16, 4, 12, 1, 9
3_3_16 9, 1, 13
7_3_12 7, 15, 3, 11, 16, 8, 12
5_25_18 12, 4, 8, 16, 13
8_10_00 3, 11, 15, 7, 4, 12, 16, 8
5_4_04 3, 11, 15, 7, 8
8_21_22 13, 5, 9, 1, 14, 6, 10, 2
8_31_02 5, 13, 1, 9, 2, 10, 14, 6
3_18_20 7, 15, 3
2_20_10 2, 10
3_15_14 11, 3, 15
5_5_02 3, 11, 15, 7, 4
2_13_18 13, 5
3_15_02 5, 13, 9
4_3_18 10, 2, 6, 14
4_1_12 7, 15, 3, 11
1_22_10 3
8_11_20 13, 5, 9, 1, 14, 6, 10, 2
2_22_02 15, 7
5_16_20 14, 6, 10, 2, 15
3_10_04 1, 9, 13
8_9_02 4, 12, 16, 8, 5, 13, 1, 9
3_26_00 15, 7, 11
8_20_20 11, 3, 7, 15, 12, 4, 8, 16
1_9_10 8
2_20_12 3, 11
1_12_14 14
7_18_18 10, 2, 6, 14, 7, 15, 3
5_25_12 9, 1, 5, 13, 10
7_7_04 4, 12, 16, 8, 13, 5, 9
4_22_02 3, 11, 15, 7
4_10_10 8, 16, 4, 12
5_18_04 3, 11, 15, 7, 16
4_14_20 14, 6, 10, 2
3_6_06 1, 9, 13
2_10_04 1, 9
1_30_10 5
4_18_12 7, 15, 3, 11
5_5_04 4, 12, 16, 8, 5
