3_19_18 10, 2, 14
3_22_18 7, 15, 3
8_31_22 15, 7, 11, 3, 12, 4, 8, 16
8_2_12 7, 15, 3, 11, 8, 16, 4, 12
5_14_20 14, 6, 10, 2, 7
4_29_20 14, 6, 10, 2
5_9_06 6, 14, 2, 10, 7
8_4_08 5, 13, 1, 9, 6, 14, 2, 10
1_14_04 2
8_16_16 12, 4, 8, 16, 9, 1, 5, 13
3_28_16 7, 15, 11
8_6_00 2, 10, 14, 6, 3, 11, 15, 7
5_17_16 9, 1, 5, 13, 10
3_20_22 8, 16, 12
6_11_00 3, 11, 15, 7, 4, 12
5_4_04 3, 11, 15, 7, 8
5_6_20 12, 4, 8, 16, 9
3_22_22 9, 1, 5
8_21_08 6, 14, 2, 10, 7, 15, 3, 11
6_22_14 9, 1, 5, 13, 6, 14
1_2_00 13
4_17_08 5, 13, 1, 9
8_18_04 3, 11, 15, 7, 4, 12, 16, 8
1_23_04 12
7_18_22 12, 4, 8, 16, 9, 1, 5
5_15_08 8, 16, 4, 12, 13
1_20_04 7
4_13_06 7, 15, 3, 11
6_4_20 11, 3, 7, 15, 8, 16
7_8_08 6, 14, 2, 10, 11, 3, 7
7_27_14 10, 2, 6, 14, 3, 11, 15
7_18_08 5, 13, 1, 9, 2, 10, 14
2_7_04 4, 12
6_7_16 10, 2, 6, 14, 11, 3
5_23_22 13, 5, 9, 1, 6
7_31_12 10, 2, 6, 14, 15, 7, 11
7_31_00 4, 12, 16, 8, 9, 1, 5
7_8_08 6, 14, 2, 10, 11, 3, 7
2_10_00 15, 7
2_8_12 4, 12
7_20_02 2, 10, 14, 6, 7, 15, 3
7_27_04 5, 13, 1, 9, 14, 6, 10
8_21_12 8, 16, 4, 12, 9, 1, 5, 13
3_12_22 10, 2, 14
6_7_16 10, 2, 6, 14, 11, 3
8_2_10 6, 14, 2, 10, 7, 15, 3, 11
2_5_08 6, 14
3_26_20 9, 1, 5
4_25_12 9, 1, 5, 13
6_28_22 14, 6, 10, 2, 11, 3
1_13_06 7
6_29_10 9, 1, 5, 13, 6, 14
7_2_18 10, 2, 6, 14, 7, 15, 3
2_28_06 2, 10
8_10_00 3, 11, 15, 7, 4, 12, 16, 8
2_20_00 13, 5
6_3_16 9, 1, 5, 13, 10, 2
8_22_14 9, 1, 5, 13, 10, 2, 6, 14
5_18_20 11, 3, 7, 15, 8
3_23_16 10, 2, 14
1_17_12 7
6_12_18 12, 4, 8, 16, 9, 1
3_22_06 1, 9, 13
7_3_06 4, 12, 16, 8, 13, 5, 9
3_24_02 15, 7, 3
8_11_18 12, 4, 8, 16, 13, 5, 9, 1
2_22_20 8, 16
7_28_22 14, 6, 10, 2, 3, 11, 15
3_24_22 9, 1, 13
1_10_12 5
2_7_06 5, 13
8_2_14 8, 16, 4, 12, 9, 1, 5, 13
3_24_06 1, 9, 5
8_9_00 3, 11, 15, 7, 4, 12, 16, 8
4_10_06 6, 14, 2, 10
7_6_00 2, 10, 14, 6, 15, 7, 11
4_17_14 8, 16, 4, 12
3_25_10 8, 16, 4
8_18_12 7, 15, 3, 11, 8, 16, 4, 12
5_29_00 4, 12, 16, 8, 1
1_1_20 11
5_17_08 5, 13, 1, 9, 6
7_18_06 4, 12, 16, 8, 1, 9, 13
2_26_12 5, 13
2_13_18 13, 5
6_29_06 7, 15, 3, 11, 4, 12
4_7_00 2, 10, 14, 6
2_21_06 5, 13
1_31_22 7
5_7_20 12, 4, 8, 16, 5
8_15_22 15, 7, 11, 3, 12, 4, 8, 16
2_15_16 12, 4
6_20_04 3, 11, 15, 7, 16, 8
3_9_04 5, 13, 1
3_25_22 14, 6, 10
1_25_18 12
5_19_20 11, 3, 7, 15, 4
2_16_18 9, 1
5_18_16 9, 1, 5, 13, 6
6_3_08 5, 13, 1, 9, 6, 14
7_22_12 8, 16, 4, 12, 5, 13, 1
6_1_04 3, 11, 15, 7, 4, 12
6_6_12 8, 16, 4, 12, 5, 13
4_5_04 4, 12, 16, 8
2_4_20 7, 15
5_8_02 3, 11, 15, 7, 8
3_25_20 13, 5, 9
7_16_18 13, 5, 9, 1, 14, 6, 10
7_4_08 5, 13, 1, 9, 10, 2, 6
4_6_02 3, 11, 15, 7
7_1_02 2, 10, 14, 6, 3, 11, 15
5_11_04 5, 13, 1, 9, 14
7_28_18 12, 4, 8, 16, 1, 9, 13
3_6_02 15, 7, 11
1_5_20 12
2_17_04 3, 11
5_6_12 8, 16, 4, 12, 5
8_1_04 3, 11, 15, 7, 4, 12, 16, 8
6_18_12 7, 15, 3, 11, 4, 12
5_12_06 6, 14, 2, 10, 11
1_28_12 13
4_6_18 11, 3, 7, 15
1_31_14 3
4_24_00 2, 10, 14, 6
5_25_06 6, 14, 2, 10, 7
8_11_22 14, 6, 10, 2, 15, 7, 11, 3
3_31_14 11, 3, 15
6_14_16 12, 4, 8, 16, 5, 13
8_10_06 6, 14, 2, 10, 7, 15, 3, 11
7_8_20 12, 4, 8, 16, 1, 9, 13
1_12_06 10
1_11_00 11
8_15_08 8, 16, 4, 12, 5, 13, 1, 9
2_30_04 2, 10
3_26_18 8, 16, 4
3_5_22 13, 5, 9
7_23_08 6, 14, 2, 10, 15, 7, 11
4_5_02 3, 11, 15, 7
4_6_18 11, 3, 7, 15
6_21_12 8, 16, 4, 12, 9, 1
2_31_08 8, 16
1_30_14 7
5_23_04 4, 12, 16, 8, 13
1_4_04 7
7_10_14 10, 2, 6, 14, 7, 15, 3
2_4_00 13, 5
4_9_14 10, 2, 6, 14
3_9_08 7, 15, 3
7_11_12 9, 1, 5, 13, 2, 10, 14
1_20_08 9
6_22_20 12, 4, 8, 16, 9, 1
1_13_10 9
2_27_02 4, 12
4_12_16 11, 3, 7, 15
8_14_22 15, 7, 11, 3, 12, 4, 8, 16
3_10_10 4, 12, 16
3_26_14 6, 14, 2
4_1_16 9, 1, 5, 13
7_11_22 14, 6, 10, 2, 7, 15, 3
8_17_00 1, 9, 13, 5, 2, 10, 14, 6
6_5_12 8, 16, 4, 12, 9, 1
5_18_16 9, 1, 5, 13, 6
3_16_00 16, 8, 4
1_28_22 2
8_24_20 12, 4, 8, 16, 13, 5, 9, 1
3_9_08 7, 15, 3
3_14_14 7, 15, 3
7_29_08 8, 16, 4, 12, 5, 13, 1
7_9_08 7, 15, 3, 11, 8, 16, 4
7_19_20 11, 3, 7, 15, 4, 12, 16
4_29_04 6, 14, 2, 10
5_10_14 10, 2, 6, 14, 7
4_29_18 13, 5, 9, 1
8_17_02 2, 10, 14, 6, 3, 11, 15, 7
3_15_04 6, 14, 10
5_23_20 12, 4, 8, 16, 5
3_11_20 13, 5, 1
1_4_16 13
8_1_12 7, 15, 3, 11, 8, 16, 4, 12
1_12_16 15
4_22_14 9, 1, 5, 13
7_24_04 4, 12, 16, 8, 9, 1, 5
3_19_00 1, 9, 5
8_18_00 1, 9, 13, 5, 2, 10, 14, 6
4_12_16 11, 3, 7, 15
2_7_10 7, 15
3_4_12 3, 11, 7
1_11_16 3
5_28_08 7, 15, 3, 11, 12
6_23_12 8, 16, 4, 12, 9, 1
7_17_12 7, 15, 3, 11, 8, 16, 4
5_23_10 7, 15, 3, 11, 16
5_28_06 6, 14, 2, 10, 11
4_3_22 12, 4, 8, 16
1_19_18 2
6_13_18 13, 5, 9, 1, 10, 2
1_5_12 8
6_19_12 7, 15, 3, 11, 8, 16
1_2_00 13
6_22_14 9, 1, 5, 13, 6, 14
1_30_00 16
3_6_02 15, 7, 11
5_19_00 1, 9, 13, 5, 10
2_5_12 8, 16
4_31_06 7, 15, 3, 11
2_7_02 3, 11
4_23_20 12, 4, 8, 16
3_12_18 8, 16, 12
7_15_16 12, 4, 8, 16, 1, 9, 13
5_17_14 8, 16, 4, 12, 9
3_6_08 2, 10, 14
2_12_06 2, 10
1_17_10 6
2_5_20 12, 4
4_10_20 13, 5, 9, 1
6_7_06 5, 13, 1, 9, 6, 14
7_21_06 5, 13, 1, 9, 6, 14, 2
4_10_02 4, 12, 16, 8
2_17_10 6, 14
8_17_20 11, 3, 7, 15, 12, 4, 8, 16
3_24_04 16, 8, 4
6_3_06 4, 12, 16, 8, 5, 13
2_23_16 10, 2
5_24_18 11, 3, 7, 15, 16
4_26_06 6, 14, 2, 10
8_7_06 5, 13, 1, 9, 6, 14, 2, 10
3_5_10 7, 15, 3
2_14_02 1, 9
4_9_18 12, 4, 8, 16
7_7_06 5, 13, 1, 9, 14, 6, 10
7_9_20 13, 5, 9, 1, 14, 6, 10
3_2_16 5, 13, 1
7_8_04 4, 12, 16, 8, 9, 1, 5
3_19_20 11, 3, 15
8_20_10 6, 14, 2, 10, 7, 15, 3, 11
2_6_04 16, 8
6_1_18 10, 2, 6, 14, 11, 3
8_27_02 4, 12, 16, 8, 5, 13, 1, 9
4_8_20 12, 4, 8, 16
2_22_20 8, 16
4_23_18 11, 3, 7, 15
6_21_18 11, 3, 7, 15, 12, 4
2_21_02 3, 11
7_6_08 6, 14, 2, 10, 3, 11, 15
8_9_20 13, 5, 9, 1, 14, 6, 10, 2
4_15_10 9, 1, 5, 13
6_30_20 14, 6, 10, 2, 7, 15
7_8_08 6, 14, 2, 10, 11, 3, 7
2_1_06 4, 12
4_19_12 7, 15, 3, 11
2_27_18 12, 4
4_2_08 5, 13, 1, 9
1_12_08 11
1_1_00 1
7_8_04 4, 12, 16, 8, 9, 1, 5
3_21_04 4, 12, 16
5_13_20 14, 6, 10, 2, 11
1_16_04 10
6_19_00 1, 9, 13, 5, 2, 10
2_2_20 7, 15
5_15_22 15, 7, 11, 3, 4
7_11_04 5, 13, 1, 9, 14, 6, 10
4_18_22 12, 4, 8, 16
1_3_16 1
3_23_04 4, 12, 8
8_23_00 2, 10, 14, 6, 3, 11, 15, 7
7_22_22 13, 5, 9, 1, 10, 2, 6
4_9_06 6, 14, 2, 10
4_5_10 7, 15, 3, 11
1_22_00 14
3_24_14 5, 13, 9
8_20_12 7, 15, 3, 11, 8, 16, 4, 12
1_16_02 9
3_1_10 6, 14, 2
3_16_08 4, 12, 8
2_4_10 2, 10
7_26_02 4, 12, 16, 8, 1, 9, 13
4_20_12 7, 15, 3, 11
8_26_00 3, 11, 15, 7, 4, 12, 16, 8
5_8_08 6, 14, 2, 10, 11
2_21_14 9, 1
6_3_18 10, 2, 6, 14, 11, 3
4_23_16 10, 2, 6, 14
7_27_08 7, 15, 3, 11, 16, 8, 12
8_15_22 15, 7, 11, 3, 12, 4, 8, 16
5_9_08 7, 15, 3, 11, 8
1_13_02 5
2_25_16 11, 3
5_6_14 9, 1, 5, 13, 6
2_19_22 12, 4
5_24_00 2, 10, 14, 6, 7
6_5_08 6, 14, 2, 10, 7, 15
1_3_02 10
6_23_00 2, 10, 14, 6, 3, 11
2_25_20 13, 5
1_12_06 10
1_6_02 15
8_12_00 3, 11, 15, 7, 4, 12, 16, 8
2_27_20 13, 5
7_29_18 13, 5, 9, 1, 10, 2, 6
2_27_00 3, 11
3_27_12 9, 1, 13
3_13_12 10, 2, 6
7_18_00 1, 9, 13, 5, 14, 6, 10
5_24_00 2, 10, 14, 6, 7
7_2_02 2, 10, 14, 6, 15, 7, 11
7_13_02 5, 13, 1, 9, 2, 10, 14
3_4_20 7, 15, 11
8_23_06 5, 13, 1, 9, 6, 14, 2, 10
3_17_06 4, 12, 16
5_19_16 9, 1, 5, 13, 2
1_26_14 6
4_18_06 4, 12, 16, 8
6_11_22 14, 6, 10, 2, 15, 7
3_28_16 7, 15, 11
7_15_20 14, 6, 10, 2, 3, 11, 15
1_29_08 8
8_28_12 9, 1, 5, 13, 10, 2, 6, 14
8_1_00 1, 9, 13, 5, 2, 10, 14, 6
5_29_10 9, 1, 5, 13, 6
1_28_08 11
1_29_22 15
7_31_18 13, 5, 9, 1, 2, 10, 14
1_15_22 7
3_11_02 4, 12, 8
7_10_06 6, 14, 2, 10, 3, 11, 15
2_29_04 6, 14
2_24_12 4, 12
1_11_12 1
5_15_00 4, 12, 16, 8, 9
2_8_10 3, 11
5_1_08 5, 13, 1, 9, 6
3_3_04 3, 11, 7
2_25_14 10, 2
5_28_16 11, 3, 7, 15, 16
7_17_16 9, 1, 5, 13, 10, 2, 6
4_13_00 4,12, 16, 8
6_28_02 4, 12, 16, 8, 1, 9
8_13_06 7, 15, 3, 11, 4, 12, 16, 8
6_6_06 5, 13, 1, 9, 2, 10
1_23_12 16
1_12_00 7
2_22_00 14, 6
3_22_00 14, 6, 10
5_27_12 9, 1, 5, 13, 2
1_19_22 4
6_21_22 13, 5, 9, 1, 14, 6
5_16_18 13, 5, 9, 1, 14
8_4_20 11, 3, 7, 15, 12, 4, 8, 16
8_13_00 4, 12, 16, 8, 1, 9, 13, 5
7_31_08 8, 16, 4, 12, 13, 5, 9
7_10_12 9, 1, 5, 13, 6, 14, 2
1_31_10 1
1_30_04 2
4_13_02 5, 13, 1, 9
3_16_08 4, 12, 8
6_8_00 2, 10, 14, 6, 15, 7
5_1_12 7, 15, 3, 11, 8
6_30_18 13, 5, 9, 1, 6, 14
1_13_16 12
5_30_22 15, 7, 11, 3, 8
4_10_22 14, 6, 10, 2
3_8_02 15, 7, 3
4_20_20 11, 3, 7, 15
1_26_06 2
1_20_06 8
2_26_10 4, 12
8_21_08 6, 14, 2, 10, 7, 15, 3, 11
8_27_20 13, 5, 9, 1, 14, 6, 10, 2
4_8_02 3, 11, 15, 7
7_21_06 5, 13, 1, 9, 6, 14, 2
7_16_04 6, 14, 2, 10, 7, 15, 3
3_22_08 2, 10, 14
7_8_00 2, 10, 14, 6, 7, 15, 3
1_18_22 8
8_16_18 13, 5, 9, 1, 10, 2, 6, 14
8_3_10 6, 14, 2, 10, 7, 15, 3, 11
7_21_22 13, 5, 9, 1, 14, 6, 10
1_4_12 11
6_17_10 6, 14, 2, 10, 7, 15
8_29_08 8, 16, 4, 12, 5, 13, 1, 9
1_8_10 11
7_31_02 5, 13, 1, 9, 10, 2, 6
8_10_22 14, 6, 10, 2, 15, 7, 11, 3
5_2_16 9, 1, 5, 13, 6
3_15_02 5, 13, 9
4_30_14 11, 3, 7, 15
7_24_10 7, 15, 3, 11, 12, 4, 8
8_18_02 2, 10, 14, 6, 3, 11, 15, 7
4_21_22 13, 5, 9, 1
5_20_00 1, 9, 13, 5, 6
3_12_00 15, 7, 3
2_23_20 12, 4
4_30_18 13, 5, 9, 1
5_28_08 7, 15, 3, 11, 12
2_5_20 12, 4
3_2_14 4, 12, 16
8_27_22 14, 6, 10, 2, 15, 7, 11, 3
7_26_18 12, 4, 8, 16, 9, 1, 5
8_13_04 6, 14, 2, 10, 3, 11, 15, 7
5_17_22 12, 4, 8, 16, 13
2_1_06 4, 12
4_23_10 7, 15, 3, 11
3_23_08 6, 14, 10
8_6_02 3, 11, 15, 7, 4, 12, 16, 8
7_14_16 12, 4, 8, 16, 5, 13, 1
4_4_08 5, 13, 1, 9
4_22_18 11, 3, 7, 15
1_16_12 14
4_18_20 11, 3, 7, 15
1_5_16 10
6_30_16 12, 4, 8, 16, 5, 13
4_18_00 1, 9, 13, 5
6_1_04 3, 11, 15, 7, 4, 12
8_18_08 5, 13, 1, 9, 6, 14, 2, 10
6_18_00 1, 9, 13, 5, 14, 6
2_6_02 15, 7
7_4_20 11, 3, 7, 15, 16, 8, 12
1_2_22 8
3_16_04 2, 10, 6
1_27_00 11
5_16_06 7, 15, 3, 11, 8
7_20_02 2, 10, 14, 6, 7, 15, 3
8_30_14 11, 3, 7, 15, 8, 16, 4, 12
6_17_14 8, 16, 4, 12, 9, 1
2_27_10 8, 16
5_2_22 12, 4, 8, 16, 9
2_25_02 4, 12
2_3_02 2, 10
5_9_12 9, 1, 5, 13, 10
1_17_06 4
5_16_20 14, 6, 10, 2, 15
7_17_18 10, 2, 6, 14, 11, 3, 7
6_7_12 8, 16, 4, 12, 9, 1
6_8_02 3, 11, 15, 7, 16, 8
7_13_08 8, 16, 4, 12, 5, 13, 1
8_28_14 10, 2, 6, 14, 11, 3, 7, 15
8_19_10 6, 14, 2, 10, 7, 15, 3, 11
4_17_06 4, 12, 16, 8
1_17_14 8
4_2_14 8, 16, 4, 12
7_5_10 7, 15, 3, 11, 8, 16, 4
1_22_04 16
5_8_14 9, 1, 5, 13, 14
8_4_00 1, 9, 13, 5, 2, 10, 14, 6
7_31_08 8, 16, 4, 12, 13, 5, 9
8_6_14 9, 1, 5, 13, 10, 2, 6, 14
7_26_18 12, 4, 8, 16, 9, 1, 5
5_28_18 12, 4, 8, 16, 1
4_10_02 4, 12, 16, 8
5_23_20 12, 4, 8, 16, 5
7_3_20 11, 3, 7, 15, 4, 12, 16
4_12_20 13, 5, 9, 1
5_9_06 6, 14, 2, 10, 7
3_24_14 5, 13, 9
3_13_14 11, 3, 7
8_20_16 9, 1, 5, 13, 10, 2, 6, 14
2_25_10 8, 16
8_25_22 14, 6, 10, 2, 15, 7, 11, 3
2_15_12 10, 2
1_22_04 16
6_8_02 3, 11, 15, 7, 16, 8
3_6_18 7, 15, 3
6_9_20 13, 5, 9, 1, 14, 6
7_2_10 6, 14, 2, 10, 3, 11, 15
8_23_12 8, 16, 4, 12, 9, 1, 5, 13
8_16_08 8, 16, 4, 12, 5, 13, 1, 9
2_27_08 7, 15
2_17_04 3, 11
4_27_12 9, 1, 5, 13
5_30_10 9, 1, 5, 13, 2
8_4_12 7, 15, 3, 11, 8, 16, 4, 12
6_7_06 5, 13, 1, 9, 6, 14
1_9_02 4
7_4_16 9, 1, 5, 13, 14, 6, 10
3_8_02 15, 7, 3
7_5_02 3, 11, 15, 7, 4, 12, 16
4_3_02 2, 10, 14, 6
5_4_14 8, 16, 4, 12, 13
6_30_12 10, 2, 6, 14, 3, 11
6_18_16 9, 1, 5, 13, 6, 14
2_14_12 6, 14
6_6_08 6, 14, 2, 10, 3, 11
2_17_10 6, 14
8_21_02 3, 11, 15, 7, 4, 12, 16, 8
1_23_10 15
7_19_04 3, 11, 15, 7, 12, 4, 8
2_5_02 3, 11
4_8_20 12, 4, 8, 16
1_10_14 6
4_19_06 4, 12, 16, 8
3_8_06 1, 9, 5
2_29_02 5, 13
6_23_08 6, 14, 2, 10, 7, 15
2_11_22 14, 6
1_27_14 2
1_19_16 1
5_10_18 12, 4, 8, 16, 9
6_13_00 4, 12, 16, 8, 1, 9
2_1_16 9, 1
8_29_20 14, 6, 10, 2, 11, 3, 7, 15
3_25_02 4, 12, 16
3_8_16 6, 14, 10
7_23_04 4, 12, 16, 8, 13, 5, 9
5_25_08 7, 15, 3, 11, 8
6_28_08 7, 15, 3, 11, 4, 12
7_21_20 12, 4, 8, 16, 13, 5, 9
4_4_00 1, 9, 13, 5
5_19_20 11, 3, 7, 15, 4
3_29_12 10, 2, 6
2_26_10 4, 12
6_9_14 10, 2, 6, 14, 11, 3
4_8_20 12, 4, 8, 16
4_9_08 7, 15, 3, 11
3_27_18 12, 4, 16
4_3_10 6, 14, 2, 10
3_21_16 10, 2, 6
2_23_02 3, 11
6_8_00 2, 10, 14, 6, 15, 7
2_18_10 2, 10
4_2_20 11, 3, 7, 15
4_24_06 5, 13, 1, 9
4_10_22 14, 6, 10, 2
8_16_00 4, 12, 16, 8, 1, 9, 13, 5
7_24_20 12, 4, 8, 16, 1, 9, 13
6_10_18 12, 4, 8, 16, 9, 1
2_18_00 13, 5
8_13_16 12, 4, 8, 16, 9, 1, 5, 13
6_15_14 11, 3, 7, 15, 8, 16
6_16_20 14, 6, 10, 2, 7, 15
4_16_02 5, 13, 1, 9
3_2_06 16, 8, 12
4_23_16 10, 2, 6, 14
6_17_10 6, 14, 2, 10, 7, 15
4_15_18 13, 5, 9, 1
7_27_16 11, 3, 7, 15, 4, 12, 16
3_29_14 11, 3, 7
2_5_06 5, 13
8_26_06 6, 14, 2, 10, 7, 15, 3, 11
1_3_02 10
6_26_18 12, 4, 8, 16, 9, 1
2_2_20 7, 15
5_10_18 12, 4, 8, 16, 9
2_18_10 2, 10
5_25_12 9, 1, 5, 13, 10
1_21_20 12
4_20_14 8, 16, 4, 12
6_19_10 6, 14, 2, 10, 7, 15
6_8_18 11, 3, 7, 15, 8, 16
4_6_12 8, 16, 4, 12
8_7_08 6, 14, 2, 10, 7, 15, 3, 11
1_10_20 9
8_19_22 12, 4, 8, 16, 13, 5, 9, 1
2_27_12 9, 1
2_16_08 4, 12
8_10_22 14, 6, 10, 2, 15, 7, 11, 3
4_4_16 9, 1, 5, 13
7_31_18 13, 5, 9, 1, 2, 10, 14
1_14_14 7
4_24_18 11, 3, 7, 15
1_8_14 13
1_3_04 11
8_24_20 12, 4, 8, 16, 13, 5, 9, 1
1_18_20 7
4_4_00 1, 9, 13, 5
5_22_02 3, 11, 15, 7, 16
1_2_14 4
5_13_04 6, 14, 2, 10, 3
8_27_18 12, 4, 8, 16, 13, 5, 9, 1
8_17_22 12, 4, 8, 16, 13, 5, 9, 1
7_8_16 10, 2, 6, 14, 15, 7, 11
5_29_20 14, 6, 10, 2, 11
8_11_02 4, 12, 16, 8, 5, 13, 1, 9
4_22_18 11, 3, 7, 15
6_21_16 10, 2, 6, 14, 11, 3
4_13_02 5, 13, 1, 9
4_16_20 14, 6, 10, 2
7_10_22 14, 6, 10, 2, 11, 3, 7
1_20_06 8
3_9_00 3, 11, 15
6_7_16 10, 2, 6, 14, 11, 3
5_11_14 10, 2, 6, 14, 3
2_25_08 7, 15
6_4_10 6, 14, 2, 10, 3, 11
3_9_04 5, 13, 1
1_20_06 8
6_24_06 5, 13, 1, 9, 2, 10
8_15_14 11, 3, 7, 15, 8, 16, 4, 12
6_11_00 3, 11, 15, 7, 4, 12
6_4_18 10, 2, 6, 14, 7, 15
6_16_20 14, 6, 10, 2, 7, 15
5_4_20 11, 3, 7, 15, 16
6_29_20 14, 6, 10, 2, 11, 3
5_28_18 12, 4, 8, 16, 1
1_6_20 8
5_31_10 9, 1, 5, 13, 14
6_25_08 7, 15, 3, 11, 8, 16
1_31_22 7
6_2_10 6, 14, 2, 10, 3, 11
5_3_06 4, 12, 16, 8, 13
8_3_22 12, 4, 8, 16, 13, 5, 9, 1
5_22_20 12, 4, 8, 16, 9
5_14_12 10, 2, 6, 14, 3
7_11_18 12, 4, 8, 16, 5, 13, 1
3_9_06 6, 14, 2
5_29_08 8, 16, 4, 12, 5
1_4_20 15
5_13_04 6, 14, 2, 10, 3
4_17_04 3, 11, 15, 7
7_2_00 1, 9, 13, 5, 14, 6, 10
1_18_20 7
7_25_20 13, 5, 9, 1, 14, 6, 10
5_7_16 10, 2, 6, 14, 3
6_2_16 9, 1, 5, 13, 6, 14
7_29_18 13, 5, 9, 1, 10, 2, 6
7_4_02 2, 10, 14, 6, 7, 15, 3
2_1_08 5, 13
1_18_08 1
1_16_20 2
4_19_06 4, 12, 16, 8
4_3_18 10, 2, 6, 14
7_17_06 4, 12, 16, 8, 5, 13, 1
2_14_00 16, 8
2_3_22 12, 4
7_14_10 9, 1, 5, 13, 2, 10, 14
6_12_10 8, 16, 4, 12, 5, 13
2_24_06 1, 9
8_24_14 9, 1, 5, 13, 10, 2, 6, 14
3_19_06 4, 12, 8
3_17_18 10, 2, 6
8_11_06 6, 14, 2, 10, 7, 15, 3, 11
2_3_20 11, 3
7_30_02 5, 13, 1, 9, 14, 6, 10
1_4_14 12
8_29_00 4, 12, 16, 8, 1, 9, 13, 5
1_23_16 2
6_15_06 7, 15, 3, 11, 4, 12
5_20_16 9, 1, 5, 13, 14
2_3_08 5, 13
1_10_08 3
1_28_04 9
5_24_10 7, 15, 3, 11, 12
3_28_02 16, 8, 4
5_24_22 13, 5, 9, 1, 2
7_9_08 7, 15, 3, 11, 8, 16, 4
8_28_04 5, 13, 1, 9, 6, 14, 2, 10
6_1_18 10, 2, 6, 14, 11, 3
4_17_06 4, 12, 16, 8
8_19_20 11, 3, 7, 15, 12, 4, 8, 16
1_20_12 11
4_6_18 11, 3, 7, 15
2_27_20 13, 5
3_15_02 5, 13, 9
8_16_00 4, 12, 16, 8, 1, 9, 13, 5
6_21_10 7, 15, 3, 11, 8, 16
4_27_06 6, 14, 2, 10
4_31_14 11, 3, 7, 15
1_28_18 16
1_21_00 2
2_28_20 9, 1
3_26_08 3, 11, 15
8_26_04 5, 13, 1, 9, 6, 14, 2, 10
1_7_12 16
4_2_00 1, 9, 13, 5
1_26_14 6
2_15_04 6, 14
7_1_02 2, 10, 14, 6, 3, 11, 15
7_14_12 10, 2, 6, 14, 3, 11, 15
4_21_18 11, 3, 7, 15
6_6_20 12, 4, 8, 16, 9, 1
4_17_22 12, 4, 8, 16
8_21_14 9, 1, 5, 13, 10, 2, 6, 14
8_26_02 4, 12, 16, 8, 5, 13, 1, 9
2_19_06 4, 12
8_9_20 13, 5, 9, 1, 14, 6, 10, 2
5_14_06 7, 15, 3, 11, 16
2_31_14 11, 3
3_18_08 1, 9, 13
1_18_08 1
8_25_10 8, 16, 4, 12, 9, 1, 5, 13
8_10_04 5, 13, 1, 9, 6, 14, 2, 10
1_15_22 7
2_27_06 6, 14
4_17_02 2, 10, 14, 6
1_11_08 15
1_8_10 11
4_16_02 5, 13, 1, 9
3_8_20 8, 16, 12
4_31_20 14, 6, 10, 2
7_4_12 7, 15, 3, 11, 12, 4, 8
5_28_00 3, 11, 15, 7, 8
5_23_00 2, 10, 14, 6, 11
2_1_06 4, 12
8_18_00 1, 9, 13, 5, 2, 10, 14, 6
2_21_16 10, 2
4_22_22 13, 5, 9, 1
8_30_20 14, 6, 10, 2, 11, 3, 7, 15
7_12_08 7, 15, 3, 11, 12, 4, 8
6_16_14 11, 3, 7, 15, 4, 12
7_10_02 4, 12, 16, 8, 1, 9, 13
2_28_10 4, 12
2_10_14 6, 14
7_13_18 13, 5, 9, 1, 10, 2, 6
5_17_10 6, 14, 2, 10, 7
2_5_04 4, 12
6_5_12 8, 16, 4, 12, 9, 1
5_9_22 14, 6, 10, 2, 15
6_30_16 12, 4, 8, 16, 5, 13
7_1_12 7, 15, 3, 11, 8, 16, 4
3_22_06 1, 9, 13
3_11_10 8, 16, 12
7_20_02 2, 10, 14, 6, 7, 15, 3
8_13_10 9, 1, 5, 13, 6, 14, 2, 10
7_15_22 15, 7, 11, 3, 4, 12, 16
4_17_12 7, 15, 3, 11
7_3_00 1, 9, 13, 5, 10, 2, 6
6_28_06 6, 14, 2, 10, 3, 11
2_27_14 10, 2
5_2_12 7, 15, 3, 11, 4
5_16_06 7, 15, 3, 11, 8
4_27_12 9, 1, 5, 13
5_16_14 11, 3, 7, 15, 12
5_5_00 2, 10, 14, 6, 3
8_15_00 4, 12, 16, 8, 1, 9, 13, 5
4_29_18 13, 5, 9, 1
7_30_10 9, 1, 5, 13, 2, 10, 14
8_18_04 3, 11, 15, 7, 4, 12, 16, 8
5_30_14 11, 3, 7, 15, 4
5_6_08 6, 14, 2, 10, 3
8_30_18 13, 5, 9, 1, 10, 2, 6, 14
5_21_16 10, 2, 6, 14, 11
6_14_08 8, 16, 4, 12, 1, 9
7_9_16 11, 3, 7, 15, 12, 4, 8
1_6_06 1
7_7_02 3, 11, 15, 7, 12, 4, 8
3_10_04 1, 9, 13
3_10_06 2, 10, 14
4_28_08 7, 15, 3, 11
6_28_10 8, 16, 4, 12, 5, 13
5_4_18 10, 2, 6, 14, 15
1_9_12 9
3_18_22 8, 16, 4
5_12_20 13, 5, 9, 1, 2
6_4_04 3, 11, 15, 7, 16, 8
3_22_08 2, 10, 14
1_28_14 14
3_7_14 9, 1, 13
6_5_08 6, 14, 2, 10, 7, 15
8_21_14 9, 1, 5, 13, 10, 2, 6, 14
1_16_16 16
1_24_18 15
2_2_16 5, 13
7_22_14 9, 1, 5, 13, 6, 14, 2
5_1_20 11, 3, 7, 15, 12
1_27_12 1
4_21_18 11, 3, 7, 15
1_3_06 12
5_22_12 8, 16, 4, 12, 5
8_28_20 13, 5, 9, 1, 14, 6, 10, 2
3_26_16 7, 15, 3
1_12_02 8
4_5_10 7, 15, 3, 11
2_2_20 7, 15
7_21_22 13, 5, 9, 1, 14, 6, 10
3_13_06 7, 15, 3
8_12_10 8, 16, 4, 12, 9, 1, 5, 13
8_25_14 10, 2, 6, 14, 11, 3, 7, 15
1_22_20 8
6_10_14 10, 2, 6, 14, 7, 15
6_31_02 5, 13, 1, 9, 2, 10
2_28_22 10, 2
7_6_18 11, 3, 7, 15, 8, 16, 4
1_20_08 9
8_19_04 3, 11, 15, 7, 4, 12, 16, 8
1_12_14 14
1_8_16 14
1_8_16 14
5_13_20 14, 6, 10, 2, 11
8_1_18 10, 2, 6, 14, 11, 3, 7, 15
6_26_06 6, 14, 2, 10, 3, 11
1_1_00 1
7_3_14 8, 16, 4, 12, 1, 9, 13
7_8_22 13, 5, 9, 1, 2, 10, 14
4_14_06 7, 15, 3, 11
2_17_02 2, 10
1_27_08 15
7_8_20 12, 4, 8, 16, 1, 9, 13
3_1_02 2, 10, 14
8_21_18 11, 3, 7, 15, 12, 4, 8, 16
5_19_08 5, 13, 1, 9, 14
7_26_12 9, 1, 5, 13, 6, 14, 2
4_30_12 10, 2, 6, 14
2_25_00 3, 11
6_13_14 11, 3, 7, 15, 8, 16
4_6_00 2, 10, 14, 6
6_29_02 5, 13, 1, 9, 2, 10
3_4_10 2, 10, 6
4_11_18 12, 4, 8, 16
5_20_14 8, 16, 4, 12, 13
5_19_22 12, 4, 8, 16, 5
7_29_04 6, 14, 2, 10, 3, 11, 15
5_12_08 7, 15, 3, 11, 12
4_9_18 12, 4, 8, 16
2_30_02 1, 9
2_19_02 2, 10
4_14_14 11, 3, 7, 15
2_14_06 3, 11
1_24_10 11
3_14_02 1, 9, 13
5_10_18 12, 4, 8, 16, 9
7_13_20 14, 6, 10, 2, 11, 3, 7
5_13_20 14, 6, 10, 2, 11
4_4_00 1, 9, 13, 5
1_22_18 7
4_5_08 6, 14, 2, 10
1_29_08 8
7_19_04 3, 11, 15, 7, 12, 4, 8
4_29_10 9, 1, 5, 13
7_10_06 6, 14, 2, 10, 3, 11, 15
7_4_12 7, 15, 3, 11, 12, 4, 8
7_25_02 4, 12, 16, 8, 5, 13, 1
1_16_14 15
5_25_14 10, 2, 6, 14, 11
5_10_10 8, 16, 4, 12, 5
6_22_12 8, 16, 4, 12, 5, 13
4_25_06 6, 14, 2, 10
5_14_18 13, 5, 9, 1, 6
3_13_00 4,12, 16
1_29_00 4
8_6_00 2, 10, 14, 6, 3, 11, 15, 7
8_27_04 5, 13, 1, 9, 6, 14, 2, 10
3_6_22 9, 1, 5
6_21_14 9, 1, 5, 13, 10, 2
6_25_16 11, 3, 7, 15, 12, 4
6_24_14 9, 1, 5, 13, 6, 14
4_2_08 5, 13, 1, 9
4_30_02 5, 13, 1, 9
7_11_10 8, 16, 4, 12, 1, 9, 13
7_25_02 4, 12, 16, 8, 5, 13, 1
6_5_08 6, 14, 2, 10, 7, 15
4_3_08 5, 13, 1, 9
6_19_02 2, 10, 14, 6, 3, 11
8_20_10 6, 14, 2, 10, 7, 15, 3, 11
1_16_22 3
7_24_18 11, 3, 7, 15, 16, 8, 12
5_13_10 9, 1, 5, 13, 6
6_17_00 1, 9, 13, 5, 2, 10
5_10_08 7, 15, 3, 11, 4
6_10_06 6, 14, 2, 10, 3, 11
4_24_06 5, 13, 1, 9
6_5_20 12, 4, 8, 16, 13, 5
4_17_22 12, 4, 8, 16
7_5_16 10, 2, 6, 14, 11, 3, 7
5_13_18 13, 5, 9, 1, 10
7_3_02 2, 10, 14, 6, 11, 3, 7
8_27_12 9, 1, 5, 13, 10, 2, 6, 14
8_7_22 13, 5, 9, 1, 14, 6, 10, 2
4_31_00 4,12, 16, 8
1_29_18 13
4_6_08 6, 14, 2, 10
1_6_00 14
3_13_04 6, 14, 2
5_24_08 6, 14, 2, 10, 11
2_15_00 4,12
6_17_20 11, 3, 7, 15, 12, 4
6_31_10 9, 1, 5, 13, 6, 14
6_19_18 10, 2, 6, 14, 11, 3
5_20_00 1, 9, 13, 5, 6
4_16_12 10, 2, 6, 14
5_27_14 10, 2, 6, 14, 3
5_11_04 5, 13, 1, 9, 14
1_30_00 16
2_3_18 10, 2
5_14_10 9, 1, 5, 13, 2
1_27_02 12
8_4_12 7, 15, 3, 11, 8, 16, 4, 12
1_19_10 14
4_10_14 10, 2, 6, 14
4_15_06 7, 15, 3, 11
5_10_22 14, 6, 10, 2, 11
4_24_16 10, 2, 6, 14
7_11_20 13, 5, 9, 1, 6, 14, 2
8_11_16 11, 3, 7, 15, 12, 4, 8, 16
3_3_16 9, 1, 13
8_5_16 10, 2, 6, 14, 11, 3, 7, 15
1_31_02 13
7_15_12 10, 2, 6, 14, 15, 7, 11
4_17_20 11, 3, 7, 15
2_9_12 9, 1
6_18_20 11, 3, 7, 15, 8, 16
1_13_12 10
4_5_04 4, 12, 16, 8
4_22_12 8, 16, 4, 12
7_4_06 4, 12, 16, 8, 9, 1, 5
7_5_00 2, 10, 14, 6, 3, 11, 15
2_13_00 4,12
2_17_04 3, 11
8_7_22 13, 5, 9, 1, 14, 6, 10, 2
2_11_00 3, 11
4_21_08 6, 14, 2, 10
6_17_00 1, 9, 13, 5, 2, 10
2_7_16 10, 2
2_16_08 4, 12
3_13_12 10, 2, 6
6_6_06 5, 13, 1, 9, 2, 10
6_19_08 5, 13, 1, 9, 6, 14
7_26_04 5, 13, 1, 9, 2, 10, 14
1_8_12 12
4_20_18 10, 2, 6, 14
6_29_04 6, 14, 2, 10, 3, 11
6_15_16 12, 4, 8, 16, 9, 1
6_6_16 10, 2, 6, 14, 7, 15
1_25_06 6
5_1_10 6, 14, 2, 10, 7
1_14_16 8
4_19_00 1, 9, 13, 5
2_16_22 11, 3
8_4_02 2, 10, 14, 6, 3, 11, 15, 7
5_23_04 4, 12, 16, 8, 13
1_17_04 3
2_23_08 6, 14
2_15_14 11, 3
7_3_06 4, 12, 16, 8, 13, 5, 9
6_28_18 12, 4, 8, 16, 9, 1
6_17_16 9, 1, 5, 13, 10, 2
6_29_04 6, 14, 2, 10, 3, 11
2_9_18 12, 4
2_12_08 3, 11
3_19_06 4, 12, 8
4_1_22 12, 4, 8, 16
7_30_00 4, 12, 16, 8, 13, 5, 9
1_16_04 10
6_18_22 12, 4, 8, 16, 9, 1
8_2_20 11, 3, 7, 15, 12, 4, 8, 16
2_12_16 7, 15
2_6_10 3, 11
4_9_22 14, 6, 10, 2
7_10_06 6, 14, 2, 10, 3, 11, 15
5_14_04 6, 14, 2, 10, 15
3_4_18 6, 14, 10
8_14_18 13, 5, 9, 1, 10, 2, 6, 14
6_23_04 4, 12, 16, 8, 5, 13
5_1_00 1, 9, 13, 5, 2
4_30_12 10, 2, 6, 14
6_14_00 4, 12, 16, 8, 13, 5
5_9_12 9, 1, 5, 13, 10
5_3_12 7, 15, 3, 11, 16
3_31_00 4,12, 8
6_23_02 3, 11, 15, 7, 4, 12
8_25_20 13, 5, 9, 1, 14, 6, 10, 2
6_5_14 9, 1, 5, 13, 10, 2
4_6_14 9, 1, 5, 13
1_10_22 10
8_9_20 13, 5, 9, 1, 14, 6, 10, 2
1_9_22 14
7_3_18 10, 2, 6, 14, 3, 11, 15
5_11_20 13, 5, 9, 1, 6
7_18_10 6, 14, 2, 10, 3, 11, 15
1_17_14 8
3_2_06 16, 8, 12
5_14_10 9, 1, 5, 13, 2
8_12_22 14, 6, 10, 2, 15, 7, 11, 3
7_20_22 12, 4, 8, 16, 1, 9, 13
5_16_02 5, 13, 1, 9, 6
2_6_04 16, 8
3_4_18 6, 14, 10
1_4_08 9
3_2_02 14, 6, 10
4_22_02 3, 11, 15, 7
3_27_18 12, 4, 16
8_26_00 3, 11, 15, 7, 4, 12, 16, 8
2_13_08 8, 16
6_29_16 12, 4, 8, 16, 9, 1
1_11_04 13
5_13_16 12, 4, 8, 16, 9
8_7_08 6, 14, 2, 10, 7, 15, 3, 11
7_31_22 15, 7, 11, 3, 4, 12, 16
5_28_14 10, 2, 6, 14, 15
6_20_08 5, 13, 1, 9, 2, 10
1_6_18 7
8_7_10 7, 15, 3, 11, 8, 16, 4, 12
5_2_00 1, 9, 13, 5, 14
7_8_22 13, 5, 9, 1, 2, 10, 14
3_15_10 9, 1, 13
8_15_02 5, 13, 1, 9, 2, 10, 14, 6
7_26_16 11, 3, 7, 15, 8, 16, 4
2_6_22 9, 1
4_5_20 12, 4, 8, 16
6_15_22 15, 7, 11, 3, 12, 4
3_9_06 6, 14, 2
3_29_02 5, 13, 1
5_18_20 11, 3, 7, 15, 8
4_10_02 4, 12, 16, 8
5_25_22 14, 6, 10, 2, 15
7_25_16 11, 3, 7, 15, 12, 4, 8
4_29_12 10, 2, 6, 14
6_15_10 9, 1, 5, 13, 6, 14
5_29_16 12, 4, 8, 16, 9
7_6_14 9, 1, 5, 13, 6, 14, 2
6_2_18 10, 2, 6, 14, 7, 15
2_18_00 13, 5
2_12_04 1, 9
4_3_00 1, 9, 13, 5
6_16_00 4, 12, 16, 8, 13, 5
6_22_00 2, 10, 14, 6, 15, 7
6_5_06 5, 13, 1, 9, 6, 14
4_23_12 8, 16, 4, 12
7_27_04 5, 13, 1, 9, 14, 6, 10
1_17_00 1
1_15_12 2
2_10_04 1, 9
3_21_08 6, 14, 2
4_13_18 13, 5, 9, 1
1_6_04 16
8_31_04 6, 14, 2, 10, 3, 11, 15, 7
2_30_18 9, 1
1_1_08 5
2_31_06 7, 15
7_5_06 5, 13, 1, 9, 6, 14, 2
3_1_20 11, 3, 7
4_31_06 7, 15, 3, 11
6_13_06 7, 15, 3, 11, 4, 12
7_23_10 7, 15, 3, 11, 16, 8, 12
7_5_06 5, 13, 1, 9, 6, 14, 2
8_27_08 7, 15, 3, 11, 8, 16, 4, 12
5_5_22 13, 5, 9, 1, 14
5_24_02 3, 11, 15, 7, 8
3_22_06 1, 9, 13
7_5_04 4, 12, 16, 8, 5, 13, 1
2_11_20 13, 5
3_16_10 5, 13, 9
7_17_10 6, 14, 2, 10, 7, 15, 3
1_24_22 1
2_16_20 10, 2
4_3_22 12, 4, 8, 16
2_22_04 16, 8
3_18_20 7, 15, 3
3_18_00 13, 5, 9
2_27_10 8, 16
2_6_18 7, 15
7_21_00 2, 10, 14, 6, 3, 11, 15
6_12_14 10, 2, 6, 14, 7, 15
2_10_06 2, 10
5_24_18 11, 3, 7, 15, 16
1_19_06 12
3_11_00 3, 11, 7
7_4_18 10, 2, 6, 14, 15, 7, 11
2_6_16 6, 14
3_21_22 13, 5, 9
2_14_14 7, 15
1_26_18 8
8_12_10 8, 16, 4, 12, 9, 1, 5, 13
5_7_14 9, 1, 5, 13, 2
5_15_08 8, 16, 4, 12, 13
6_5_14 9, 1, 5, 13, 10, 2
2_31_00 4,12
8_29_14 11, 3, 7, 15, 8, 16, 4, 12
6_5_16 10, 2, 6, 14, 11, 3
3_3_04 3, 11, 7
5_15_10 9, 1, 5, 13, 14
3_27_12 9, 1, 13
3_27_12 9, 1, 13
2_18_10 2, 10
5_3_12 7, 15, 3, 11, 16
2_27_20 13, 5
6_31_00 4, 12, 16, 8, 1, 9
8_6_14 9, 1, 5, 13, 10, 2, 6, 14
6_13_16 12, 4, 8, 16, 9, 1
7_3_06 4, 12, 16, 8, 13, 5, 9
1_5_16 10
7_8_10 7, 15, 3, 11, 12, 4, 8
6_15_02 5, 13, 1, 9, 2, 10
4_28_20 13, 5, 9, 1
6_15_04 6, 14, 2, 10, 3, 11
7_28_06 6, 14, 2, 10, 11, 3, 7
5_25_08 7, 15, 3, 11, 8
4_25_00 3, 11, 15, 7
2_18_02 14, 6
7_22_22 13, 5, 9, 1, 10, 2, 6
6_11_06 6, 14, 2, 10, 7, 15
1_3_18 2
4_16_10 9, 1, 5, 13
5_30_08 8, 16, 4, 12, 1
7_29_02 5, 13, 1, 9, 2, 10, 14
4_17_14 8, 16, 4, 12
1_6_16 6
4_29_22 15, 7, 11, 3
2_23_10 7, 15
3_15_00 4,12, 8
1_11_18 4
8_5_02 3, 11, 15, 7, 4, 12, 16, 8
2_27_18 12, 4
8_11_04 5, 13, 1, 9, 6, 14, 2, 10
4_31_08 8, 16, 12
5_11_06 6, 14, 2, 10, 15
4_9_16 11, 3, 7, 15
4_8_22 13, 5, 9, 1
1_20_06 8
7_2_10 6, 14, 2, 10, 3, 11, 15
3_29_08 8, 16, 4
2_5_10 7, 15
5_22_08 6, 14, 2, 10, 3
3_10_16 7, 15, 3
6_28_14 10, 2, 6, 14, 7, 15
4_31_22 15, 7, 11, 3
7_26_16 11, 3, 7, 15, 8, 16, 4
3_28_10 4, 12, 8
7_20_18 10, 2, 6, 14, 15, 7, 11
6_24_00 2, 10, 14, 6, 15, 7
4_29_00 4,12, 16, 8
3_13_18 13, 5, 9
4_1_18 10, 2, 6, 14
1_1_22 12
7_15_12 10, 2, 6, 14, 15, 7, 11
7_5_12 8, 16, 4, 12, 9, 1, 5
8_25_12 9, 1, 5, 13, 10, 2, 6, 14
2_16_12 6, 14
4_16_02 5, 13, 1, 9
1_20_06 8
3_30_20 10, 2, 6
6_7_20 12, 4, 8, 16, 13, 5
6_1_10 6, 14, 2, 10, 7, 15
2_30_12 6, 14
6_15_04 6, 14, 2, 10, 3, 11
7_20_12 7, 15, 3, 11, 12, 4, 8
2_31_02 5, 13
6_6_02 3, 11, 15, 7, 16, 8
6_3_04 3, 11, 15, 7, 4, 12
4_22_14 9, 1, 5, 13
1_20_18 14
4_14_22 15, 7, 11, 3
2_13_10 9, 1
3_9_08 7, 15, 3
5_28_04 5, 13, 1, 9, 10
6_14_00 4, 12, 16, 8, 13, 5
7_24_18 11, 3, 7, 15, 16, 8, 12
2_3_22 12, 4
6_4_08 5, 13, 1, 9, 2, 10
2_8_16 6, 14
3_10_08 3, 11, 15
3_10_02 16, 8, 12
3_7_12 8, 16, 12
4_31_14 11, 3, 7, 15
2_9_20 13, 5
6_28_22 14, 6, 10, 2, 11, 3
7_7_14 9, 1, 5, 13, 2, 10, 14
4_10_16 11, 3, 7, 15
5_20_14 8, 16, 4, 12, 13
8_5_22 13, 5, 9, 1, 14, 6, 10, 2
6_15_10 9, 1, 5, 13, 6, 14
8_23_04 4, 12, 16, 8, 5, 13, 1, 9
7_6_20 12, 4, 8, 16, 9, 1, 5
3_31_06 7, 15, 11
8_6_16 10, 2, 6, 14, 11, 3, 7, 15
5_29_12 10, 2, 6, 14, 7
4_28_16 11, 3, 7, 15
6_2_16 9, 1, 5, 13, 6, 14
4_2_08 5, 13, 1, 9
4_10_10 8, 16, 4, 12
2_12_16 7, 15
1_27_06 14
6_26_14 10, 2, 6, 14, 7, 15
2_18_08 1, 9
8_8_20 12, 4, 8, 16, 13, 5, 9, 1
6_6_04 4, 12, 16, 8, 1, 9
1_24_04 8
3_8_16 6, 14, 10
7_31_04 6, 14, 2, 10, 11, 3, 7
7_2_02 2, 10, 14, 6, 15, 7, 11
2_23_08 6, 14
1_26_14 6
8_24_10 7, 15, 3, 11, 8, 16, 4, 12
4_15_10 9, 1, 5, 13
6_9_10 8, 16, 4, 12, 9, 1
2_24_04 16, 8
7_23_20 12, 4, 8, 16, 5, 13, 1
8_18_20 11, 3, 7, 15, 12, 4, 8, 16
3_11_04 5, 13, 9
7_19_00 1, 9, 13, 5, 10, 2, 6
6_17_20 11, 3, 7, 15, 12, 4
6_2_04 3, 11, 15, 7, 16, 8
3_18_14 4, 12, 16
7_28_08 7, 15, 3, 11, 12, 4, 8
2_3_02 2, 10
7_29_22 15, 7, 11, 3, 12, 4, 8
2_13_08 8, 16
8_15_10 9, 1, 5, 13, 6, 14, 2, 10
5_16_08 8, 16, 4, 12, 9
5_13_00 4, 12, 16, 8, 1
4_1_12 7, 15, 3, 11
5_13_16 12, 4, 8, 16, 9
2_28_10 4, 12
2_11_10 8, 16
1_12_16 15
6_12_20 13, 5, 9, 1, 10, 2
6_6_02 3, 11, 15, 7, 16, 8
5_14_12 10, 2, 6, 14, 3
1_22_20 8
5_26_12 9, 1, 5, 13, 6
5_22_16 10, 2, 6, 14, 7
7_13_00 4, 12, 16, 8, 1, 9, 13
4_19_06 4, 12, 16, 8
4_30_22 15, 7, 11, 3
6_14_12 10, 2, 6, 14, 3, 11
8_21_16 10, 2, 6, 14, 11, 3, 7, 15
6_18_18 10, 2, 6, 14, 7, 15
7_25_08 7, 15, 3, 11, 8, 16, 4
6_19_04 3, 11, 15, 7, 4, 12
3_23_22 13, 5, 1
5_20_14 8, 16, 4, 12, 13
3_24_18 7, 15, 11
7_27_02 4, 12, 16, 8, 13, 5, 9
6_15_02 5, 13, 1, 9, 2, 10
1_2_16 5
8_10_12 9, 1, 5, 13, 10, 2, 6, 14
3_30_18 9, 1, 5
3_2_14 4, 12, 16
1_20_00 5
6_12_12 9, 1, 5, 13, 6, 14
6_7_00 2, 10, 14, 6, 3, 11
1_11_16 3
4_29_12 10, 2, 6, 14
8_6_06 5, 13, 1, 9, 6, 14, 2, 10
3_22_18 7, 15, 3
4_4_00 1, 9, 13, 5
1_19_10 14
2_23_04 4, 12
6_1_12 7, 15, 3, 11, 8, 16
8_29_14 11, 3, 7, 15, 8, 16, 4, 12
3_28_12 5, 13, 9
5_25_00 3, 11, 15, 7, 4
2_4_08 1, 9
8_2_12 7, 15, 3, 11, 8, 16, 4, 12
5_14_18 13, 5, 9, 1, 6
8_19_00 1, 9, 13, 5, 2, 10, 14, 6
5_13_20 14, 6, 10, 2, 11
2_23_12 8, 16
5_1_12 7, 15, 3, 11, 8
2_2_18 6, 14
4_18_00 1, 9, 13, 5
6_16_02 5, 13, 1, 9, 14, 6
5_1_16 9, 1, 5, 13, 10
4_1_18 10, 2, 6, 14
3_4_02 14, 6, 2
4_31_06 7, 15, 3, 11
6_20_10 6, 14, 2, 10, 3, 11
1_10_16 7
5_15_10 9, 1, 5, 13, 14
2_29_06 7, 15
7_25_18 12, 4, 8, 16, 13, 5, 9
2_6_10 3, 11
4_7_02 3, 11, 15, 7
3_3_00 1, 9, 5
3_8_04 16, 8, 4
4_22_00 2, 10, 14, 6
2_4_10 2, 10
2_22_20 8, 16
6_10_02 4, 12, 16, 8, 1, 9
8_6_04 4, 12, 16, 8, 5, 13, 1, 9
4_28_08 7, 15, 3, 11
8_12_16 11, 3, 7, 15, 12, 4, 8, 16
8_22_02 3, 11, 15, 7, 4, 12, 16, 8
1_6_00 14
7_20_22 12, 4, 8, 16, 1, 9, 13
8_19_00 1, 9, 13, 5, 2, 10, 14, 6
2_24_04 16, 8
1_22_02 15
5_17_08 5, 13, 1, 9, 6
5_10_08 7, 15, 3, 11, 4
5_22_20 12, 4, 8, 16, 9
5_12_18 12, 4, 8, 16, 1
8_10_08 7, 15, 3, 11, 8, 16, 4, 12
2_8_18 7, 15
5_20_06 4, 12, 16, 8, 9
1_10_08 3
8_26_10 8, 16, 4, 12, 9, 1, 5, 13
3_26_02 16, 8, 12
3_14_04 2, 10, 14
3_10_16 7, 15, 3
3_26_02 16, 8, 12
2_10_00 15, 7
3_4_06 16, 8, 4
5_25_08 7, 15, 3, 11, 8
8_17_04 3, 11, 15, 7, 4, 12, 16, 8
2_13_22 15, 7
3_19_08 5, 13, 9
1_11_04 13
6_26_22 14, 6, 10, 2, 11, 3
8_8_08 6, 14, 2, 10, 7, 15, 3, 11
7_13_00 4, 12, 16, 8, 1, 9, 13
7_29_04 6, 14, 2, 10, 3, 11, 15
6_10_00 3, 11, 15, 7, 16, 8
7_15_02 5, 13, 1, 9, 10, 2, 6
3_20_02 14, 6, 2
2_29_14 11, 3
1_25_02 4
3_12_10 4, 12, 8
7_12_08 7, 15, 3, 11, 12, 4, 8
7_27_18 12, 4, 8, 16, 5, 13, 1
6_17_00 1, 9, 13, 5, 2, 10
3_2_00 13, 5, 9
7_16_12 10, 2, 6, 14, 11, 3, 7
3_5_10 7, 15, 3
4_16_14 11, 3, 7, 15
3_4_02 14, 6, 2
1_31_12 2
8_20_22 12, 4, 8, 16, 13, 5, 9, 1
5_28_20 13, 5, 9, 1, 2
5_6_02 3, 11, 15, 7, 16
8_24_12 8, 16, 4, 12, 9, 1, 5, 13
2_9_22 14, 6
6_22_06 5, 13, 1, 9, 2, 10
5_6_22 13, 5, 9, 1, 10
1_25_04 5
5_20_08 5, 13, 1, 9, 10
8_11_04 5, 13, 1, 9, 6, 14, 2, 10
3_18_00 13, 5, 9
2_10_04 1, 9
6_9_20 13, 5, 9, 1, 14, 6
2_31_22 15, 7
8_6_12 8, 16, 4, 12, 9, 1, 5, 13
4_18_18 10, 2, 6, 14
7_20_10 6, 14, 2, 10, 11, 3, 7
3_12_12 5, 13, 9
3_15_04 6, 14, 10
2_20_04 15, 7
5_29_12 10, 2, 6, 14, 7
6_2_22 12, 4, 8, 16, 9, 1
8_27_06 6, 14, 2, 10, 7, 15, 3, 11
5_5_08 6, 14, 2, 10, 7
6_20_16 9, 1, 5, 13, 6, 14
8_20_10 6, 14, 2, 10, 7, 15, 3, 11
5_10_04 5, 13, 1, 9, 2
4_13_08 8, 16, 4, 12
6_23_22 13, 5, 9, 1, 14, 6
7_8_06 5, 13, 1, 9, 10, 2, 6
2_7_22 13, 5
8_1_10 6, 14, 2, 10, 7, 15, 3, 11
4_31_12 10, 2, 6, 14
6_15_08 8, 16, 4, 12, 5, 13
8_18_02 2, 10, 14, 6, 3, 11, 15, 7
8_14_12 10, 2, 6, 14, 7, 15, 3, 11
6_26_08 7, 15, 3, 11, 4, 12
3_23_20 12, 4, 16
7_9_22 14, 6, 10, 2, 15, 7, 11
4_8_18 11, 3, 7, 15
7_31_20 14, 6, 10, 2, 3, 11, 15
2_13_00 4,12
3_9_08 7, 15, 3
2_15_18 13, 5
3_8_16 6, 14, 10
7_13_12 10, 2, 6, 14, 7, 15, 3
6_7_18 11, 3, 7, 15, 12, 4
3_20_06 16, 8, 4
7_26_18 12, 4, 8, 16, 9, 1, 5
8_6_16 10, 2, 6, 14, 11, 3, 7, 15
6_9_14 10, 2, 6, 14, 11, 3
1_11_12 1
3_7_18 11, 3, 15
4_24_06 5, 13, 1, 9
3_4_10 2, 10, 6
2_25_00 3, 11
8_12_18 12, 4, 8, 16, 13, 5, 9, 1
1_19_02 10
4_17_20 11, 3, 7, 15
2_5_18 11, 3
2_10_04 1, 9
3_22_10 3, 11, 15
6_28_20 13, 5, 9, 1, 10, 2
3_1_06 4, 12, 16
2_29_10 9, 1
3_4_18 6, 14, 10
5_23_10 7, 15, 3, 11, 16
3_4_16 5, 13, 9
6_29_00 4, 12, 16, 8, 1, 9
6_13_12 10, 2, 6, 14, 7, 15
5_3_04 3, 11, 15, 7, 12
3_20_20 7, 15, 11
3_9_16 11, 3, 7
5_15_08 8, 16, 4, 12, 13
6_9_06 6, 14, 2, 10, 7, 15
5_25_14 10, 2, 6, 14, 11
8_18_20 11, 3, 7, 15, 12, 4, 8, 16
2_31_02 5, 13
4_9_14 10, 2, 6, 14
5_24_04 4, 12, 16, 8, 9
4_13_14 11, 3, 7, 15
8_21_20 12, 4, 8, 16, 13, 5, 9, 1
3_16_14 7, 15, 11
5_11_16 11, 3, 7, 15, 4
4_18_02 2, 10, 14, 6
2_16_18 9, 1
5_11_02 4, 12, 16, 8, 13
3_1_22 12, 4, 8
5_14_18 13, 5, 9, 1, 6
8_24_14 9, 1, 5, 13, 10, 2, 6, 14
4_1_02 2, 10, 14, 6
3_11_22 14, 6, 2
5_7_18 11, 3, 7, 15, 4
5_9_16 11, 3, 7, 15, 12
8_6_20 12, 4, 8, 16, 13, 5, 9, 1
6_18_14 8, 16, 4, 12, 5, 13
6_9_16 11, 3, 7, 15, 12, 4
4_23_00 2, 10, 14, 6
8_20_04 3, 11, 15, 7, 4, 12, 16, 8
7_31_00 4, 12, 16, 8, 9, 1, 5
1_15_20 6
4_10_18 12, 4, 8, 16
1_3_12 15
1_27_20 5
8_9_22 14, 6, 10, 2, 15, 7, 11, 3
2_3_14 8, 16
5_18_10 6, 14, 2, 10, 3
7_19_18 10, 2, 6, 14, 3, 11, 15
4_26_14 10, 2, 6, 14
5_31_20 14, 6, 10, 2, 3
6_25_10 8, 16, 4, 12, 9, 1
6_9_22 14, 6, 10, 2, 15, 7
3_22_02 15, 7, 11
3_20_18 6, 14, 10
7_28_10 8, 16, 4, 12, 13, 5, 9
8_6_02 3, 11, 15, 7, 4, 12, 16, 8
1_12_04 9
5_19_20 11, 3, 7, 15, 4
5_12_16 11, 3, 7, 15, 16
2_26_16 7, 15
8_18_08 5, 13, 1, 9, 6, 14, 2, 10
8_1_08 5, 13, 1, 9, 6, 14, 2, 10
3_25_10 8, 16, 4
3_31_22 15, 7, 3
7_30_12 10, 2, 6, 14, 3, 11, 15
2_20_20 7, 15
4_23_14 9, 1, 5, 13
2_16_10 5, 13
7_25_22 14, 6, 10, 2, 15, 7, 11
3_13_06 7, 15, 3
7_31_14 11, 3, 7, 15, 16, 8, 12
3_16_08 4, 12, 8
1_23_12 16
2_20_16 5, 13
1_13_04 6
4_5_16 10, 2, 6, 14
7_5_14 9, 1, 5, 13, 10, 2, 6
1_19_00 9
2_28_14 6, 14
6_5_18 11, 3, 7, 15, 12, 4
6_25_02 4, 12, 16, 8, 5, 13
4_1_00 1, 9, 13, 5
5_28_18 12, 4, 8, 16, 1
7_9_10 8, 16, 4, 12, 9, 1, 5
7_11_22 14, 6, 10, 2, 7, 15, 3
5_15_02 5, 13, 1, 9, 10
7_24_06 5, 13, 1, 9, 10, 2, 6
3_12_06 2, 10, 6
4_5_10 7, 15, 3, 11
5_6_02 3, 11, 15, 7, 16
4_12_04 5, 13, 1, 9
7_28_16 11, 3, 7, 15, 16, 8, 12
4_8_20 12, 4, 8, 16
8_16_20 14, 6, 10, 2, 11, 3, 7, 15
6_28_12 9, 1, 5, 13, 6, 14
6_12_14 10, 2, 6, 14, 7, 15
5_31_00 4, 12, 16, 8, 9
1_4_06 8
6_1_02 2, 10, 14, 6, 3, 11
2_20_08 1, 9
3_3_04 3, 11, 7
8_13_16 12, 4, 8, 16, 9, 1, 5, 13
3_28_12 5, 13, 9
7_21_08 6, 14, 2, 10, 7, 15, 3
2_17_18 10, 2
5_11_06 6, 14, 2, 10, 15
1_12_08 11
4_23_08 6, 14, 2, 10
6_5_06 5, 13, 1, 9, 6, 14
3_27_10 8, 16, 12
7_14_16 12, 4, 8, 16, 5, 13, 1
7_21_00 2, 10, 14, 6, 3, 11, 15
7_18_04 3, 11, 15, 7, 16, 8, 12
5_29_22 15, 7, 11, 3, 12
7_10_10 8, 16, 4, 12, 5, 13, 1
2_7_02 3, 11
5_15_02 5, 13, 1, 9, 10
2_17_16 9, 1
6_23_20 12, 4, 8, 16, 13, 5
4_11_04 5, 13, 1, 9
8_21_02 3, 11, 15, 7, 4, 12, 16, 8
8_6_20 12, 4, 8, 16, 13, 5, 9, 1
4_31_18 13, 5, 9, 1
1_17_18 10
8_10_20 13, 5, 9, 1, 14, 6, 10, 2
7_15_00 4, 12, 16, 8, 9, 1, 5
3_26_06 2, 10, 14
3_25_22 14, 6, 10
4_13_00 4,12, 16, 8
4_31_08 8, 16, 12
1_15_02 13
1_29_02 5
3_11_16 11, 3, 15
4_20_04 3, 11, 15, 7
