8_28_16 11, 3, 7, 15, 12, 4, 8, 16
4_11_14 10, 2, 6, 14
8_4_18 10, 2, 6, 14, 11, 3, 7, 15
1_4_04 7
8_30_06 7, 15, 3, 11, 4, 12, 16, 8
2_3_16 9, 1
5_21_06 5, 13, 1, 9, 6
4_25_06 6, 14, 2, 10
5_16_16 12, 4, 8, 16, 13
4_6_06 5, 13, 1, 9
8_4_04 3, 11, 15, 7, 4, 12, 16, 8
6_28_18 12, 4, 8, 16, 9, 1
8_18_18 10, 2, 6, 14, 11, 3, 7, 15
1_19_20 3
8_7_02 3, 11, 15, 7, 4, 12, 16, 8
3_30_10 5, 13, 1
2_17_20 11, 3
2_17_18 10, 2
3_21_20 12, 4, 8
2_31_16 12, 4
7_11_08 7, 15, 3, 11, 16, 8, 12
6_7_16 10, 2, 6, 14, 11, 3
2_31_18 13, 5
8_19_06 4, 12, 16, 8, 5, 13, 1, 9
7_15_16 12, 4, 8, 16, 1, 9, 13
5_24_14 9, 1, 5, 13, 14
1_21_22 13
7_17_18 10, 2, 6, 14, 11, 3, 7
4_26_16 11, 3, 7, 15
1_17_08 5
5_15_06 7, 15, 3, 11, 12
3_26_16 7, 15, 3
8_6_06 5, 13, 1, 9, 6, 14, 2, 10
3_15_22 15, 7, 3
3_27_00 3, 11, 7
3_22_12 4, 12, 16
1_14_12 6
3_1_20 11, 3, 7
2_28_02 16, 8
1_19_02 10
7_15_04 6, 14, 2, 10, 11, 3, 7
8_30_04 6, 14, 2, 10, 3, 11, 15, 7
6_1_00 1, 9, 13, 5, 2, 10
8_30_08 8, 16, 4, 12, 5, 13, 1, 9
5_27_08 7, 15, 3, 11, 16
6_17_16 9, 1, 5, 13, 10, 2
8_20_22 12, 4, 8, 16, 13, 5, 9, 1
5_13_08 8, 16, 4, 12, 5
1_7_18 3
5_14_22 15, 7, 11, 3, 8
1_16_04 10
8_18_06 4, 12, 16, 8, 5, 13, 1, 9
7_4_22 12, 4, 8, 16, 1, 9, 13
6_17_20 11, 3, 7, 15, 12, 4
7_22_10 7, 15, 3, 11, 4, 12, 16
6_28_10 8, 16, 4, 12, 5, 13
1_6_20 8
4_25_04 5, 13, 1, 9
2_24_18 7, 15
4_10_08 7, 15, 3, 11
6_9_04 5, 13, 1, 9, 6, 14
4_22_16 10, 2, 6, 14
6_23_10 7, 15, 3, 11, 8, 16
5_13_22 15, 7, 11, 3, 12
1_26_06 2
8_4_10 6, 14, 2, 10, 7, 15, 3, 11
7_19_14 8, 16, 4, 12, 1, 9, 13
8_8_02 3, 11, 15, 7, 4, 12, 16, 8
1_31_06 15
3_24_18 7, 15, 11
6_3_18 10, 2, 6, 14, 11, 3
3_19_12 7, 15, 11
6_8_12 8, 16, 4, 12, 5, 13
6_4_18 10, 2, 6, 14, 7, 15
2_19_20 11, 3
5_25_18 12, 4, 8, 16, 13
1_24_18 15
6_16_20 14, 6, 10, 2, 7, 15
3_7_04 4, 12, 8
7_12_18 12, 4, 8, 16, 1, 9, 13
4_15_06 7, 15, 3, 11
2_14_10 5, 13
5_31_22 15, 7, 11, 3, 4
8_11_22 14, 6, 10, 2, 15, 7, 11, 3
2_24_04 16, 8
7_18_22 12, 4, 8, 16, 9, 1, 5
8_4_06 4, 12, 16, 8, 5, 13, 1, 9
1_21_00 2
4_15_04 6, 14, 2, 10
8_25_06 6, 14, 2, 10, 7, 15, 3, 11
4_10_06 6, 14, 2, 10
2_1_04 3, 11
8_3_04 3, 11, 15, 7, 4, 12, 16, 8
1_25_10 8
1_13_20 14
1_20_10 10
3_13_10 9, 1, 5
6_5_00 2, 10, 14, 6, 3, 11
4_17_22 12, 4, 8, 16
1_20_20 15
1_19_22 4
7_4_18 10, 2, 6, 14, 15, 7, 11
5_17_02 2, 10, 14, 6, 3
7_6_10 7, 15, 3, 11, 4, 12, 16
4_5_04 4, 12, 16, 8
1_7_16 2
4_26_00 3, 11, 15, 7
7_22_12 8, 16, 4, 12, 5, 13, 1
2_24_12 4, 12
1_23_06 13
5_4_12 7, 15, 3, 11, 12
2_25_18 12, 4
4_23_10 7, 15, 3, 11
5_26_10 8, 16, 4, 12, 5
7_28_04 5, 13, 1, 9, 10, 2, 6
1_15_00 12
1_9_22 14
8_12_20 13, 5, 9, 1, 14, 6, 10, 2
6_16_20 14, 6, 10, 2, 7, 15
7_9_16 11, 3, 7, 15, 12, 4, 8
5_20_16 9, 1, 5, 13, 14
6_31_22 15, 7, 11, 3, 12, 4
2_18_06 16, 8
8_18_22 12, 4, 8, 16, 13, 5, 9, 1
2_16_22 11, 3
2_13_16 12, 4
6_1_22 12, 4, 8, 16, 13, 5
8_24_18 11, 3, 7, 15, 12, 4, 8, 16
6_23_04 4, 12, 16, 8, 5, 13
5_22_04 4, 12, 16, 8, 1
8_19_14 8, 16, 4, 12, 9, 1, 5, 13
1_4_10 10
2_30_22 11, 3
2_14_10 5, 13
6_3_14 8, 16, 4, 12, 9, 1
6_29_02 5, 13, 1, 9, 2, 10
7_22_18 11, 3, 7, 15, 8, 16, 4
4_16_06 7, 15, 3, 11
3_7_22 13, 5, 1
6_28_08 7, 15, 3, 11, 4, 12
2_3_14 8, 16
5_13_02 5, 13, 1, 9, 2
2_23_08 6, 14
7_24_10 7, 15, 3, 11, 12, 4, 8
5_10_14 10, 2, 6, 14, 7
7_9_04 5, 13, 1, 9, 6, 14, 2
8_1_00 1, 9, 13, 5, 2, 10, 14, 6
3_20_02 14, 6, 2
5_13_16 12, 4, 8, 16, 9
5_21_06 5, 13, 1, 9, 6
6_25_06 6, 14, 2, 10, 7, 15
4_23_12 8, 16, 4, 12
7_19_14 8, 16, 4, 12, 1, 9, 13
2_18_08 1, 9
6_8_10 7, 15, 3, 11, 4, 12
4_12_10 8, 16, 4, 12
3_12_08 3, 11, 7
2_9_12 9, 1
1_26_06 2
5_19_00 1, 9, 13, 5, 10
5_18_10 6, 14, 2, 10, 3
5_3_16 9, 1, 5, 13, 2
3_23_08 6, 14, 10
7_12_06 6, 14, 2, 10, 11, 3, 7
1_31_16 4
7_14_12 10, 2, 6, 14, 3, 11, 15
8_24_00 2, 10, 14, 6, 3, 11, 15, 7
5_6_04 4, 12, 16, 8, 1
4_31_08 8, 16, 12
8_23_12 8, 16, 4, 12, 9, 1, 5, 13
6_21_16 10, 2, 6, 14, 11, 3
3_18_14 4, 12, 16
4_27_22 14, 6, 10, 2
5_24_02 3, 11, 15, 7, 8
5_26_02 4, 12, 16, 8, 1
8_27_10 8, 16, 4, 12, 9, 1, 5, 13
1_16_16 16
3_11_02 4, 12, 8
7_7_22 13, 5, 9, 1, 6, 14, 2
6_12_22 14, 6, 10, 2, 11, 3
6_5_22 13, 5, 9, 1, 14, 6
5_17_06 4, 12, 16, 8, 5
1_6_06 1
4_15_22 15, 7, 11, 3
1_27_02 12
1_6_06 1
6_27_06 6, 14, 2, 10, 7, 15
3_5_00 2, 10, 14
7_6_14 9, 1, 5, 13, 6, 14, 2
8_12_20 13, 5, 9, 1, 14, 6, 10, 2
3_1_00 1, 9, 13
3_7_14 9, 1, 13
2_8_18 7, 15
7_20_04 3, 11, 15, 7, 8, 16, 4
4_17_06 4, 12, 16, 8
4_24_00 2, 10, 14, 6
8_30_02 5, 13, 1, 9, 2, 10, 14, 6
7_25_00 3, 11, 15, 7, 4, 12, 16
2_17_14 8, 16
4_30_20 14, 6, 10, 2
2_24_06 1, 9
1_10_10 4
5_28_18 12, 4, 8, 16, 1
5_3_20 11, 3, 7, 15, 4
8_12_04 5, 13, 1, 9, 6, 14, 2, 10
3_16_00 16, 8, 4
5_29_04 6, 14, 2, 10, 3
3_20_14 4, 12, 8
7_27_10 8, 16, 4, 12, 1, 9, 13
8_1_12 7, 15, 3, 11, 8, 16, 4, 12
7_5_10 7, 15, 3, 11, 8, 16, 4
5_16_12 10, 2, 6, 14, 11
5_3_02 2, 10, 14, 6, 11
4_30_10 9, 1, 5, 13
2_24_00 14, 6
7_16_14 11, 3, 7, 15, 12, 4, 8
8_4_12 7, 15, 3, 11, 8, 16, 4, 12
3_19_12 7, 15, 11
7_14_10 9, 1, 5, 13, 2, 10, 14
1_31_18 5
7_5_10 7, 15, 3, 11, 8, 16, 4
8_19_02 2, 10, 14, 6, 3, 11, 15, 7
4_7_00 2, 10, 14, 6
2_25_18 12, 4
4_2_22 12, 4, 8, 16
2_6_20 8, 16
5_16_18 13, 5, 9, 1, 14
8_24_14 9, 1, 5, 13, 10, 2, 6, 14
4_4_02 2, 10, 14, 6
1_22_18 7
4_16_00 4,12, 16, 8
6_18_22 12, 4, 8, 16, 9, 1
7_8_12 8, 16, 4, 12, 13, 5, 9
4_27_06 6, 14, 2, 10
3_28_16 7, 15, 11
4_30_12 10, 2, 6, 14
2_20_10 2, 10
1_8_14 13
8_18_14 8, 16, 4, 12, 9, 1, 5, 13
3_9_10 8, 16, 4
3_14_04 2, 10, 14
7_9_06 6, 14, 2, 10, 7, 15, 3
6_6_00 2, 10, 14, 6, 15, 7
1_25_08 7
1_17_00 1
2_4_14 4, 12
5_18_00 1, 9, 13, 5, 14
7_13_04 6, 14, 2, 10, 3, 11, 15
5_30_00 4, 12, 16, 8, 13
2_31_20 14, 6
2_12_08 3, 11
7_29_02 5, 13, 1, 9, 2, 10, 14
5_21_06 5, 13, 1, 9, 6
7_12_20 13, 5, 9, 1, 2, 10, 14
5_4_00 1, 9, 13, 5, 6
7_1_12 7, 15, 3, 11, 8, 16, 4
2_22_04 16, 8
2_2_16 5, 13
4_2_00 1, 9, 13, 5
2_28_10 4, 12
1_5_14 9
2_19_04 3, 11
7_16_18 13, 5, 9, 1, 14, 6, 10
5_18_04 3, 11, 15, 7, 16
7_16_18 13, 5, 9, 1, 14, 6, 10
3_8_00 14, 6, 2
5_13_20 14, 6, 10, 2, 11
7_20_10 6, 14, 2, 10, 11, 3, 7
1_3_16 1
3_27_02 4, 12, 8
1_30_10 5
1_2_12 3
1_4_04 7
6_22_08 6, 14, 2, 10, 3, 11
3_25_14 10, 2, 6
6_4_14 8, 16, 4, 12, 5, 13
1_7_02 11
4_11_02 4, 12, 16, 8
3_15_06 7, 15, 11
3_22_22 9, 1, 5
3_8_04 16, 8, 4
8_30_20 14, 6, 10, 2, 11, 3, 7, 15
2_18_14 4, 12
3_6_10 3, 11, 15
7_6_22 13, 5, 9, 1, 10, 2, 6
7_14_06 7, 15, 3, 11, 16, 8, 12
8_16_12 10, 2, 6, 14, 7, 15, 3, 11
3_18_12 3, 11, 15
5_5_20 12, 4, 8, 16, 13
4_4_02 2, 10, 14, 6
4_19_20 11, 3, 7, 15
5_24_04 4, 12, 16, 8, 9
5_4_16 9, 1, 5, 13, 14
4_2_04 3, 11, 15, 7
3_20_04 15, 7, 3
5_26_18 12, 4, 8, 16, 9
3_3_12 7, 15, 11
7_24_18 11, 3, 7, 15, 16, 8, 12
6_7_18 11, 3, 7, 15, 12, 4
4_15_16 12, 4, 8, 16
3_24_06 1, 9, 5
3_10_00 15, 7, 11
2_1_22 12, 4
3_1_14 8, 16, 4
4_29_22 15, 7, 11, 3
6_5_16 10, 2, 6, 14, 11, 3
4_3_20 11, 3, 7, 15
2_9_02 4, 12
4_1_08 5, 13, 1, 9
4_3_12 7, 15, 3, 11
8_1_14 8, 16, 4, 12, 9, 1, 5, 13
1_2_06 16
4_21_10 7, 15, 3, 11
2_30_10 5, 13
5_7_02 3, 11, 15, 7, 12
2_18_08 1, 9
2_13_10 9, 1
3_4_04 15, 7, 3
6_8_22 13, 5, 9, 1, 10, 2
5_30_14 11, 3, 7, 15, 4
4_9_14 10, 2, 6, 14
1_8_10 11
6_16_06 7, 15, 3, 11, 16, 8
8_4_22 12, 4, 8, 16, 13, 5, 9, 1
4_16_04 6, 14, 2, 10
8_27_16 11, 3, 7, 15, 12, 4, 8, 16
2_18_06 16, 8
2_18_20 7, 15
5_7_04 4, 12, 16, 8, 13
4_9_22 14, 6, 10, 2
5_23_00 2, 10, 14, 6, 11
3_11_20 13, 5, 1
7_17_02 2, 10, 14, 6, 3, 11, 15
7_13_18 13, 5, 9, 1, 10, 2, 6
8_15_10 9, 1, 5, 13, 6, 14, 2, 10
8_27_04 5, 13, 1, 9, 6, 14, 2, 10
2_29_00 4,12
7_26_08 7, 15, 3, 11, 4, 12, 16
5_4_08 5, 13, 1, 9, 10
2_30_10 5, 13
4_4_00 1, 9, 13, 5
1_15_22 7
8_29_12 10, 2, 6, 14, 7, 15, 3, 11
6_13_10 9, 1, 5, 13, 6, 14
1_14_22 11
6_20_22 12, 4, 8, 16, 9, 1
8_22_20 12, 4, 8, 16, 13, 5, 9, 1
5_30_02 5, 13, 1, 9, 14
7_6_06 5, 13, 1, 9, 2, 10, 14
6_19_18 10, 2, 6, 14, 11, 3
5_30_00 4, 12, 16, 8, 13
7_20_06 4, 12, 16, 8, 9, 1, 5
4_30_06 7, 15, 3, 11
5_22_22 13, 5, 9, 1, 10
2_18_10 2, 10
3_14_06 3, 11, 15
8_19_12 7, 15, 3, 11, 8, 16, 4, 12
3_5_10 7, 15, 3
7_24_10 7, 15, 3, 11, 12, 4, 8
6_26_10 8, 16, 4, 12, 5, 13
5_14_10 9, 1, 5, 13, 2
5_20_20 11, 3, 7, 15, 16
2_23_20 12, 4
7_27_02 4, 12, 16, 8, 13, 5, 9
5_22_02 3, 11, 15, 7, 16
2_24_18 7, 15
2_3_06 4, 12
4_12_06 6, 14, 2, 10
8_3_18 10, 2, 6, 14, 11, 3, 7, 15
3_3_00 1, 9, 5
1_1_00 1
2_30_00 16, 8
3_17_04 3, 11, 15
3_15_22 15, 7, 3
2_14_04 2, 10
3_26_18 8, 16, 4
1_6_06 1
1_24_12 12
4_7_12 8, 16, 4, 12
6_15_08 8, 16, 4, 12, 5, 13
8_8_08 6, 14, 2, 10, 7, 15, 3, 11
8_6_22 13, 5, 9, 1, 14, 6, 10, 2
6_5_14 9, 1, 5, 13, 10, 2
6_24_20 12, 4, 8, 16, 9, 1
3_22_14 5, 13, 1
7_7_02 3, 11, 15, 7, 12, 4, 8
4_1_06 4, 12, 16, 8
1_7_00 10
8_7_02 3, 11, 15, 7, 4, 12, 16, 8
3_20_02 14, 6, 2
3_9_20 13, 5, 9
3_12_08 3, 11, 7
6_30_08 8, 16, 4, 12, 1, 9
4_7_22 13, 5, 9, 1
4_26_10 8, 16, 4, 12
8_6_20 12, 4, 8, 16, 13, 5, 9, 1
1_28_18 16
2_24_10 3, 11
6_17_18 10, 2, 6, 14, 11, 3
7_5_16 10, 2, 6, 14, 11, 3, 7
4_4_00 1, 9, 13, 5
5_11_18 12, 4, 8, 16, 5
1_10_08 3
6_3_04 3, 11, 15, 7, 4, 12
6_22_12 8, 16, 4, 12, 5, 13
6_20_10 6, 14, 2, 10, 3, 11
7_19_16 9, 1, 5, 13, 2, 10, 14
8_24_12 8, 16, 4, 12, 9, 1, 5, 13
3_3_06 4, 12, 8
4_17_16 9, 1, 5, 13
2_8_06 1, 9
3_17_18 10, 2, 6
4_20_22 12, 4, 8, 16
5_24_12 8, 16, 4, 12, 13
2_3_00 1, 9
8_2_12 7, 15, 3, 11, 8, 16, 4, 12
7_15_06 7, 15, 3, 11, 12, 4, 8
7_11_00 3, 11, 15, 7, 12, 4, 8
3_31_18 13, 5, 1
6_21_22 13, 5, 9, 1, 14, 6
6_16_12 10, 2, 6, 14, 3, 11
3_22_02 15, 7, 11
8_4_10 6, 14, 2, 10, 7, 15, 3, 11
6_6_00 2, 10, 14, 6, 15, 7
8_23_06 5, 13, 1, 9, 6, 14, 2, 10
1_9_08 7
4_18_02 2, 10, 14, 6
7_24_22 13, 5, 9, 1, 2, 10, 14
6_13_14 11, 3, 7, 15, 8, 16
6_22_00 2, 10, 14, 6, 15, 7
6_19_18 10, 2, 6, 14, 11, 3
3_27_14 10, 2, 14
2_26_10 4, 12
2_15_02 5, 13
4_1_08 5, 13, 1, 9
1_7_16 2
8_12_20 13, 5, 9, 1, 14, 6, 10, 2
7_30_08 8, 16, 4, 12, 1, 9, 13
6_18_18 10, 2, 6, 14, 7, 15
8_17_08 5, 13, 1, 9, 6, 14, 2, 10
7_19_18 10, 2, 6, 14, 3, 11, 15
7_11_16 11, 3, 7, 15, 4, 12, 16
3_4_06 16, 8, 4
1_6_12 4
6_11_12 9, 1, 5, 13, 10, 2
4_6_04 4, 12, 16, 8
6_28_18 12, 4, 8, 16, 9, 1
7_28_06 6, 14, 2, 10, 11, 3, 7
5_17_00 1, 9, 13, 5, 2
7_22_00 2, 10, 14, 6, 15, 7, 11
8_14_20 14, 6, 10, 2, 11, 3, 7, 15
2_30_10 5, 13
8_31_20 14, 6, 10, 2, 11, 3, 7, 15
2_18_12 3, 11
5_19_22 12, 4, 8, 16, 5
1_31_04 14
5_19_20 11, 3, 7, 15, 4
6_22_20 12, 4, 8, 16, 9, 1
8_10_16 11, 3, 7, 15, 12, 4, 8, 16
6_12_12 9, 1, 5, 13, 6, 14
3_7_10 7, 15, 11
8_27_10 8, 16, 4, 12, 9, 1, 5, 13
8_29_14 11, 3, 7, 15, 8, 16, 4, 12
8_24_14 9, 1, 5, 13, 10, 2, 6, 14
7_20_12 7, 15, 3, 11, 12, 4, 8
3_27_22 14, 6, 2
4_22_04 4, 12, 16, 8
4_24_22 13, 5, 9, 1
1_23_14 1
8_17_08 5, 13, 1, 9, 6, 14, 2, 10
1_4_18 14
2_23_08 6, 14
2_16_12 6, 14
7_9_10 8, 16, 4, 12, 9, 1, 5
7_13_20 14, 6, 10, 2, 11, 3, 7
4_1_00 1, 9, 13, 5
3_1_06 4, 12, 16
2_9_12 9, 1
5_17_10 6, 14, 2, 10, 7
7_19_12 7, 15, 3, 11, 16, 8, 12
1_27_02 12
4_17_18 10, 2, 6, 14
4_16_10 9, 1, 5, 13
1_2_14 4
1_4_00 5
7_1_10 6, 14, 2, 10, 7, 15, 3
8_27_06 6, 14, 2, 10, 7, 15, 3, 11
7_21_22 13, 5, 9, 1, 14, 6, 10
3_26_06 2, 10, 14
6_28_16 11, 3, 7, 15, 8, 16
1_4_06 8
5_23_00 2, 10, 14, 6, 11
2_19_00 1, 9
7_31_10 9, 1, 5, 13, 14, 6, 10
7_13_00 4, 12, 16, 8, 1, 9, 13
6_20_10 6, 14, 2, 10, 3, 11
8_4_04 3, 11, 15, 7, 4, 12, 16, 8
5_12_16 11, 3, 7, 15, 16
7_10_10 8, 16, 4, 12, 5, 13, 1
3_20_00 13, 5, 1
1_24_10 11
4_11_10 8, 16, 4, 12
8_24_00 2, 10, 14, 6, 3, 11, 15, 7
7_3_18 10, 2, 6, 14, 3, 11, 15
5_1_10 6, 14, 2, 10, 7
2_9_04 5, 13
4_20_20 11, 3, 7, 15
3_9_02 4, 12, 16
6_4_04 3, 11, 15, 7, 16, 8
7_7_16 10, 2, 6, 14, 3, 11, 15
6_7_04 4, 12, 16, 8, 5, 13
2_26_10 4, 12
2_17_04 3, 11
4_2_16 9, 1, 5, 13
1_16_04 10
2_1_08 5, 13
8_1_18 10, 2, 6, 14, 11, 3, 7, 15
8_10_10 8, 16, 4, 12, 9, 1, 5, 13
4_12_16 11, 3, 7, 15
5_20_12 7, 15, 3, 11, 12
7_6_10 7, 15, 3, 11, 4, 12, 16
5_2_10 6, 14, 2, 10, 3
6_31_14 11, 3, 7, 15, 8, 16
6_4_18 10, 2, 6, 14, 7, 15
3_29_14 11, 3, 7
3_27_10 8, 16, 12
1_26_08 3
1_13_10 9
8_17_02 2, 10, 14, 6, 3, 11, 15, 7
2_21_02 3, 11
7_10_22 14, 6, 10, 2, 11, 3, 7
8_13_16 12, 4, 8, 16, 9, 1, 5, 13
7_15_10 9, 1, 5, 13, 14, 6, 10
8_30_12 10, 2, 6, 14, 7, 15, 3, 11
5_20_18 10, 2, 6, 14, 15
8_29_16 12, 4, 8, 16, 9, 1, 5, 13
4_7_06 5, 13, 1, 9
2_3_08 5, 13
6_20_14 8, 16, 4, 12, 5, 13
4_14_00 4,12, 16, 8
6_7_16 10, 2, 6, 14, 11, 3
6_25_04 5, 13, 1, 9, 6, 14
7_12_06 6, 14, 2, 10, 11, 3, 7
7_24_12 8, 16, 4, 12, 13, 5, 9
7_22_12 8, 16, 4, 12, 5, 13, 1
4_11_16 11, 3, 7, 15
2_28_18 8, 16
4_23_02 3, 11, 15, 7
3_14_02 1, 9, 13
3_6_08 2, 10, 14
3_19_18 10, 2, 14
8_5_22 13, 5, 9, 1, 14, 6, 10, 2
5_23_04 4, 12, 16, 8, 13
1_5_02 3
5_27_12 9, 1, 5, 13, 2
7_29_00 4, 12, 16, 8, 1, 9, 13
8_14_14 11, 3, 7, 15, 8, 16, 4, 12
8_7_14 9, 1, 5, 13, 10, 2, 6, 14
5_27_08 7, 15, 3, 11, 16
6_21_06 5, 13, 1, 9, 6, 14
4_22_06 5, 13, 1, 9
7_15_14 11, 3, 7, 15, 16, 8, 12
6_29_08 8, 16, 4, 12, 5, 13
1_30_14 7
7_14_06 7, 15, 3, 11, 16, 8, 12
7_15_14 11, 3, 7, 15, 16, 8, 12
3_26_02 16, 8, 12
5_10_12 9, 1, 5, 13, 6
8_15_10 9, 1, 5, 13, 6, 14, 2, 10
2_15_12 10, 2
7_26_02 4, 12, 16, 8, 1, 9, 13
8_29_10 9, 1, 5, 13, 6, 14, 2, 10
6_19_14 8, 16, 4, 12, 9, 1
4_29_16 12, 4, 8, 16
2_9_18 12, 4
6_29_16 12, 4, 8, 16, 9, 1
6_7_04 4, 12, 16, 8, 5, 13
2_3_22 12, 4
2_29_06 7, 15
5_1_22 12, 4, 8, 16, 13
7_14_08 8, 16, 4, 12, 1, 9, 13
3_17_22 12, 4, 8
7_21_02 3, 11, 15, 7, 4, 12, 16
6_15_22 15, 7, 11, 3, 12, 4
4_25_16 11, 3, 7, 15
1_16_20 2
5_4_02 2, 10, 14, 6, 7
6_5_20 12, 4, 8, 16, 13, 5
7_3_06 4, 12, 16, 8, 13, 5, 9
3_12_18 8, 16, 12
1_25_18 12
7_31_10 9, 1, 5, 13, 14, 6, 10
7_13_00 4, 12, 16, 8, 1, 9, 13
8_3_06 4, 12, 16, 8, 5, 13, 1, 9
6_9_00 3, 11, 15, 7, 4, 12
5_6_04 4, 12, 16, 8, 1
5_26_12 9, 1, 5, 13, 6
2_25_14 10, 2
5_19_10 6, 14, 2, 10, 15
8_5_00 2, 10, 14, 6, 3, 11, 15, 7
6_12_06 6, 14, 2, 10, 3, 11
4_21_14 9, 1, 5, 13
4_7_14 9, 1, 5, 13
6_12_08 7, 15, 3, 11, 4, 12
8_29_14 11, 3, 7, 15, 8, 16, 4, 12
6_27_18 12, 4, 8, 16, 13, 5
7_2_22 12, 4, 8, 16, 9, 1, 5
7_21_12 8, 16, 4, 12, 9, 1, 5
4_18_04 3, 11, 15, 7
8_9_02 4, 12, 16, 8, 5, 13, 1, 9
8_19_10 6, 14, 2, 10, 7, 15, 3, 11
5_24_10 7, 15, 3, 11, 12
2_27_04 5, 13
8_31_04 6, 14, 2, 10, 3, 11, 15, 7
6_21_14 9, 1, 5, 13, 10, 2
6_26_10 8, 16, 4, 12, 5, 13
4_28_10 8, 16, 4, 12
3_19_04 3, 11, 7
3_20_00 13, 5, 1
2_18_08 1, 9
7_11_08 7, 15, 3, 11, 16, 8, 12
1_7_18 3
3_17_08 5, 13, 1
7_8_02 3, 11, 15, 7, 8, 16, 4
1_6_18 7
1_7_04 12
7_24_00 2, 10, 14, 6, 7, 15, 3
3_9_00 3, 11, 15
5_22_20 12, 4, 8, 16, 9
4_9_10 8, 16, 4, 12
2_15_22 15, 7
5_28_16 11, 3, 7, 15, 16
8_27_00 3, 11, 15, 7, 4, 12, 16, 8
4_15_00 4,12, 16, 8
2_10_06 2, 10
4_26_22 14, 6, 10, 2
3_26_14 6, 14, 2
1_27_10 16
6_2_10 6, 14, 2, 10, 3, 11
4_17_18 10, 2, 6, 14
3_30_10 5, 13, 1
6_16_10 9, 1, 5, 13, 2, 10
6_2_12 7, 15, 3, 11, 4, 12
3_8_02 15, 7, 3
4_25_00 3, 11, 15, 7
7_28_10 8, 16, 4, 12, 13, 5, 9
4_22_20 12, 4, 8, 16
1_17_14 8
1_6_22 9
1_16_12 14
7_6_16 10, 2, 6, 14, 7, 15, 3
5_11_10 8, 16, 4, 12, 1
6_18_18 10, 2, 6, 14, 7, 15
5_31_18 13, 5, 9, 1, 2
8_29_10 9, 1, 5, 13, 6, 14, 2, 10
3_18_12 3, 11, 15
8_4_18 10, 2, 6, 14, 11, 3, 7, 15
1_27_08 15
1_6_18 7
1_31_02 13
1_31_04 14
7_18_22 12, 4, 8, 16, 9, 1, 5
5_21_06 5, 13, 1, 9, 6
1_1_18 10
8_26_06 6, 14, 2, 10, 7, 15, 3, 11
2_15_14 11, 3
2_1_02 2, 10
4_15_20 14, 6, 10, 2
4_12_16 11, 3, 7, 15
1_8_18 15
6_27_06 6, 14, 2, 10, 7, 15
2_2_10 2, 10
8_27_02 4, 12, 16, 8, 5, 13, 1, 9
2_30_10 5, 13
8_7_08 6, 14, 2, 10, 7, 15, 3, 11
8_24_00 2, 10, 14, 6, 3, 11, 15, 7
5_4_16 9, 1, 5, 13, 14
1_11_22 6
6_8_04 4, 12, 16, 8, 1, 9
7_24_06 5, 13, 1, 9, 10, 2, 6
1_1_12 7
6_5_08 6, 14, 2, 10, 7, 15
2_3_20 11, 3
7_14_16 12, 4, 8, 16, 5, 13, 1
4_30_20 14, 6, 10, 2
3_29_14 11, 3, 7
1_30_06 3
6_2_08 5, 13, 1, 9, 2, 10
3_4_16 5, 13, 9
5_26_22 14, 6, 10, 2, 11
5_19_04 3, 11, 15, 7, 12
4_3_02 2, 10, 14, 6
2_30_12 6, 14
2_8_08 2, 10
6_31_20 14, 6, 10, 2, 11, 3
4_26_06 6, 14, 2, 10
3_26_04 1, 9, 13
4_30_08 8, 16, 4, 12
3_14_14 7, 15, 3
2_4_14 4, 12
5_2_12 7, 15, 3, 11, 4
7_25_12 9, 1, 5, 13, 10, 2, 6
4_24_08 6, 14, 2, 10
1_10_04 1
8_11_14 10, 2, 6, 14, 11, 3, 7, 15
8_28_20 13, 5, 9, 1, 14, 6, 10, 2
5_16_22 15, 7, 11, 3, 16
6_6_08 6, 14, 2, 10, 3, 11
2_6_10 3, 11
3_25_22 14, 6, 10
5_18_14 8, 16, 4, 12, 5
4_27_22 14, 6, 10, 2
5_8_18 11, 3, 7, 15, 16
4_15_02 5, 13, 1, 9
4_26_22 14, 6, 10, 2
3_21_14 9, 1, 5
7_28_22 14, 6, 10, 2, 3, 11, 15
4_17_08 5, 13, 1, 9
1_28_22 2
4_30_10 9, 1, 5, 13
7_5_06 5, 13, 1, 9, 6, 14, 2
3_12_18 8, 16, 12
4_19_18 10, 2, 6, 14
7_16_10 9, 1, 5, 13, 10, 2, 6
7_13_20 14, 6, 10, 2, 11, 3, 7
2_16_06 3, 11
1_3_02 10
3_25_06 6, 14, 2
8_27_10 8, 16, 4, 12, 9, 1, 5, 13
7_21_14 9, 1, 5, 13, 10, 2, 6
8_25_22 14, 6, 10, 2, 15, 7, 11, 3
5_11_02 4, 12, 16, 8, 13
1_16_08 12
6_31_02 5, 13, 1, 9, 2, 10
8_15_18 13, 5, 9, 1, 10, 2, 6, 14
1_7_16 2
1_7_18 3
8_1_10 6, 14, 2, 10, 7, 15, 3, 11
6_5_18 11, 3, 7, 15, 12, 4
4_1_22 12, 4, 8, 16
8_3_16 9, 1, 5, 13, 10, 2, 6, 14
4_3_10 6, 14, 2, 10
3_19_22 12, 4, 16
1_19_02 10
5_19_22 12, 4, 8, 16, 5
5_7_04 4, 12, 16, 8, 13
2_23_10 7, 15
6_10_10 8, 16, 4, 12, 5, 13
1_8_20 16
6_2_06 4, 12, 16, 8, 1, 9
6_26_22 14, 6, 10, 2, 11, 3
6_5_14 9, 1, 5, 13, 10, 2
1_19_12 15
6_27_20 13, 5, 9, 1, 14, 6
6_26_14 10, 2, 6, 14, 7, 15
6_25_20 13, 5, 9, 1, 14, 6
6_14_18 13, 5, 9, 1, 6, 14
6_7_20 12, 4, 8, 16, 13, 5
6_9_00 3, 11, 15, 7, 4, 12
1_2_14 4
3_14_12 6, 14, 2
2_19_20 11, 3
5_29_14 11, 3, 7, 15, 8
1_15_18 5
5_23_22 13, 5, 9, 1, 6
4_21_20 12, 4, 8, 16
5_7_08 6, 14, 2, 10, 15
4_20_12 7, 15, 3, 11
1_17_20 11
5_24_14 9, 1, 5, 13, 14
6_26_20 13, 5, 9, 1, 10, 2
7_14_18 13, 5, 9, 1, 6, 14, 2
8_30_00 4, 12, 16, 8, 1, 9, 13, 5
3_24_16 6, 14, 10
7_27_22 14, 6, 10, 2, 7, 15, 3
1_4_16 13
6_30_16 12, 4, 8, 16, 5, 13
5_12_08 7, 15, 3, 11, 12
1_2_06 16
7_16_16 12, 4, 8, 16, 13, 5, 9
2_22_02 15, 7
6_7_02 3, 11, 15, 7, 4, 12
7_14_16 12, 4, 8, 16, 5, 13, 1
2_25_06 6, 14
7_4_12 7, 15, 3, 11, 12, 4, 8
7_20_02 2, 10, 14, 6, 7, 15, 3
6_25_00 3, 11, 15, 7, 4, 12
7_6_08 6, 14, 2, 10, 3, 11, 15
8_10_12 9, 1, 5, 13, 10, 2, 6, 14
1_12_18 16
8_2_02 2, 10, 14, 6, 3, 11, 15, 7
2_19_10 6, 14
6_26_22 14, 6, 10, 2, 11, 3
3_29_02 5, 13, 1
2_18_22 8, 16
4_17_08 5, 13, 1, 9
7_21_22 13, 5, 9, 1, 14, 6, 10
4_18_10 6, 14, 2, 10
8_25_00 3, 11, 15, 7, 4, 12, 16, 8
5_5_22 13, 5, 9, 1, 14
6_24_00 2, 10, 14, 6, 15, 7
3_28_10 4, 12, 8
5_10_06 6, 14, 2, 10, 3
1_2_22 8
7_6_22 13, 5, 9, 1, 10, 2, 6
2_29_18 13, 5
1_4_02 6
8_17_08 5, 13, 1, 9, 6, 14, 2, 10
8_5_08 6, 14, 2, 10, 7, 15, 3, 11
2_31_12 10, 2
6_31_00 4, 12, 16, 8, 1, 9
7_28_18 12, 4, 8, 16, 1, 9, 13
3_11_22 14, 6, 2
7_5_08 6, 14, 2, 10, 7, 15, 3
8_10_08 7, 15, 3, 11, 8, 16, 4, 12
8_27_00 3, 11, 15, 7, 4, 12, 16, 8
7_23_06 5, 13, 1, 9, 14, 6, 10
6_19_14 8, 16, 4, 12, 9, 1
8_5_16 10, 2, 6, 14, 11, 3, 7, 15
1_3_04 11
8_24_02 3, 11, 15, 7, 4, 12, 16, 8
3_20_02 14, 6, 2
7_28_18 12, 4, 8, 16, 1, 9, 13
3_5_20 12, 4, 8
1_28_04 9
7_5_20 12, 4, 8, 16, 13, 5, 9
4_29_10 9, 1, 5, 13
2_22_02 15, 7
3_29_16 12, 4, 8
8_29_04 6, 14, 2, 10, 3, 11, 15, 7
4_11_20 13, 5, 9, 1
2_3_08 5, 13
5_7_12 8, 16, 4, 12, 1
5_3_04 3, 11, 15, 7, 12
4_1_04 3, 11, 15, 7
1_27_12 1
7_25_00 3, 11, 15, 7, 4, 12, 16
3_31_22 15, 7, 3
6_3_18 10, 2, 6, 14, 11, 3
8_7_00 2, 10, 14, 6, 3, 11, 15, 7
4_6_12 8, 16, 4, 12
1_16_06 11
1_8_02 7
8_5_04 4, 12, 16, 8, 5, 13, 1, 9
5_12_06 6, 14, 2, 10, 11
7_12_14 10, 2, 6, 14, 15, 7, 11
3_25_00 3, 11, 15
8_14_02 5, 13, 1, 9, 2, 10, 14, 6
2_21_08 6, 14
2_26_04 1, 9
6_20_12 7, 15, 3, 11, 4, 12
6_9_06 6, 14, 2, 10, 7, 15
5_19_00 1, 9, 13, 5, 10
7_7_08 6, 14, 2, 10, 15, 7, 11
1_25_10 8
7_16_12 10, 2, 6, 14, 11, 3, 7
5_13_08 8, 16, 4, 12, 5
6_18_18 10, 2, 6, 14, 7, 15
3_2_00 13, 5, 9
1_1_06 4
7_26_22 14, 6, 10, 2, 11, 3, 7
1_7_04 12
1_3_22 4
4_19_10 6, 14, 2, 10
6_7_06 5, 13, 1, 9, 6, 14
5_21_14 9, 1, 5, 13, 10
3_23_14 9, 1, 13
8_8_12 8, 16, 4, 12, 9, 1, 5, 13
2_8_10 3, 11
4_17_12 7, 15, 3, 11
4_23_04 4, 12, 16, 8
4_24_04 4, 12, 16, 8
5_13_16 12, 4, 8, 16, 9
2_15_00 4,12
5_5_10 7, 15, 3, 11, 8
5_14_06 7, 15, 3, 11, 16
1_20_12 11
4_27_10 8, 16, 4, 12
7_27_08 7, 15, 3, 11, 16, 8, 12
4_24_20 12, 4, 8, 16
3_20_00 13, 5, 1
4_8_22 13, 5, 9, 1
4_30_04 6, 14, 2, 10
6_15_04 6, 14, 2, 10, 3, 11
4_31_00 4,12, 16, 8
6_29_00 4, 12, 16, 8, 1, 9
7_30_08 8, 16, 4, 12, 1, 9, 13
1_14_00 16
4_11_20 13, 5, 9, 1
3_2_10 2, 10, 14
2_22_20 8, 16
5_11_20 13, 5, 9, 1, 6
2_9_16 11, 3
5_9_12 9, 1, 5, 13, 10
2_2_04 15, 7
7_3_00 1, 9, 13, 5, 10, 2, 6
6_30_14 11, 3, 7, 15, 4, 12
2_5_02 3, 11
2_18_14 4, 12
6_30_16 12, 4, 8, 16, 5, 13
5_3_08 5, 13, 1, 9, 14
8_18_10 6, 14, 2, 10, 7, 15, 3, 11
7_11_06 6, 14, 2, 10, 15, 7, 11
3_21_08 6, 14, 2
2_12_20 9, 1
7_17_20 11, 3, 7, 15, 12, 4, 8
5_14_08 8, 16, 4, 12, 1
1_10_22 10
8_17_06 4, 12, 16, 8, 5, 13, 1, 9
6_12_12 9, 1, 5, 13, 6, 14
1_28_04 9
5_29_08 8, 16, 4, 12, 5
4_6_04 4, 12, 16, 8
5_20_12 7, 15, 3, 11, 12
2_12_20 9, 1
7_25_20 13, 5, 9, 1, 14, 6, 10
8_22_04 4, 12, 16, 8, 5, 13, 1, 9
1_19_00 9
8_21_20 12, 4, 8, 16, 13, 5, 9, 1
4_12_04 5, 13, 1, 9
2_31_14 11, 3
6_4_22 12, 4, 8, 16, 9, 1
7_19_06 4, 12, 16, 8, 13, 5, 9
5_6_18 11, 3, 7, 15, 8
2_24_06 1, 9
3_7_16 10, 2, 14
1_6_00 14
1_15_10 1
7_19_22 12, 4, 8, 16, 5, 13, 1
4_31_06 7, 15, 3, 11
8_10_14 10, 2, 6, 14, 11, 3, 7, 15
1_4_02 6
2_7_02 3, 11
3_5_08 6, 14, 2
4_30_02 5, 13, 1, 9
2_31_10 9, 1
1_4_18 14
7_10_22 14, 6, 10, 2, 11, 3, 7
5_12_04 5, 13, 1, 9, 10
8_14_04 6, 14, 2, 10, 3, 11, 15, 7
4_27_06 6, 14, 2, 10
8_3_08 5, 13, 1, 9, 6, 14, 2, 10
4_7_22 13, 5, 9, 1
4_15_06 7, 15, 3, 11
6_22_16 10, 2, 6, 14, 7, 15
2_28_06 2, 10
1_11_00 11
2_21_02 3, 11
8_16_14 11, 3, 7, 15, 8, 16, 4, 12
4_22_06 5, 13, 1, 9
6_22_06 5, 13, 1, 9, 2, 10
3_3_16 9, 1, 13
7_20_12 7, 15, 3, 11, 12, 4, 8
1_22_00 14
6_23_08 6, 14, 2, 10, 7, 15
6_23_10 7, 15, 3, 11, 8, 16
1_20_16 13
3_6_18 7, 15, 3
8_10_08 7, 15, 3, 11, 8, 16, 4, 12
4_31_10 9, 1, 5, 13
3_3_10 6, 14, 10
8_12_00 3, 11, 15, 7, 4, 12, 16, 8
6_18_20 11, 3, 7, 15, 8, 16
8_15_02 5, 13, 1, 9, 2, 10, 14, 6
3_10_16 7, 15, 3
8_1_08 5, 13, 1, 9, 6, 14, 2, 10
7_31_12 10, 2, 6, 14, 15, 7, 11
7_16_16 12, 4, 8, 16, 13, 5, 9
7_22_12 8, 16, 4, 12, 5, 13, 1
4_1_10 6, 14, 2, 10
8_25_00 3, 11, 15, 7, 4, 12, 16, 8
6_31_10 9, 1, 5, 13, 6, 14
7_11_06 6, 14, 2, 10, 15, 7, 11
8_13_00 4, 12, 16, 8, 1, 9, 13, 5
6_2_02 2, 10, 14, 6, 15, 7
7_10_22 14, 6, 10, 2, 11, 3, 7
2_12_12 5, 13
7_10_14 10, 2, 6, 14, 7, 15, 3
6_9_20 13, 5, 9, 1, 14, 6
2_21_18 11, 3
4_16_14 11, 3, 7, 15
2_31_18 13, 5
7_1_14 8, 16, 4, 12, 9, 1, 5
3_31_08 8, 16, 12
2_21_16 10, 2
8_29_00 4, 12, 16, 8, 1, 9, 13, 5
2_19_14 8, 16
8_14_00 4, 12, 16, 8, 1, 9, 13, 5
4_21_20 12, 4, 8, 16
1_15_04 14
8_22_02 3, 11, 15, 7, 4, 12, 16, 8
6_31_08 8, 16, 4, 12, 5, 13
8_3_10 6, 14, 2, 10, 7, 15, 3, 11
4_24_08 6, 14, 2, 10
2_21_14 9, 1
2_3_20 11, 3
8_7_12 8, 16, 4, 12, 9, 1, 5, 13
5_24_14 9, 1, 5, 13, 14
2_17_12 7, 15
3_27_16 11, 3, 15
7_8_12 8, 16, 4, 12, 13, 5, 9
1_27_20 5
7_18_16 9, 1, 5, 13, 6, 14, 2
4_17_02 2, 10, 14, 6
1_29_02 5
5_7_00 2, 10, 14, 6, 11
7_27_18 12, 4, 8, 16, 5, 13, 1
8_2_00 1, 9, 13, 5, 2, 10, 14, 6
6_6_22 13, 5, 9, 1, 10, 2
7_3_06 4, 12, 16, 8, 13, 5, 9
3_30_14 7, 15, 3
1_22_02 15
5_25_04 5, 13, 1, 9, 6
7_17_08 5, 13, 1, 9, 6, 14, 2
3_12_00 15, 7, 3
1_18_00 13
6_25_00 3, 11, 15, 7, 4, 12
7_5_02 3, 11, 15, 7, 4, 12, 16
4_17_08 5, 13, 1, 9
8_23_20 12, 4, 8, 16, 13, 5, 9, 1
1_28_16 15
8_24_08 6, 14, 2, 10, 7, 15, 3, 11
7_7_22 13, 5, 9, 1, 6, 14, 2
5_7_04 4, 12, 16, 8, 13
8_6_20 12, 4, 8, 16, 13, 5, 9, 1
2_22_22 9, 1
3_30_18 9, 1, 5
2_16_18 9, 1
3_29_22 15, 7, 11
8_26_04 5, 13, 1, 9, 6, 14, 2, 10
6_25_14 10, 2, 6, 14, 11, 3
2_7_10 7, 15
5_23_18 11, 3, 7, 15, 4
1_4_12 11
8_2_04 3, 11, 15, 7, 4, 12, 16, 8
6_19_20 11, 3, 7, 15, 12, 4
2_10_12 5, 13
3_13_22 15, 7, 11
3_26_08 3, 11, 15
8_18_06 4, 12, 16, 8, 5, 13, 1, 9
4_17_16 9, 1, 5, 13
6_26_20 13, 5, 9, 1, 10, 2
4_31_14 11, 3, 7, 15
1_30_16 8
5_26_18 12, 4, 8, 16, 9
3_14_22 11, 3, 7
4_1_18 10, 2, 6, 14
4_17_00 1, 9, 13, 5
3_17_22 12, 4, 8
3_1_12 7, 15, 3
1_19_16 1
2_29_16 12, 4
1_16_14 15
2_13_14 11, 3
3_22_22 9, 1, 5
7_18_16 9, 1, 5, 13, 6, 14, 2
6_4_12 7, 15, 3, 11, 4, 12
4_1_08 5, 13, 1, 9
2_4_08 1, 9
8_5_18 11, 3, 7, 15, 12, 4, 8, 16
5_1_04 3, 11, 15, 7, 4
2_27_20 13, 5
7_2_20 11, 3, 7, 15, 8, 16, 4
6_11_16 11, 3, 7, 15, 12, 4
1_15_06 15
4_31_10 9, 1, 5, 13
6_31_14 11, 3, 7, 15, 8, 16
4_11_00 3, 11, 15, 7
3_15_10 9, 1, 13
8_31_02 5, 13, 1, 9, 2, 10, 14, 6
4_21_18 11, 3, 7, 15
3_12_22 10, 2, 14
4_1_08 5, 13, 1, 9
3_15_02 5, 13, 9
1_24_08 10
1_5_10 7
7_14_04 6, 14, 2, 10, 15, 7, 11
2_10_12 5, 13
5_7_14 9, 1, 5, 13, 2
4_5_20 12, 4, 8, 16
3_16_14 7, 15, 11
4_21_14 9, 1, 5, 13
2_21_10 7, 15
4_16_08 8, 16, 4, 12
3_3_00 1, 9, 5
5_24_04 4, 12, 16, 8, 9
1_16_04 10
3_5_18 11, 3, 7
5_7_06 5, 13, 1, 9, 14
7_13_04 6, 14, 2, 10, 3, 11, 15
5_23_16 10, 2, 6, 14, 3
8_23_08 6, 14, 2, 10, 7, 15, 3, 11
4_8_08 6, 14, 2, 10
2_10_06 2, 10
2_1_06 4, 12
6_27_06 6, 14, 2, 10, 7, 15
4_6_14 9, 1, 5, 13
3_20_16 5, 13, 9
1_21_00 2
2_30_00 16, 8
4_11_00 3, 11, 15, 7
2_30_08 4, 12
3_21_12 8, 16, 4
4_15_02 5, 13, 1, 9
6_12_00 3, 11, 15, 7, 16, 8
6_8_06 5, 13, 1, 9, 2, 10
8_6_12 8, 16, 4, 12, 9, 1, 5, 13
3_28_16 7, 15, 11
4_29_16 12, 4, 8, 16
2_11_16 11, 3
4_10_18 12, 4, 8, 16
5_3_18 10, 2, 6, 14, 3
1_28_04 9
7_24_22 13, 5, 9, 1, 2, 10, 14
6_30_20 14, 6, 10, 2, 7, 15
3_11_08 7, 15, 11
5_16_22 15, 7, 11, 3, 16
6_1_00 1, 9, 13, 5, 2, 10
4_30_18 13, 5, 9, 1
6_1_12 7, 15, 3, 11, 8, 16
2_17_22 12, 4
8_26_08 7, 15, 3, 11, 8, 16, 4, 12
5_21_00 2, 10, 14, 6, 3
2_26_14 6, 14
3_26_18 8, 16, 4
5_24_14 9, 1, 5, 13, 14
3_7_08 6, 14, 10
3_8_06 1, 9, 5
6_1_16 9, 1, 5, 13, 10, 2
8_26_04 5, 13, 1, 9, 6, 14, 2, 10
3_14_14 7, 15, 3
2_13_20 14, 6
5_26_18 12, 4, 8, 16, 9
3_24_14 5, 13, 9
4_16_08 8, 16, 4, 12
4_4_02 2, 10, 14, 6
3_24_04 16, 8, 4
6_27_02 4, 12, 16, 8, 5, 13
8_19_06 4, 12, 16, 8, 5, 13, 1, 9
3_2_14 4, 12, 16
2_5_04 4, 12
4_15_00 4,12, 16, 8
6_31_08 8, 16, 4, 12, 5, 13
5_21_18 11, 3, 7, 15, 12
6_11_06 6, 14, 2, 10, 7, 15
8_1_14 8, 16, 4, 12, 9, 1, 5, 13
7_27_10 8, 16, 4, 12, 1, 9, 13
4_2_20 11, 3, 7, 15
4_15_22 15, 7, 11, 3
3_13_02 5, 13, 1
3_30_04 2, 10, 14
5_30_12 10, 2, 6, 14, 3
2_16_00 16, 8
4_5_04 4, 12, 16, 8
3_12_18 8, 16, 12
8_8_04 4, 12, 16, 8, 5, 13, 1, 9
6_1_06 4, 12, 16, 8, 5, 13
4_22_22 13, 5, 9, 1
1_8_20 16
1_29_16 12
7_25_08 7, 15, 3, 11, 8, 16, 4
8_21_00 2, 10, 14, 6, 3, 11, 15, 7
1_29_10 9
5_23_20 12, 4, 8, 16, 5
4_31_00 4,12, 16, 8
4_6_04 4, 12, 16, 8
1_3_00 9
7_26_16 11, 3, 7, 15, 8, 16, 4
5_25_00 3, 11, 15, 7, 4
6_14_20 14, 6, 10, 2, 7, 15
6_1_02 2, 10, 14, 6, 3, 11
1_20_06 8
5_14_10 9, 1, 5, 13, 2
6_5_10 7, 15, 3, 11, 8, 16
3_3_04 3, 11, 7
5_23_10 7, 15, 3, 11, 16
7_18_16 9, 1, 5, 13, 6, 14, 2
4_6_00 2, 10, 14, 6
3_26_06 2, 10, 14
4_11_18 12, 4, 8, 16
3_9_16 11, 3, 7
6_18_10 6, 14, 2, 10, 3, 11
2_29_22 15, 7
6_2_14 8, 16, 4, 12, 5, 13
2_25_22 14, 6
3_13_18 13, 5, 9
1_22_12 4
8_2_02 2, 10, 14, 6, 3, 11, 15, 7
1_14_12 6
6_13_22 15, 7, 11, 3, 12, 4
6_19_18 10, 2, 6, 14, 11, 3
6_5_22 13, 5, 9, 1, 14, 6
8_4_02 2, 10, 14, 6, 3, 11, 15, 7
6_24_00 2, 10, 14, 6, 15, 7
2_29_06 7, 15
7_16_04 6, 14, 2, 10, 7, 15, 3
8_28_22 14, 6, 10, 2, 15, 7, 11, 3
7_8_04 4, 12, 16, 8, 9, 1, 5
5_11_14 10, 2, 6, 14, 3
4_29_04 6, 14, 2, 10
3_26_18 8, 16, 4
2_21_20 12, 4
7_12_14 10, 2, 6, 14, 15, 7, 11
1_29_12 10
2_2_12 3, 11
5_16_08 8, 16, 4, 12, 9
3_3_18 10, 2, 14
8_4_22 12, 4, 8, 16, 13, 5, 9, 1
4_15_20 14, 6, 10, 2
1_1_12 7
8_3_12 7, 15, 3, 11, 8, 16, 4, 12
8_16_06 7, 15, 3, 11, 4, 12, 16, 8
3_19_10 6, 14, 10
1_5_04 4
3_11_14 10, 2, 14
5_5_12 8, 16, 4, 12, 9
7_31_14 11, 3, 7, 15, 16, 8, 12
8_12_10 8, 16, 4, 12, 9, 1, 5, 13
5_9_18 12, 4, 8, 16, 13
7_6_12 8, 16, 4, 12, 5, 13, 1
5_30_12 10, 2, 6, 14, 3
2_26_12 5, 13
1_3_14 16
6_9_02 4, 12, 16, 8, 5, 13
7_24_18 11, 3, 7, 15, 16, 8, 12
1_23_04 12
1_18_16 5
4_7_02 3, 11, 15, 7
4_13_14 11, 3, 7, 15
4_13_22 15, 7, 11, 3
7_7_14 9, 1, 5, 13, 2, 10, 14
6_20_02 2, 10, 14, 6, 15, 7
2_26_10 4, 12
6_16_18 13, 5, 9, 1, 6, 14
1_21_06 5
7_22_02 3, 11, 15, 7, 16, 8, 12
4_2_02 2, 10, 14, 6
1_26_10 4
2_5_20 12, 4
5_31_16 12, 4, 8, 16, 1
7_15_14 11, 3, 7, 15, 16, 8, 12
5_9_00 3, 11, 15, 7, 4
5_27_14 10, 2, 6, 14, 3
7_17_06 4, 12, 16, 8, 5, 13, 1
6_20_12 7, 15, 3, 11, 4, 12
3_16_12 6, 14, 10
6_21_14 9, 1, 5, 13, 10, 2
8_19_00 1, 9, 13, 5, 2, 10, 14, 6
5_22_04 4, 12, 16, 8, 1
7_14_22 15, 7, 11, 3, 8, 16, 4
6_1_16 9, 1, 5, 13, 10, 2
4_9_00 3, 11, 15, 7
2_12_12 5, 13
6_23_16 10, 2, 6, 14, 11, 3
7_24_20 12, 4, 8, 16, 1, 9, 13
4_6_00 2, 10, 14, 6
7_20_12 7, 15, 3, 11, 12, 4, 8
7_15_00 4, 12, 16, 8, 9, 1, 5
1_30_00 16
8_15_22 15, 7, 11, 3, 12, 4, 8, 16
3_20_20 7, 15, 11
3_15_22 15, 7, 3
4_12_02 4, 12, 16, 8
2_5_20 12, 4
3_18_02 14, 6, 10
8_22_04 4, 12, 16, 8, 5, 13, 1, 9
5_17_20 11, 3, 7, 15, 12
3_15_02 5, 13, 9
5_29_08 8, 16, 4, 12, 5
2_8_18 7, 15
5_8_02 3, 11, 15, 7, 8
3_19_04 3, 11, 7
1_14_10 5
7_22_12 8, 16, 4, 12, 5, 13, 1
5_12_10 8, 16, 4, 12, 13
4_16_08 8, 16, 4, 12
1_24_10 11
6_23_22 13, 5, 9, 1, 14, 6
1_20_02 6
3_11_04 5, 13, 9
6_17_16 9, 1, 5, 13, 10, 2
5_7_02 3, 11, 15, 7, 12
4_22_04 4, 12, 16, 8
5_1_10 6, 14, 2, 10, 7
3_15_16 12, 4, 16
8_6_08 6, 14, 2, 10, 7, 15, 3, 11
6_24_16 10, 2, 6, 14, 7, 15
1_28_14 14
5_22_18 11, 3, 7, 15, 8
6_10_10 8, 16, 4, 12, 5, 13
8_25_20 13, 5, 9, 1, 14, 6, 10, 2
2_19_16 9, 1
5_30_10 9, 1, 5, 13, 2
3_24_04 16, 8, 4
2_8_12 4, 12
4_7_20 12, 4, 8, 16
7_27_18 12, 4, 8, 16, 5, 13, 1
8_30_12 10, 2, 6, 14, 7, 15, 3, 11
4_4_04 3, 11, 15, 7
2_20_08 1, 9
6_10_14 10, 2, 6, 14, 7, 15
1_6_14 5
8_24_08 6, 14, 2, 10, 7, 15, 3, 11
1_30_08 4
3_9_02 4, 12, 16
8_13_00 4, 12, 16, 8, 1, 9, 13, 5
8_7_22 13, 5, 9, 1, 14, 6, 10, 2
1_25_16 11
1_27_06 14
4_6_18 11, 3, 7, 15
2_11_18 12, 4
7_25_20 13, 5, 9, 1, 14, 6, 10
6_7_08 6, 14, 2, 10, 7, 15
6_23_02 3, 11, 15, 7, 4, 12
4_15_18 13, 5, 9, 1
6_31_06 7, 15, 3, 11, 4, 12
1_23_18 3
4_23_04 4, 12, 16, 8
1_14_14 7
8_16_16 12, 4, 8, 16, 9, 1, 5, 13
2_25_00 3, 11
7_13_04 6, 14, 2, 10, 3, 11, 15
4_29_14 11, 3, 7, 15
5_16_20 14, 6, 10, 2, 15
2_9_12 9, 1
7_19_10 6, 14, 2, 10, 15, 7, 11
3_10_20 9, 1, 5
4_24_18 11, 3, 7, 15
7_19_04 3, 11, 15, 7, 12, 4, 8
4_6_08 6, 14, 2, 10
4_11_04 5, 13, 1, 9
5_28_14 10, 2, 6, 14, 15
6_15_10 9, 1, 5, 13, 6, 14
3_3_12 7, 15, 11
7_11_06 6, 14, 2, 10, 15, 7, 11
7_3_06 4, 12, 16, 8, 13, 5, 9
4_15_00 4,12, 16, 8
6_29_12 10, 2, 6, 14, 7, 15
8_2_12 7, 15, 3, 11, 8, 16, 4, 12
1_15_22 7
8_26_18 12, 4, 8, 16, 13, 5, 9, 1
6_12_12 9, 1, 5, 13, 6, 14
6_27_00 3, 11, 15, 7, 4, 12
5_4_20 11, 3, 7, 15, 16
3_3_00 1, 9, 5
6_24_12 8, 16, 4, 12, 5, 13
2_5_00 2, 10
3_4_04 15, 7, 3
2_2_06 16, 8
8_18_16 9, 1, 5, 13, 10, 2, 6, 14
4_10_00 3, 11, 15, 7
2_25_04 5, 13
6_1_00 1, 9, 13, 5, 2, 10
8_8_18 11, 3, 7, 15, 12, 4, 8, 16
4_18_10 6, 14, 2, 10
5_15_16 12, 4, 8, 16, 1
8_18_22 12, 4, 8, 16, 13, 5, 9, 1
2_11_06 6, 14
6_9_04 5, 13, 1, 9, 6, 14
3_7_12 8, 16, 12
6_12_10 8, 16, 4, 12, 5, 13
7_27_18 12, 4, 8, 16, 5, 13, 1
8_31_02 5, 13, 1, 9, 2, 10, 14, 6
3_17_14 8, 16, 4
3_28_20 9, 1, 13
5_31_06 7, 15, 3, 11, 12
5_9_04 5, 13, 1, 9, 6
8_28_22 14, 6, 10, 2, 15, 7, 11, 3
1_26_02 16
3_10_08 3, 11, 15
6_24_12 8, 16, 4, 12, 5, 13
6_10_06 6, 14, 2, 10, 3, 11
5_11_02 4, 12, 16, 8, 13
3_16_20 10, 2, 14
7_10_06 6, 14, 2, 10, 3, 11, 15
3_23_04 4, 12, 8
3_1_14 8, 16, 4
1_4_04 7
7_5_10 7, 15, 3, 11, 8, 16, 4
3_27_02 4, 12, 8
6_31_22 15, 7, 11, 3, 12, 4
3_25_16 11, 3, 7
6_19_02 2, 10, 14, 6, 3, 11
3_16_08 4, 12, 8
7_5_20 12, 4, 8, 16, 13, 5, 9
2_16_00 16, 8
4_8_12 8, 16, 4, 12
2_4_12 3, 11
3_20_14 4, 12, 8
3_14_00 16, 8, 12
4_29_22 15, 7, 11, 3
2_9_08 7, 15
1_22_10 3
4_22_06 5, 13, 1, 9
3_24_18 7, 15, 11
3_25_12 9, 1, 5
6_18_08 5, 13, 1, 9, 2, 10
2_15_20 14, 6
2_5_02 3, 11
6_5_00 2, 10, 14, 6, 3, 11
6_12_18 12, 4, 8, 16, 9, 1
3_3_14 8, 16, 12
2_10_20 9, 1
6_6_10 7, 15, 3, 11, 4, 12
1_19_02 10
3_26_18 8, 16, 4
1_30_12 6
8_21_18 11, 3, 7, 15, 12, 4, 8, 16
2_27_00 3, 11
3_8_20 8, 16, 12
8_10_22 14, 6, 10, 2, 15, 7, 11, 3
1_17_10 6
1_2_12 3
6_12_12 9, 1, 5, 13, 6, 14
7_25_08 7, 15, 3, 11, 8, 16, 4
7_29_12 10, 2, 6, 14, 7, 15, 3
1_5_02 3
4_17_00 1, 9, 13, 5
5_21_14 9, 1, 5, 13, 10
1_8_00 6
5_3_20 11, 3, 7, 15, 4
2_29_06 7, 15
3_9_16 11, 3, 7
2_1_00 1, 9
5_7_14 9, 1, 5, 13, 2
7_13_12 10, 2, 6, 14, 7, 15, 3
3_23_08 6, 14, 10
7_1_06 4, 12, 16, 8, 5, 13, 1
3_8_06 1, 9, 5
7_15_22 15, 7, 11, 3, 4, 12, 16
8_24_02 3, 11, 15, 7, 4, 12, 16, 8
8_11_22 14, 6, 10, 2, 15, 7, 11, 3
8_26_08 7, 15, 3, 11, 8, 16, 4, 12
8_5_04 4, 12, 16, 8, 5, 13, 1, 9
3_3_04 3, 11, 7
7_31_08 8, 16, 4, 12, 13, 5, 9
4_9_10 8, 16, 4, 12
6_3_22 12, 4, 8, 16, 13, 5
5_30_00 4, 12, 16, 8, 13
2_23_14 9, 1
2_27_14 10, 2
6_15_16 12, 4, 8, 16, 9, 1
3_9_22 14, 6, 10
6_28_16 11, 3, 7, 15, 8, 16
6_19_10 6, 14, 2, 10, 7, 15
7_17_14 8, 16, 4, 12, 9, 1, 5
8_7_02 3, 11, 15, 7, 4, 12, 16, 8
2_28_16 7, 15
3_19_22 12, 4, 16
6_26_00 3, 11, 15, 7, 16, 8
5_4_20 11, 3, 7, 15, 16
8_5_00 2, 10, 14, 6, 3, 11, 15, 7
1_6_18 7
1_28_00 7
2_1_04 3, 11
5_4_12 7, 15, 3, 11, 12
1_16_16 16
5_11_10 8, 16, 4, 12, 1
6_5_16 10, 2, 6, 14, 11, 3
8_17_08 5, 13, 1, 9, 6, 14, 2, 10
8_9_22 14, 6, 10, 2, 15, 7, 11, 3
1_17_14 8
1_4_12 11
5_12_06 6, 14, 2, 10, 11
4_2_06 4, 12, 16, 8
1_9_16 11
4_10_16 11, 3, 7, 15
7_31_10 9, 1, 5, 13, 14, 6, 10
7_6_04 4, 12, 16, 8, 1, 9, 13
6_20_08 5, 13, 1, 9, 2, 10
2_29_22 15, 7
8_25_06 6, 14, 2, 10, 7, 15, 3, 11
8_1_22 12, 4, 8, 16, 13, 5, 9, 1
2_16_18 9, 1
2_1_04 3, 11
1_2_12 3
6_7_14 9, 1, 5, 13, 10, 2
3_31_06 7, 15, 11
6_25_18 12, 4, 8, 16, 13, 5
4_31_12 10, 2, 6, 14
3_18_10 2, 10, 14
4_22_12 8, 16, 4, 12
5_7_08 6, 14, 2, 10, 15
3_23_08 6, 14, 10
7_25_20 13, 5, 9, 1, 14, 6, 10
5_30_16 12, 4, 8, 16, 5
8_3_18 10, 2, 6, 14, 11, 3, 7, 15
3_7_12 8, 16, 12
3_21_20 12, 4, 8
7_9_14 10, 2, 6, 14, 11, 3, 7
2_10_22 10, 2
3_15_06 7, 15, 11
6_21_22 13, 5, 9, 1, 14, 6
5_18_08 5, 13, 1, 9, 2
7_13_22 15, 7, 11, 3, 12, 4, 8
5_4_16 9, 1, 5, 13, 14
3_17_12 7, 15, 3
6_17_02 2, 10, 14, 6, 3, 11
4_10_04 5, 13, 1, 9
2_20_00 13, 5
2_16_06 3, 11
6_30_16 12, 4, 8, 16, 5, 13
8_27_00 3, 11, 15, 7, 4, 12, 16, 8
1_3_04 11
2_14_16 8, 16
3_26_16 7, 15, 3
3_2_16 5, 13, 1
8_20_06 4, 12, 16, 8, 5, 13, 1, 9
1_12_18 16
1_1_08 5
4_2_06 4, 12, 16, 8
2_2_20 7, 15
6_1_14 8, 16, 4, 12, 9, 1
5_19_16 9, 1, 5, 13, 2
3_19_20 11, 3, 15
1_3_14 16
7_13_22 15, 7, 11, 3, 12, 4, 8
3_9_22 14, 6, 10
1_3_18 2
3_29_02 5, 13, 1
5_3_00 1, 9, 13, 5, 10
8_1_04 3, 11, 15, 7, 4, 12, 16, 8
6_8_04 4, 12, 16, 8, 1, 9
5_17_14 8, 16, 4, 12, 9
6_19_00 1, 9, 13, 5, 2, 10
4_19_14 8, 16, 4, 12
6_9_08 7, 15, 3, 11, 8, 16
3_30_02 1, 9, 13
8_28_16 11, 3, 7, 15, 12, 4, 8, 16
2_26_06 2, 10
7_28_16 11, 3, 7, 15, 16, 8, 12
4_29_00 4,12, 16, 8
4_27_14 10, 2, 6, 14
1_5_06 5
7_8_00 2, 10, 14, 6, 7, 15, 3
1_22_20 8
1_29_16 12
6_20_14 8, 16, 4, 12, 5, 13
2_13_02 5, 13
4_26_00 3, 11, 15, 7
7_30_14 11, 3, 7, 15, 4, 12, 16
5_5_04 4, 12, 16, 8, 5
5_21_12 8, 16, 4, 12, 9
8_3_00 1, 9, 13, 5, 2, 10, 14, 6
1_27_16 3
5_13_16 12, 4, 8, 16, 9
2_25_02 4, 12
5_8_20 12, 4, 8, 16, 1
5_3_06 4, 12, 16, 8, 13
7_1_06 4, 12, 16, 8, 5, 13, 1
2_1_22 12, 4
1_11_02 12
1_11_18 4
1_19_12 15
4_29_08 8, 16, 4, 12
4_23_12 8, 16, 4, 12
4_18_00 1, 9, 13, 5
4_3_02 2, 10, 14, 6
5_1_04 3, 11, 15, 7, 4
1_27_22 6
4_18_02 2, 10, 14, 6
3_2_06 16, 8, 12
3_27_04 5, 13, 9
4_19_10 6, 14, 2, 10
4_6_22 13, 5, 9, 1
1_29_14 11
5_7_00 2, 10, 14, 6, 11
2_4_12 3, 11
1_13_00 4
3_17_10 6, 14, 2
2_28_22 10, 2
8_12_22 14, 6, 10, 2, 15, 7, 11, 3
2_9_22 14, 6
3_24_04 16, 8, 4
3_31_08 8, 16, 12
6_1_06 4, 12, 16, 8, 5, 13
4_16_14 11, 3, 7, 15
5_11_08 7, 15, 3, 11, 16
1_10_02 16
4_19_04 3, 11, 15, 7
6_11_12 9, 1, 5, 13, 10, 2
6_28_12 9, 1, 5, 13, 6, 14
1_19_08 13
6_22_12 8, 16, 4, 12, 5, 13
4_21_20 12, 4, 8, 16
7_7_10 7, 15, 3, 11, 16, 8, 12
2_3_10 6, 14
8_15_22 15, 7, 11, 3, 12, 4, 8, 16
8_4_00 1, 9, 13, 5, 2, 10, 14, 6
2_5_18 11, 3
1_5_18 11
5_24_16 10, 2, 6, 14, 15
7_25_00 3, 11, 15, 7, 4, 12, 16
5_10_06 6, 14, 2, 10, 3
1_29_08 8
8_12_14 10, 2, 6, 14, 11, 3, 7, 15
6_10_00 3, 11, 15, 7, 16, 8
5_21_12 8, 16, 4, 12, 9
2_21_02 3, 11
1_9_04 5
8_17_20 11, 3, 7, 15, 12, 4, 8, 16
8_18_06 4, 12, 16, 8, 5, 13, 1, 9
1_16_00 8
4_23_14 9, 1, 5, 13
4_14_10 9, 1, 5, 13
3_20_02 14, 6, 2
6_29_04 6, 14, 2, 10, 3, 11
3_6_08 2, 10, 14
5_12_08 7, 15, 3, 11, 12
4_22_00 2, 10, 14, 6
1_15_16 4
1_29_00 4
7_5_14 9, 1, 5, 13, 10, 2, 6
6_4_04 3, 11, 15, 7, 16, 8
2_10_06 2, 10
6_3_12 7, 15, 3, 11, 8, 16
7_30_22 15, 7, 11, 3, 8, 16, 4
4_18_16 9, 1, 5, 13
8_10_12 9, 1, 5, 13, 10, 2, 6, 14
8_12_18 12, 4, 8, 16, 13, 5, 9, 1
6_27_10 8, 16, 4, 12, 9, 1
6_17_12 7, 15, 3, 11, 8, 16
4_22_22 13, 5, 9, 1
4_19_00 1, 9, 13, 5
4_12_10 8, 16, 4, 12
3_5_04 4, 12, 16
3_4_14 4, 12, 8
5_25_10 8, 16, 4, 12, 9
5_11_18 12, 4, 8, 16, 5
6_15_00 4, 12, 16, 8, 1, 9
2_3_02 2, 10
4_13_20 14, 6, 10, 2
6_20_04 3, 11, 15, 7, 16, 8
1_31_06 15
8_25_00 3, 11, 15, 7, 4, 12, 16, 8
5_12_14 10, 2, 6, 14, 15
3_9_04 5, 13, 1
6_5_10 7, 15, 3, 11, 8, 16
7_8_10 7, 15, 3, 11, 12, 4, 8
5_23_22 13, 5, 9, 1, 6
1_4_12 11
1_5_12 8
4_12_14 10, 2, 6, 14
7_2_16 9, 1, 5, 13, 6, 14, 2
3_17_22 12, 4, 8
6_24_14 9, 1, 5, 13, 6, 14
5_28_16 11, 3, 7, 15, 16
1_19_06 12
1_31_10 1
6_17_06 4, 12, 16, 8, 5, 13
1_6_02 15
7_13_04 6, 14, 2, 10, 3, 11, 15
3_20_20 7, 15, 11
5_16_00 4, 12, 16, 8, 5
5_10_04 5, 13, 1, 9, 2
8_15_08 8, 16, 4, 12, 5, 13, 1, 9
7_14_12 10, 2, 6, 14, 3, 11, 15
8_25_18 12, 4, 8, 16, 13, 5, 9, 1
1_2_22 8
6_7_08 6, 14, 2, 10, 7, 15
8_26_04 5, 13, 1, 9, 6, 14, 2, 10
4_19_00 1, 9, 13, 5
1_22_12 4
3_18_00 13, 5, 9
8_16_00 4, 12, 16, 8, 1, 9, 13, 5
8_16_12 10, 2, 6, 14, 7, 15, 3, 11
4_4_04 3, 11, 15, 7
7_7_14 9, 1, 5, 13, 2, 10, 14
3_20_20 7, 15, 11
3_28_04 1, 9, 5
5_1_04 3, 11, 15, 7, 4
8_3_12 7, 15, 3, 11, 8, 16, 4, 12
2_28_10 4, 12
5_28_20 13, 5, 9, 1, 2
6_13_12 10, 2, 6, 14, 7, 15
6_13_20 14, 6, 10, 2, 11, 3
8_19_04 3, 11, 15, 7, 4, 12, 16, 8
3_28_16 7, 15, 11
4_8_14 9, 1, 5, 13
1_13_04 6
3_26_00 15, 7, 11
2_3_02 2, 10
2_9_04 5, 13
1_28_04 9
7_2_20 11, 3, 7, 15, 8, 16, 4
1_1_18 10
3_22_18 7, 15, 3
3_4_02 14, 6, 2
2_14_04 2, 10
2_17_10 6, 14
4_24_08 6, 14, 2, 10
3_10_06 2, 10, 14
2_29_08 8, 16
3_14_16 8, 16, 4
4_6_22 13, 5, 9, 1
4_13_10 9, 1, 5, 13
1_18_00 13
2_2_06 16, 8
3_23_00 2, 10, 6
8_12_10 8, 16, 4, 12, 9, 1, 5, 13
4_6_04 4, 12, 16, 8
7_28_18 12, 4, 8, 16, 1, 9, 13
4_12_04 5, 13, 1, 9
6_23_04 4, 12, 16, 8, 5, 13
5_8_00 2, 10, 14, 6, 7
8_20_18 10, 2, 6, 14, 11, 3, 7, 15
1_31_12 2
5_4_04 3, 11, 15, 7, 8
2_7_04 4, 12
8_4_06 4, 12, 16, 8, 5, 13, 1, 9
6_30_14 11, 3, 7, 15, 4, 12
6_30_02 5, 13, 1, 9, 14, 6
8_18_20 11, 3, 7, 15, 12, 4, 8, 16
8_14_20 14, 6, 10, 2, 11, 3, 7, 15
2_28_14 6, 14
5_30_16 12, 4, 8, 16, 5
5_3_08 5, 13, 1, 9, 14
7_9_08 7, 15, 3, 11, 8, 16, 4
6_19_20 11, 3, 7, 15, 12, 4
1_24_16 14
3_30_14 7, 15, 3
7_18_00 1, 9, 13, 5, 14, 6, 10
2_17_04 3, 11
2_16_02 1, 9
3_12_10 4, 12, 8
3_6_20 8, 16, 4
1_4_04 7
4_5_22 13, 5, 9, 1
6_26_20 13, 5, 9, 1, 10, 2
4_20_02 2, 10, 14, 6
2_4_02 14, 6
7_5_04 4, 12, 16, 8, 5, 13, 1
3_19_18 10, 2, 14
8_17_00 1, 9, 13, 5, 2, 10, 14, 6
1_15_02 13
8_27_02 4, 12, 16, 8, 5, 13, 1, 9
4_8_00 2, 10, 14, 6
4_22_12 8, 16, 4, 12
7_18_22 12, 4, 8, 16, 9, 1, 5
8_26_10 8, 16, 4, 12, 9, 1, 5, 13
2_30_02 1, 9
4_2_16 9, 1, 5, 13
8_20_04 3, 11, 15, 7, 4, 12, 16, 8
7_27_06 6, 14, 2, 10, 15, 7, 11
1_13_06 7
6_19_18 10, 2, 6, 14, 11, 3
3_12_16 7, 15, 11
6_11_08 7, 15, 3, 11, 8, 16
2_5_20 12, 4
6_8_16 10, 2, 6, 14, 7, 15
7_2_04 3, 11, 15, 7, 16, 8, 12
6_13_08 8, 16, 4, 12, 5, 13
2_16_14 7, 15
4_5_18 11, 3, 7, 15
2_26_10 4, 12
4_2_08 5, 13, 1, 9
4_21_14 9, 1, 5, 13
1_31_10 1
1_7_06 13
7_23_04 4, 12, 16, 8, 13, 5, 9
1_16_04 10
1_4_06 8
6_6_12 8, 16, 4, 12, 5, 13
8_23_20 12, 4, 8, 16, 13, 5, 9, 1
8_4_02 2, 10, 14, 6, 3, 11, 15, 7
8_11_06 6, 14, 2, 10, 7, 15, 3, 11
5_29_22 15, 7, 11, 3, 12
6_22_08 6, 14, 2, 10, 3, 11
4_18_10 6, 14, 2, 10
3_17_12 7, 15, 3
1_3_14 16
8_1_06 4, 12, 16, 8, 5, 13, 1, 9
1_14_22 11
7_23_22 13, 5, 9, 1, 6, 14, 2
4_17_14 8, 16, 4, 12
1_8_14 13
2_12_00 15, 7
5_16_18 13, 5, 9, 1, 14
2_11_14 10, 2
2_3_10 6, 14
4_23_18 11, 3, 7, 15
5_17_10 6, 14, 2, 10, 7
8_23_20 12, 4, 8, 16, 13, 5, 9, 1
1_16_14 15
7_15_18 13, 5, 9, 1, 2, 10, 14
5_24_02 3, 11, 15, 7, 8
7_7_12 8, 16, 4, 12, 1, 9, 13
8_20_08 5, 13, 1, 9, 6, 14, 2, 10
8_8_14 9, 1, 5, 13, 10, 2, 6, 14
6_21_20 12, 4, 8, 16, 13, 5
2_16_20 10, 2
3_5_02 3, 11, 15
4_24_18 11, 3, 7, 15
3_28_20 9, 1, 13
2_27_10 8, 16
1_10_06 2
2_3_08 5, 13
2_5_06 5, 13
2_30_02 1, 9
8_26_12 9, 1, 5, 13, 10, 2, 6, 14
5_25_06 6, 14, 2, 10, 7
6_20_06 4, 12, 16, 8, 1, 9
7_20_02 2, 10, 14, 6, 7, 15, 3
6_10_02 4, 12, 16, 8, 1, 9
2_18_02 14, 6
6_8_18 11, 3, 7, 15, 8, 16
6_22_12 8, 16, 4, 12, 5, 13
3_4_02 14, 6, 2
7_16_22 15, 7, 11, 3, 16, 8, 12
1_16_04 10
8_5_06 5, 13, 1, 9, 6, 14, 2, 10
6_25_18 12, 4, 8, 16, 13, 5
8_23_20 12, 4, 8, 16, 13, 5, 9, 1
2_11_04 5, 13
1_3_04 11
1_14_02 1
2_25_10 8, 16
5_19_14 8, 16, 4, 12, 1
3_20_12 3, 11, 7
5_9_14 10, 2, 6, 14, 11
5_10_08 7, 15, 3, 11, 4
7_31_08 8, 16, 4, 12, 13, 5, 9
6_15_08 8, 16, 4, 12, 5, 13
6_7_02 3, 11, 15, 7, 4, 12
1_14_08 4
6_5_20 12, 4, 8, 16, 13, 5
7_18_12 7, 15, 3, 11, 4, 12, 16
3_2_08 1, 9, 13
1_28_08 11
6_23_22 13, 5, 9, 1, 14, 6
8_28_02 4, 12, 16, 8, 5, 13, 1, 9
2_26_14 6, 14
3_1_04 3, 11, 15
5_3_04 3, 11, 15, 7, 12
3_1_02 2, 10, 14
2_15_22 15, 7
8_23_14 9, 1, 5, 13, 10, 2, 6, 14
7_30_04 6, 14, 2, 10, 15, 7, 11
6_22_02 3, 11, 15, 7, 16, 8
2_14_16 8, 16
3_17_10 6, 14, 2
6_26_18 12, 4, 8, 16, 9, 1
8_19_22 12, 4, 8, 16, 13, 5, 9, 1
8_17_12 7, 15, 3, 11, 8, 16, 4, 12
3_20_16 5, 13, 9
2_14_10 5, 13
2_8_20 8, 16
6_16_08 8, 16, 4, 12, 1, 9
5_17_12 7, 15, 3, 11, 8
7_25_04 5, 13, 1, 9, 6, 14, 2
6_2_12 7, 15, 3, 11, 4, 12
8_8_10 7, 15, 3, 11, 8, 16, 4, 12
6_22_04 4, 12, 16, 8, 1, 9
1_9_08 7
4_28_20 13, 5, 9, 1
2_3_06 4, 12
2_8_00 14, 6
2_28_08 3, 11
8_11_22 14, 6, 10, 2, 15, 7, 11, 3
4_19_00 1, 9, 13, 5
5_22_08 6, 14, 2, 10, 3
2_11_10 8, 16
4_3_08 5, 13, 1, 9
2_17_04 3, 11
1_17_02 2
8_14_16 12, 4, 8, 16, 9, 1, 5, 13
5_6_10 7, 15, 3, 11, 4
3_9_22 14, 6, 10
1_11_12 1
7_27_04 5, 13, 1, 9, 14, 6, 10
2_23_10 7, 15
6_3_02 2, 10, 14, 6, 3, 11
1_15_08 16
3_28_06 2, 10, 6
1_30_08 4
8_12_22 14, 6, 10, 2, 15, 7, 11, 3
2_11_08 7, 15
3_2_16 5, 13, 1
6_27_16 11, 3, 7, 15, 12, 4
2_8_12 4, 12
8_4_00 1, 9, 13, 5, 2, 10, 14, 6
7_13_18 13, 5, 9, 1, 10, 2, 6
7_17_10 6, 14, 2, 10, 7, 15, 3
5_7_18 11, 3, 7, 15, 4
8_28_02 4, 12, 16, 8, 5, 13, 1, 9
5_21_06 5, 13, 1, 9, 6
5_20_10 6, 14, 2, 10, 11
6_20_02 2, 10, 14, 6, 15, 7
4_12_16 11, 3, 7, 15
3_25_02 4, 12, 16
4_26_16 11, 3, 7, 15
7_2_14 8, 16, 4, 12, 5, 13, 1
1_16_20 2
5_24_06 5, 13, 1, 9, 10
4_31_22 15, 7, 11, 3
4_25_06 6, 14, 2, 10
7_15_00 4, 12, 16, 8, 9, 1, 5
3_2_22 8, 16, 4
4_28_02 4, 12, 16, 8
1_31_22 7
7_29_04 6, 14, 2, 10, 3, 11, 15
1_18_00 13
4_18_04 3, 11, 15, 7
1_1_06 4
3_8_02 15, 7, 3
7_2_20 11, 3, 7, 15, 8, 16, 4
8_2_14 8, 16, 4, 12, 9, 1, 5, 13
2_13_06 7, 15
5_28_06 6, 14, 2, 10, 11
6_4_12 7, 15, 3, 11, 4, 12
1_5_16 10
8_2_00 1, 9, 13, 5, 2, 10, 14, 6
6_18_00 1, 9, 13, 5, 14, 6
6_4_10 6, 14, 2, 10, 3, 11
2_25_00 3, 11
8_23_20 12, 4, 8, 16, 13, 5, 9, 1
5_2_18 10, 2, 6, 14, 7
5_20_08 5, 13, 1, 9, 10
4_10_06 6, 14, 2, 10
8_11_06 6, 14, 2, 10, 7, 15, 3, 11
4_7_10 7, 15, 3, 11
3_13_20 14, 6, 10
2_26_00 15, 7
3_19_16 9, 1, 13
2_22_22 9, 1
5_5_10 7, 15, 3, 11, 8
3_23_16 10, 2, 14
7_16_14 11, 3, 7, 15, 12, 4, 8
5_5_22 13, 5, 9, 1, 14
3_28_04 1, 9, 5
4_26_14 10, 2, 6, 14
2_10_06 2, 10
3_8_04 16, 8, 4
4_1_18 10, 2, 6, 14
8_14_10 9, 1, 5, 13, 6, 14, 2, 10
8_17_22 12, 4, 8, 16, 13, 5, 9, 1
6_23_04 4, 12, 16, 8, 5, 13
7_7_02 3, 11, 15, 7, 12, 4, 8
5_16_14 11, 3, 7, 15, 12
3_16_16 8, 16, 12
3_18_22 8, 16, 4
1_23_14 1
7_12_20 13, 5, 9, 1, 2, 10, 14
2_13_16 12, 4
2_22_22 9, 1
4_10_02 4, 12, 16, 8
5_13_00 4, 12, 16, 8, 1
6_31_08 8, 16, 4, 12, 5, 13
7_16_14 11, 3, 7, 15, 12, 4, 8
2_1_10 6, 14
3_18_08 1, 9, 13
1_12_10 12
6_18_00 1, 9, 13, 5, 14, 6
2_3_16 9, 1
6_3_02 2, 10, 14, 6, 3, 11
1_29_04 6
6_21_14 9, 1, 5, 13, 10, 2
8_30_04 6, 14, 2, 10, 3, 11, 15, 7
8_25_12 9, 1, 5, 13, 10, 2, 6, 14
8_15_10 9, 1, 5, 13, 6, 14, 2, 10
8_16_06 7, 15, 3, 11, 4, 12, 16, 8
5_3_16 9, 1, 5, 13, 2
2_25_12 9, 1
8_8_06 5, 13, 1, 9, 6, 14, 2, 10
1_31_10 1
4_16_04 6, 14, 2, 10
2_26_04 1, 9
3_8_14 5, 13, 9
1_17_10 6
8_22_10 7, 15, 3, 11, 8, 16, 4, 12
3_7_12 8, 16, 12
5_12_02 4, 12, 16, 8, 9
3_2_12 3, 11, 15
3_3_08 5, 13, 9
8_21_06 5, 13, 1, 9, 6, 14, 2, 10
2_24_02 15, 7
4_25_04 5, 13, 1, 9
8_30_18 13, 5, 9, 1, 10, 2, 6, 14
5_13_02 5, 13, 1, 9, 2
7_30_02 5, 13, 1, 9, 14, 6, 10
4_27_22 14, 6, 10, 2
4_18_02 2, 10, 14, 6
1_11_02 12
2_11_18 12, 4
5_8_16 10, 2, 6, 14, 15
6_8_18 11, 3, 7, 15, 8, 16
2_26_18 8, 16
3_9_22 14, 6, 10
8_16_10 9, 1, 5, 13, 6, 14, 2, 10
8_7_20 12, 4, 8, 16, 13, 5, 9, 1
1_1_04 3
2_16_22 11, 3
2_12_12 5, 13
7_1_18 10, 2, 6, 14, 11, 3, 7
8_10_10 8, 16, 4, 12, 9, 1, 5, 13
6_6_16 10, 2, 6, 14, 7, 15
3_2_14 4, 12, 16
4_23_02 3, 11, 15, 7
2_10_14 6, 14
4_22_06 5, 13, 1, 9
