3_6_08 2, 10, 14
8_5_22 13, 5, 9, 1, 14, 6, 10, 2
3_7_18 11, 3, 15
8_1_16 9, 1, 5, 13, 10, 2, 6, 14
4_24_02 3, 11, 15, 7
1_17_08 5
4_17_20 11, 3, 7, 15
4_28_10 8, 16, 4, 12
8_31_12 10, 2, 6, 14, 7, 15, 3, 11
3_22_12 4, 12, 16
5_30_02 5, 13, 1, 9, 14
6_17_12 7, 15, 3, 11, 8, 16
6_24_02 3, 11, 15, 7, 16, 8
4_12_04 5, 13, 1, 9
6_15_14 11, 3, 7, 15, 8, 16
2_26_04 1, 9
4_7_14 9, 1, 5, 13
4_19_22 12, 4, 8, 16
2_16_22 11, 3
2_4_18 6, 14
2_26_08 3, 11
2_21_16 10, 2
5_22_22 13, 5, 9, 1, 10
7_23_20 12, 4, 8, 16, 5, 13, 1
7_31_20 14, 6, 10, 2, 3, 11, 15
1_3_20 3
4_6_06 5, 13, 1, 9
7_15_04 6, 14, 2, 10, 11, 3, 7
1_6_12 4
2_24_20 8, 16
6_4_16 9, 1, 5, 13, 6, 14
2_6_20 8, 16
6_21_22 13, 5, 9, 1, 14, 6
7_28_20 13, 5, 9, 1, 2, 10, 14
5_31_20 14, 6, 10, 2, 3
7_17_04 3, 11, 15, 7, 4, 12, 16
4_10_16 11, 3, 7, 15
8_25_12 9, 1, 5, 13, 10, 2, 6, 14
3_13_22 15, 7, 11
1_25_22 14
5_24_00 2, 10, 14, 6, 7
7_12_10 8, 16, 4, 12, 13, 5, 9
6_4_22 12, 4, 8, 16, 9, 1
2_3_02 2, 10
5_23_06 5, 13, 1, 9, 14
5_6_22 13, 5, 9, 1, 10
5_5_04 4, 12, 16, 8, 5
2_13_06 7, 15
7_21_10 7, 15, 3, 11, 8, 16, 4
3_4_04 15, 7, 3
3_21_02 3, 11, 15
8_12_08 7, 15, 3, 11, 8, 16, 4, 12
6_29_10 9, 1, 5, 13, 6, 14
1_18_12 3
2_26_14 6, 14
1_13_06 7
3_2_06 16, 8, 12
7_8_12 8, 16, 4, 12, 13, 5, 9
8_8_04 4, 12, 16, 8, 5, 13, 1, 9
6_28_00 3, 11, 15, 7, 16, 8
7_12_08 7, 15, 3, 11, 12, 4, 8
5_28_06 6, 14, 2, 10, 11
1_21_02 3
6_14_22 15, 7, 11, 3, 8, 16
2_8_00 14, 6
7_15_16 12, 4, 8, 16, 1, 9, 13
7_21_06 5, 13, 1, 9, 6, 14, 2
6_12_04 5, 13, 1, 9, 2, 10
2_2_02 14, 6
1_6_12 4
5_30_06 7, 15, 3, 11, 16
7_28_18 12, 4, 8, 16, 1, 9, 13
7_19_16 9, 1, 5, 13, 2, 10, 14
2_21_22 13, 5
7_28_04 5, 13, 1, 9, 10, 2, 6
5_17_12 7, 15, 3, 11, 8
6_15_22 15, 7, 11, 3, 12, 4
6_8_04 4, 12, 16, 8, 1, 9
5_26_10 8, 16, 4, 12, 5
4_24_18 11, 3, 7, 15
1_12_20 1
7_2_06 4, 12, 16, 8, 1, 9, 13
4_24_08 6, 14, 2, 10
1_21_10 7
5_9_12 9, 1, 5, 13, 10
5_4_22 12, 4, 8, 16, 1
5_24_18 11, 3, 7, 15, 16
4_3_12 7, 15, 3, 11
2_1_02 2, 10
7_21_16 10, 2, 6, 14, 11, 3, 7
4_19_00 1, 9, 13, 5
2_7_20 12, 4
6_30_04 6, 14, 2, 10, 15, 7
2_10_20 9, 1
7_26_10 8, 16, 4, 12, 5, 13, 1
6_2_08 5, 13, 1, 9, 2, 10
2_1_02 2, 10
8_9_06 6, 14, 2, 10, 7, 15, 3, 11
2_10_08 3, 11
8_18_22 12, 4, 8, 16, 13, 5, 9, 1
7_17_18 10, 2, 6, 14, 11, 3, 7
1_21_02 3
1_10_04 1
6_28_16 11, 3, 7, 15, 8, 16
7_4_22 12, 4, 8, 16, 1, 9, 13
8_18_20 11, 3, 7, 15, 12, 4, 8, 16
2_16_08 4, 12
3_10_14 6, 14, 2
8_11_04 5, 13, 1, 9, 6, 14, 2, 10
2_30_08 4, 12
3_17_00 1, 9, 13
8_1_20 11, 3, 7, 15, 12, 4, 8, 16
2_30_14 7, 15
1_11_12 1
2_2_22 8, 16
3_23_20 12, 4, 16
1_11_08 15
4_19_06 4, 12, 16, 8
4_10_16 11, 3, 7, 15
7_11_08 7, 15, 3, 11, 16, 8, 12
3_6_04 16, 8, 12
4_2_12 7, 15, 3, 11
1_25_22 14
5_29_10 9, 1, 5, 13, 6
5_7_20 12, 4, 8, 16, 5
7_2_16 9, 1, 5, 13, 6, 14, 2
7_22_10 7, 15, 3, 11, 4, 12, 16
7_19_20 11, 3, 7, 15, 4, 12, 16
4_31_04 6, 14, 2, 10
1_30_18 9
1_13_06 7
2_21_20 12, 4
4_8_16 10, 2, 6, 14
5_30_06 7, 15, 3, 11, 16
7_1_08 5, 13, 1, 9, 6, 14, 2
4_5_14 9, 1, 5, 13
7_28_16 11, 3, 7, 15, 16, 8, 12
8_20_10 6, 14, 2, 10, 7, 15, 3, 11
4_24_14 9, 1, 5, 13
7_13_08 8, 16, 4, 12, 5, 13, 1
6_14_22 15, 7, 11, 3, 8, 16
4_20_18 10, 2, 6, 14
7_1_18 10, 2, 6, 14, 11, 3, 7
7_7_04 4, 12, 16, 8, 13, 5, 9
5_19_12 7, 15, 3, 11, 16
2_7_12 8, 16
2_21_08 6, 14
7_31_14 11, 3, 7, 15, 16, 8, 12
2_12_20 9, 1
5_11_18 12, 4, 8, 16, 5
4_22_20 12, 4, 8, 16
3_1_08 5, 13, 1
3_12_02 16, 8, 4
3_2_22 8, 16, 4
5_4_14 8, 16, 4, 12, 13
2_28_10 4, 12
5_29_06 7, 15, 3, 11, 4
4_18_22 12, 4, 8, 16
3_9_14 10, 2, 6
2_6_04 16, 8
1_2_04 15
2_22_00 14, 6
7_4_20 11, 3, 7, 15, 16, 8, 12
8_8_12 8, 16, 4, 12, 9, 1, 5, 13
8_9_18 12, 4, 8, 16, 13, 5, 9, 1
2_4_00 13, 5
6_15_18 13, 5, 9, 1, 10, 2
6_19_14 8, 16, 4, 12, 9, 1
7_3_16 9, 1, 5, 13, 2, 10, 14
5_10_00 3, 11, 15, 7, 16
8_4_18 10, 2, 6, 14, 11, 3, 7, 15
3_21_20 12, 4, 8
6_13_14 11, 3, 7, 15, 8, 16
5_31_14 11, 3, 7, 15, 16
6_27_04 5, 13, 1, 9, 6, 14
8_8_02 3, 11, 15, 7, 4, 12, 16, 8
2_2_02 14, 6
5_25_12 9, 1, 5, 13, 10
8_25_00 3, 11, 15, 7, 4, 12, 16, 8
3_10_18 8, 16, 4
3_22_10 3, 11, 15
4_7_08 6, 14, 2, 10
3_26_12 5, 13, 1
3_29_22 15, 7, 11
1_21_00 2
6_21_10 7, 15, 3, 11, 8, 16
6_15_04 6, 14, 2, 10, 3, 11
6_23_12 8, 16, 4, 12, 9, 1
6_1_18 10, 2, 6, 14, 11, 3
5_19_02 2, 10, 14, 6, 11
6_14_22 15, 7, 11, 3, 8, 16
2_30_04 2, 10
1_30_14 7
7_29_06 7, 15, 3, 11, 4, 12, 16
1_31_06 15
4_18_02 2, 10, 14, 6
7_15_16 12, 4, 8, 16, 1, 9, 13
5_10_22 14, 6, 10, 2, 11
2_23_18 11, 3
7_17_18 10, 2, 6, 14, 11, 3, 7
2_23_20 12, 4
5_13_08 8, 16, 4, 12, 5
7_25_20 13, 5, 9, 1, 14, 6, 10
8_24_08 6, 14, 2, 10, 7, 15, 3, 11
1_4_18 14
5_24_18 11, 3, 7, 15, 16
8_29_16 12, 4, 8, 16, 9, 1, 5, 13
7_22_02 3, 11, 15, 7, 16, 8, 12
8_17_18 10, 2, 6, 14, 11, 3, 7, 15
6_8_12 8, 16, 4, 12, 5, 13
2_24_22 9, 1
1_18_16 5
2_19_06 4, 12
2_10_04 1, 9
7_11_16 11, 3, 7, 15, 4, 12, 16
2_20_22 8, 16
4_6_22 13, 5, 9, 1
7_15_16 12, 4, 8, 16, 1, 9, 13
1_5_18 11
5_25_18 12, 4, 8, 16, 13
6_16_22 15, 7, 11, 3, 8, 16
5_31_10 9, 1, 5, 13, 14
8_8_00 2, 10, 14, 6, 3, 11, 15, 7
1_27_06 14
5_28_02 4, 12, 16, 8, 9
3_13_14 11, 3, 7
4_31_04 6, 14, 2, 10
7_17_04 3, 11, 15, 7, 4, 12, 16
1_13_00 4
5_11_16 11, 3, 7, 15, 4
1_7_04 12
4_5_22 13, 5, 9, 1
2_25_10 8, 16
4_15_14 11, 3, 7, 15
7_3_18 10, 2, 6, 14, 3, 11, 15
8_19_10 6, 14, 2, 10, 7, 15, 3, 11
6_12_16 11, 3, 7, 15, 8, 16
6_8_22 13, 5, 9, 1, 10, 2
1_20_00 5
7_25_20 13, 5, 9, 1, 14, 6, 10
6_21_02 3, 11, 15, 7, 4, 12
4_17_04 3, 11, 15, 7
2_31_10 9, 1
5_27_00 3, 11, 15, 7, 12
2_14_12 6, 14
2_31_12 10, 2
3_29_04 6, 14, 2
3_21_12 8, 16, 4
8_19_20 11, 3, 7, 15, 12, 4, 8, 16
6_20_20 11, 3, 7, 15, 8, 16
8_4_18 10, 2, 6, 14, 11, 3, 7, 15
6_16_06 7, 15, 3, 11, 16, 8
7_28_12 9, 1, 5, 13, 14, 6, 10
1_6_00 14
3_22_10 3, 11, 15
2_5_22 13, 5
2_18_18 6, 14
7_16_02 5, 13, 1, 9, 6, 14, 2
4_20_08 5, 13, 1, 9
7_25_22 14, 6, 10, 2, 15, 7, 11
