4_6_20 12, 4, 8, 16
4_6_14 9, 1, 5, 13
1_26_00 15
6_1_08 5, 13, 1, 9, 6, 14
8_2_16 9, 1, 5, 13, 10, 2, 6, 14
6_20_18 10, 2, 6, 14, 7, 15
2_15_14 11, 3
6_11_22 14, 6, 10, 2, 15, 7
2_7_10 7, 15
7_14_10 9, 1, 5, 13, 2, 10, 14
1_23_12 16
5_26_08 7, 15, 3, 11, 4
1_26_10 4
3_24_10 3, 11, 7
4_31_18 13, 5, 9, 1
6_4_02 2, 10, 14, 6, 15, 7
5_6_18 11, 3, 7, 15, 8
8_17_10 6, 14, 2, 10, 7, 15, 3, 11
1_9_02 4
5_16_16 12, 4, 8, 16, 13
4_18_02 2, 10, 14, 6
3_31_04 6, 14, 10
7_26_04 5, 13, 1, 9, 2, 10, 14
2_13_02 5, 13
6_11_18 12, 4, 8, 16, 13, 5
7_3_22 12, 4, 8, 16, 5, 13, 1
4_26_22 14, 6, 10, 2
8_24_00 2, 10, 14, 6, 3, 11, 15, 7
8_10_16 11, 3, 7, 15, 12, 4, 8, 16
7_14_14 11, 3, 7, 15, 4, 12, 16
6_12_22 14, 6, 10, 2, 11, 3
6_22_14 9, 1, 5, 13, 6, 14
4_15_20 14, 6, 10, 2
3_6_20 8, 16, 4
1_7_04 12
3_17_00 1, 9, 13
8_16_06 7, 15, 3, 11, 4, 12, 16, 8
5_16_02 5, 13, 1, 9, 6
8_26_06 6, 14, 2, 10, 7, 15, 3, 11
2_29_20 14, 6
6_13_10 9, 1, 5, 13, 6, 14
5_1_10 6, 14, 2, 10, 7
6_16_10 9, 1, 5, 13, 2, 10
8_11_14 10, 2, 6, 14, 11, 3, 7, 15
1_22_00 14
4_11_06 6, 14, 2, 10
8_5_08 6, 14, 2, 10, 7, 15, 3, 11
4_16_08 8, 16, 4, 12
4_23_14 9, 1, 5, 13
5_15_14 11, 3, 7, 15, 16
4_31_16 12, 4, 8, 16
7_30_06 7, 15, 3, 11, 16, 8, 12
1_9_06 6
5_15_18 13, 5, 9, 1, 2
1_26_06 2
2_19_14 8, 16
4_2_08 5, 13, 1, 9
6_6_08 6, 14, 2, 10, 3, 11
7_27_20 13, 5, 9, 1, 6, 14, 2
8_15_10 9, 1, 5, 13, 6, 14, 2, 10
1_30_02 1
1_26_04 1
8_8_00 2, 10, 14, 6, 3, 11, 15, 7
8_2_04 3, 11, 15, 7, 4, 12, 16, 8
3_27_16 11, 3, 15
2_19_00 1, 9
3_1_18 10, 2, 6
3_5_00 2, 10, 14
1_22_10 3
3_2_10 2, 10, 14
8_27_18 12, 4, 8, 16, 13, 5, 9, 1
3_11_06 6, 14, 10
6_16_18 13, 5, 9, 1, 6, 14
3_17_22 12, 4, 8
4_19_22 12, 4, 8, 16
3_5_20 12, 4, 8
6_15_18 13, 5, 9, 1, 10, 2
2_12_20 9, 1
1_10_20 9
7_17_22 12, 4, 8, 16, 13, 5, 9
8_1_22 12, 4, 8, 16, 13, 5, 9, 1
5_16_14 11, 3, 7, 15, 12
7_16_14 11, 3, 7, 15, 12, 4, 8
8_14_20 14, 6, 10, 2, 11, 3, 7, 15
5_8_12 8, 16, 4, 12, 13
6_17_16 9, 1, 5, 13, 10, 2
2_12_18 8, 16
3_10_00 15, 7, 11
3_22_12 4, 12, 16
7_2_06 4, 12, 16, 8, 1, 9, 13
1_1_08 5
3_10_10 4, 12, 16
6_12_14 10, 2, 6, 14, 7, 15
6_5_18 11, 3, 7, 15, 12, 4
5_20_04 3, 11, 15, 7, 8
1_26_18 8
6_3_18 10, 2, 6, 14, 11, 3
4_10_08 7, 15, 3, 11
4_19_04 3, 11, 15, 7
3_23_20 12, 4, 16
1_12_20 1
2_7_20 12, 4
4_2_12 7, 15, 3, 11
4_5_18 11, 3, 7, 15
5_26_22 14, 6, 10, 2, 11
6_17_00 1, 9, 13, 5, 2, 10
7_28_08 7, 15, 3, 11, 12, 4, 8
4_29_16 12, 4, 8, 16
5_15_20 14, 6, 10, 2, 3
1_13_06 7
8_8_18 11, 3, 7, 15, 12, 4, 8, 16
1_25_06 6
1_20_22 16
1_16_04 10
7_31_10 9, 1, 5, 13, 14, 6, 10
3_24_08 2, 10, 6
6_16_08 8, 16, 4, 12, 1, 9
4_1_16 9, 1, 5, 13
3_23_08 6, 14, 10
3_30_16 8, 16, 4
7_15_18 13, 5, 9, 1, 2, 10, 14
2_11_18 12, 4
8_8_08 6, 14, 2, 10, 7, 15, 3, 11
5_2_08 5, 13, 1, 9, 2
2_20_18 6, 14
2_16_20 10, 2
1_12_20 1
7_23_04 4, 12, 16, 8, 13, 5, 9
4_25_08 7, 15, 3, 11
5_30_22 15, 7, 11, 3, 8
3_9_10 8, 16, 4
4_1_02 2, 10, 14, 6
4_2_18 10, 2, 6, 14
5_27_18 12, 4, 8, 16, 5
6_30_18 13, 5, 9, 1, 6, 14
1_7_22 5
7_20_00 1, 9, 13, 5, 6, 14, 2
8_8_02 3, 11, 15, 7, 4, 12, 16, 8
4_28_04 5, 13, 1, 9
6_26_18 12, 4, 8, 16, 9, 1
8_26_02 4, 12, 16, 8, 5, 13, 1, 9
3_12_04 1, 9, 5
3_4_04 15, 7, 3
5_8_12 8, 16, 4, 12, 13
4_7_02 3, 11, 15, 7
7_3_08 5, 13, 1, 9, 14, 6, 10
4_28_00 3, 11, 15, 7
6_5_22 13, 5, 9, 1, 14, 6
8_27_14 10, 2, 6, 14, 11, 3, 7, 15
2_12_04 1, 9
6_23_22 13, 5, 9, 1, 14, 6
6_19_02 2, 10, 14, 6, 3, 11
3_4_10 2, 10, 6
7_29_10 9, 1, 5, 13, 6, 14, 2
2_6_08 2, 10
1_29_22 15
2_20_10 2, 10
6_8_16 10, 2, 6, 14, 7, 15
3_6_16 6, 14, 2
2_18_08 1, 9
3_9_00 3, 11, 15
7_2_16 9, 1, 5, 13, 6, 14, 2
5_25_10 8, 16, 4, 12, 9
8_3_04 3, 11, 15, 7, 4, 12, 16, 8
1_5_08 6
1_27_14 2
1_15_08 16
2_28_02 16, 8
6_27_22 14, 6, 10, 2, 15, 7
7_2_14 8, 16, 4, 12, 5, 13, 1
2_18_00 13, 5
5_27_00 3, 11, 15, 7, 12
4_12_06 6, 14, 2, 10
6_10_12 9, 1, 5, 13, 6, 14
4_4_10 6, 14, 2, 10
6_14_10 9, 1, 5, 13, 2, 10
7_20_20 11, 3, 7, 15, 16, 8, 12
1_19_10 14
8_21_16 10, 2, 6, 14, 11, 3, 7, 15
1_9_10 8
1_20_16 13
1_2_16 5
1_4_08 9
7_6_04 4, 12, 16, 8, 1, 9, 13
5_19_22 12, 4, 8, 16, 5
8_20_22 12, 4, 8, 16, 13, 5, 9, 1
2_19_14 8, 16
5_29_06 7, 15, 3, 11, 4
5_24_16 10, 2, 6, 14, 15
2_23_08 6, 14
6_20_12 7, 15, 3, 11, 4, 12
2_17_02 2, 10
1_11_20 5
1_19_10 14
3_1_16 9, 1, 5
2_13_04 6, 14
1_25_10 8
5_5_02 3, 11, 15, 7, 4
1_22_22 9
5_14_00 4, 12, 16, 8, 13
7_14_10 9, 1, 5, 13, 2, 10, 14
3_11_06 6, 14, 10
3_8_10 3, 11, 7
1_4_20 15
8_13_04 6, 14, 2, 10, 3, 11, 15, 7
5_23_00 2, 10, 14, 6, 11
7_28_02 4, 12, 16, 8, 9, 1, 5
8_28_12 9, 1, 5, 13, 10, 2, 6, 14
7_2_20 11, 3, 7, 15, 8, 16, 4
2_19_06 4, 12
3_19_22 12, 4, 16
5_17_10 6, 14, 2, 10, 7
4_2_22 12, 4, 8, 16
6_11_16 11, 3, 7, 15, 12, 4
4_16_14 11, 3, 7, 15
8_18_04 3, 11, 15, 7, 4, 12, 16, 8
6_17_08 5, 13, 1, 9, 6, 14
2_13_18 13, 5
5_11_08 7, 15, 3, 11, 16
5_20_12 7, 15, 3, 11, 12
7_15_06 7, 15, 3, 11, 12, 4, 8
6_8_04 4, 12, 16, 8, 1, 9
7_22_20 12, 4, 8, 16, 9, 1, 5
2_29_12 10, 2
7_29_08 8, 16, 4, 12, 5, 13, 1
2_18_02 14, 6
3_9_08 7, 15, 3
2_26_12 5, 13
2_25_02 4, 12
4_17_06 4, 12, 16, 8
7_10_10 8, 16, 4, 12, 5, 13, 1
2_28_06 2, 10
1_9_04 5
1_14_14 7
4_8_10 7, 15, 3, 11
1_24_20 16
4_29_04 6, 14, 2, 10
5_3_16 9, 1, 5, 13, 2
4_13_16 12, 4, 8, 16
3_31_22 15, 7, 3
1_13_16 12
8_15_20 14, 6, 10, 2, 11, 3, 7, 15
7_1_10 6, 14, 2, 10, 7, 15, 3
4_7_18 11, 3, 7, 15
4_26_02 4, 12, 16, 8
7_16_08 8, 16, 4, 12, 9, 1, 5
3_17_18 10, 2, 6
4_28_00 3, 11, 15, 7
3_1_02 2, 10, 14
3_2_02 14, 6, 10
2_10_12 5, 13
3_28_12 5, 13, 9
7_16_20 14, 6, 10, 2, 15, 7, 11
3_9_04 5, 13, 1
6_6_20 12, 4, 8, 16, 9, 1
4_31_08 8, 16, 12
3_22_04 16, 8, 12
2_8_02 15, 7
7_15_08 8, 16, 4, 12, 13, 5, 9
2_15_22 15, 7
3_31_02 5, 13, 9
8_13_00 4, 12, 16, 8, 1, 9, 13, 5
1_27_14 2
1_13_10 9
2_21_12 8, 16
7_2_00 1, 9, 13, 5, 14, 6, 10
7_30_18 13, 5, 9, 1, 6, 14, 2
7_4_06 4, 12, 16, 8, 9, 1, 5
3_31_00 4,12, 8
7_23_16 10, 2, 6, 14, 3, 11, 15
2_21_22 13, 5
8_14_22 15, 7, 11, 3, 12, 4, 8, 16
8_10_14 10, 2, 6, 14, 11, 3, 7, 15
7_26_04 5, 13, 1, 9, 2, 10, 14
5_30_20 14, 6, 10, 2, 7
3_5_02 3, 11, 15
2_1_12 7, 15
4_4_10 6, 14, 2, 10
4_26_00 3, 11, 15, 7
4_10_10 8, 16, 4, 12
2_2_10 2, 10
2_18_04 15, 7
2_5_06 5, 13
7_16_06 7, 15, 3, 11, 8, 16, 4
2_10_06 2, 10
4_10_14 10, 2, 6, 14
3_7_14 9, 1, 13
7_18_14 8, 16, 4, 12, 5, 13, 1
5_18_10 6, 14, 2, 10, 3
5_9_22 14, 6, 10, 2, 15
1_29_02 5
1_10_18 8
5_5_04 4, 12, 16, 8, 5
3_7_18 11, 3, 15
5_12_02 4, 12, 16, 8, 9
6_14_18 13, 5, 9, 1, 6, 14
5_28_00 3, 11, 15, 7, 8
6_15_22 15, 7, 11, 3, 12, 4
7_4_22 12, 4, 8, 16, 1, 9, 13
2_24_22 9, 1
4_23_10 7, 15, 3, 11
8_21_16 10, 2, 6, 14, 11, 3, 7, 15
2_23_10 7, 15
3_11_14 10, 2, 14
8_29_06 7, 15, 3, 11, 4, 12, 16, 8
6_2_08 5, 13, 1, 9, 2, 10
3_28_02 16, 8, 4
1_26_16 7
7_31_12 10, 2, 6, 14, 15, 7, 11
6_18_18 10, 2, 6, 14, 7, 15
8_19_22 12, 4, 8, 16, 13, 5, 9, 1
5_17_06 4, 12, 16, 8, 5
8_24_00 2, 10, 14, 6, 3, 11, 15, 7
3_17_22 12, 4, 8
3_22_16 6, 14, 2
6_8_08 6, 14, 2, 10, 3, 11
4_20_14 8, 16, 4, 12
2_7_18 11, 3
7_21_10 7, 15, 3, 11, 8, 16, 4
7_27_12 9, 1, 5, 13, 2, 10, 14
1_26_18 8
7_23_10 7, 15, 3, 11, 16, 8, 12
4_6_16 10, 2, 6, 14
5_30_10 9, 1, 5, 13, 2
6_6_08 6, 14, 2, 10, 3, 11
1_11_14 2
8_23_22 13, 5, 9, 1, 14, 6, 10, 2
5_20_22 12, 4, 8, 16, 1
1_27_14 2
8_24_12 8, 16, 4, 12, 9, 1, 5, 13
8_15_08 8, 16, 4, 12, 5, 13, 1, 9
2_14_16 8, 16
5_4_18 10, 2, 6, 14, 15
6_8_14 9, 1, 5, 13, 6, 14
1_7_02 11
7_17_14 8, 16, 4, 12, 9, 1, 5
6_31_02 5, 13, 1, 9, 2, 10
2_16_16 8, 16
2_19_14 8, 16
3_24_18 7, 15, 11
5_24_20 12, 4, 8, 16, 1
8_4_20 11, 3, 7, 15, 12, 4, 8, 16
2_2_14 4, 12
7_15_00 4, 12, 16, 8, 9, 1, 5
5_25_00 3, 11, 15, 7, 4
8_16_22 15, 7, 11, 3, 12, 4, 8, 16
5_23_20 12, 4, 8, 16, 5
1_22_14 5
5_11_10 8, 16, 4, 12, 1
2_27_02 4, 12
4_25_10 8, 16, 4, 12
4_11_22 14, 6, 10, 2
3_22_10 3, 11, 15
2_29_20 14, 6
4_2_08 5, 13, 1, 9
1_5_16 10
2_11_08 7, 15
4_1_14 8, 16, 4, 12
2_7_04 4, 12
5_18_04 3, 11, 15, 7, 16
8_24_16 10, 2, 6, 14, 11, 3, 7, 15
3_17_06 4, 12, 16
5_10_02 4, 12, 16, 8, 1
2_28_22 10, 2
5_17_06 4, 12, 16, 8, 5
8_24_20 12, 4, 8, 16, 13, 5, 9, 1
7_2_08 5, 13, 1, 9, 2, 10, 14
2_1_06 4, 12
6_5_04 4, 12, 16, 8, 5, 13
5_11_20 13, 5, 9, 1, 6
1_16_10 13
5_30_12 10, 2, 6, 14, 3
6_30_18 13, 5, 9, 1, 6, 14
5_27_14 10, 2, 6, 14, 3
8_16_20 14, 6, 10, 2, 11, 3, 7, 15
8_1_20 11, 3, 7, 15, 12, 4, 8, 16
3_10_04 1, 9, 13
2_23_08 6, 14
6_25_18 12, 4, 8, 16, 13, 5
4_23_02 3, 11, 15, 7
6_10_12 9, 1, 5, 13, 6, 14
3_18_06 16, 8, 12
1_1_00 1
5_18_02 2, 10, 14, 6, 15
7_4_22 12, 4, 8, 16, 1, 9, 13
1_7_10 15
4_4_08 5, 13, 1, 9
6_14_14 11, 3, 7, 15, 4, 12
1_20_02 6
5_14_00 4, 12, 16, 8, 13
6_27_14 10, 2, 6, 14, 11, 3
1_2_14 4
4_25_10 8, 16, 4, 12
5_28_00 3, 11, 15, 7, 8
6_2_08 5, 13, 1, 9, 2, 10
4_21_20 12, 4, 8, 16
7_22_16 10, 2, 6, 14, 7, 15, 3
2_18_10 2, 10
5_6_00 2, 10, 14, 6, 15
7_2_00 1, 9, 13, 5, 14, 6, 10
4_26_22 14, 6, 10, 2
8_5_22 13, 5, 9, 1, 14, 6, 10, 2
8_5_00 2, 10, 14, 6, 3, 11, 15, 7
1_12_16 15
5_21_18 11, 3, 7, 15, 12
1_20_04 7
8_1_04 3, 11, 15, 7, 4, 12, 16, 8
2_19_10 6, 14
3_17_02 2, 10, 14
6_15_16 12, 4, 8, 16, 9, 1
1_25_20 13
7_29_08 8, 16, 4, 12, 5, 13, 1
3_18_12 3, 11, 15
1_23_00 10
6_17_06 4, 12, 16, 8, 5, 13
7_8_18 11, 3, 7, 15, 16, 8, 12
7_13_04 6, 14, 2, 10, 3, 11, 15
6_6_08 6, 14, 2, 10, 3, 11
4_6_08 6, 14, 2, 10
2_3_02 2, 10
8_23_00 2, 10, 14, 6, 3, 11, 15, 7
3_16_18 9, 1, 13
2_7_12 8, 16
3_15_12 10, 2, 14
5_14_14 11, 3, 7, 15, 4
7_31_22 15, 7, 11, 3, 4, 12, 16
6_15_04 6, 14, 2, 10, 3, 11
4_4_06 4, 12, 16, 8
5_3_10 6, 14, 2, 10, 15
6_28_22 14, 6, 10, 2, 11, 3
2_15_20 14, 6
1_25_18 12
2_5_12 8, 16
5_17_04 3, 11, 15, 7, 4
1_6_10 3
4_14_00 4,12, 16, 8
5_20_10 6, 14, 2, 10, 11
2_24_20 8, 16
7_10_18 12, 4, 8, 16, 9, 1, 5
7_31_20 14, 6, 10, 2, 3, 11, 15
6_30_08 8, 16, 4, 12, 1, 9
1_10_00 15
7_28_16 11, 3, 7, 15, 16, 8, 12
3_9_00 3, 11, 15
5_16_04 6, 14, 2, 10, 7
2_5_20 12, 4
5_19_14 8, 16, 4, 12, 1
2_5_20 12, 4
5_13_02 5, 13, 1, 9, 2
5_11_20 13, 5, 9, 1, 6
7_6_20 12, 4, 8, 16, 9, 1, 5
2_5_08 6, 14
5_24_00 2, 10, 14, 6, 7
6_22_06 5, 13, 1, 9, 2, 10
2_17_02 2, 10
4_21_08 6, 14, 2, 10
3_12_20 9, 1, 13
2_24_02 15, 7
4_23_08 6, 14, 2, 10
6_27_20 13, 5, 9, 1, 14, 6
5_3_16 9, 1, 5, 13, 2
1_29_02 5
4_16_08 8, 16, 4, 12
7_24_10 7, 15, 3, 11, 12, 4, 8
6_7_22 13, 5, 9, 1, 14, 6
5_25_18 12, 4, 8, 16, 13
1_13_10 9
2_21_14 9, 1
2_12_16 7, 15
1_27_06 14
8_16_12 10, 2, 6, 14, 7, 15, 3, 11
3_22_00 14, 6, 10
3_17_12 7, 15, 3
7_6_08 6, 14, 2, 10, 3, 11, 15
4_18_08 5, 13, 1, 9
4_21_00 2, 10, 14, 6
2_13_08 8, 16
4_14_22 15, 7, 11, 3
4_20_06 4, 12, 16, 8
4_28_22 14, 6, 10, 2
1_16_04 10
5_9_12 9, 1, 5, 13, 10
1_6_08 2
7_29_04 6, 14, 2, 10, 3, 11, 15
3_20_20 7, 15, 11
5_19_10 6, 14, 2, 10, 15
5_2_16 9, 1, 5, 13, 6
8_20_14 8, 16, 4, 12, 9, 1, 5, 13
7_29_02 5, 13, 1, 9, 2, 10, 14
3_24_22 9, 1, 13
6_3_22 12, 4, 8, 16, 13, 5
1_21_22 13
5_28_16 11, 3, 7, 15, 16
8_11_12 9, 1, 5, 13, 10, 2, 6, 14
5_1_20 11, 3, 7, 15, 12
6_6_02 3, 11, 15, 7, 16, 8
2_23_16 10, 2
7_3_22 12, 4, 8, 16, 5, 13, 1
3_4_04 15, 7, 3
5_20_02 2, 10, 14, 6, 7
4_23_20 12, 4, 8, 16
8_3_08 5, 13, 1, 9, 6, 14, 2, 10
5_16_20 14, 6, 10, 2, 15
5_15_06 7, 15, 3, 11, 12
7_13_12 10, 2, 6, 14, 7, 15, 3
5_19_12 7, 15, 3, 11, 16
4_23_04 4, 12, 16, 8
4_23_14 9, 1, 5, 13
8_5_16 10, 2, 6, 14, 11, 3, 7, 15
1_21_04 4
5_20_22 12, 4, 8, 16, 1
6_29_02 5, 13, 1, 9, 2, 10
1_24_14 13
6_11_22 14, 6, 10, 2, 15, 7
6_21_16 10, 2, 6, 14, 11, 3
6_26_18 12, 4, 8, 16, 9, 1
5_31_00 4, 12, 16, 8, 9
1_8_14 13
8_8_22 13, 5, 9, 1, 14, 6, 10, 2
1_18_00 13
3_28_18 8, 16, 12
5_6_12 8, 16, 4, 12, 5
2_28_14 6, 14
4_20_04 3, 11, 15, 7
8_18_18 10, 2, 6, 14, 11, 3, 7, 15
4_5_08 6, 14, 2, 10
3_2_22 8, 16, 4
3_24_06 1, 9, 5
8_8_16 10, 2, 6, 14, 11, 3, 7, 15
6_17_18 10, 2, 6, 14, 11, 3
3_1_22 12, 4, 8
2_1_02 2, 10
5_30_12 10, 2, 6, 14, 3
2_17_16 9, 1
4_24_22 13, 5, 9, 1
7_13_12 10, 2, 6, 14, 7, 15, 3
3_27_18 12, 4, 16
7_13_00 4, 12, 16, 8, 1, 9, 13
5_12_06 6, 14, 2, 10, 11
3_30_08 4, 12, 16
6_12_04 5, 13, 1, 9, 2, 10
8_2_16 9, 1, 5, 13, 10, 2, 6, 14
4_21_14 9, 1, 5, 13
7_26_12 9, 1, 5, 13, 6, 14, 2
6_10_16 11, 3, 7, 15, 8, 16
4_5_20 12, 4, 8, 16
3_31_18 13, 5, 1
3_15_22 15, 7, 3
6_10_18 12, 4, 8, 16, 9, 1
2_1_06 4, 12
3_11_16 11, 3, 15
7_3_10 6, 14, 2, 10, 15, 7, 11
7_26_04 5, 13, 1, 9, 2, 10, 14
8_17_08 5, 13, 1, 9, 6, 14, 2, 10
3_16_00 16, 8, 4
5_22_02 3, 11, 15, 7, 16
6_31_08 8, 16, 4, 12, 5, 13
4_22_08 6, 14, 2, 10
4_5_00 2, 10, 14, 6
2_9_16 11, 3
2_2_12 3, 11
4_2_00 1, 9, 13, 5
4_20_08 5, 13, 1, 9
1_28_02 8
7_21_00 2, 10, 14, 6, 3, 11, 15
4_4_16 9, 1, 5, 13
5_4_20 11, 3, 7, 15, 16
4_16_22 15, 7, 11, 3
7_16_08 8, 16, 4, 12, 9, 1, 5
8_1_02 2, 10, 14, 6, 3, 11, 15, 7
7_22_12 8, 16, 4, 12, 5, 13, 1
2_2_10 2, 10
5_2_04 3, 11, 15, 7, 16
4_29_20 14, 6, 10, 2
4_30_06 7, 15, 3, 11
7_25_16 11, 3, 7, 15, 12, 4, 8
2_5_14 9, 1
4_19_10 6, 14, 2, 10
3_30_20 10, 2, 6
4_13_22 15, 7, 11, 3
6_22_00 2, 10, 14, 6, 15, 7
4_4_20 11, 3, 7, 15
1_20_16 13
4_2_18 10, 2, 6, 14
1_28_10 12
4_3_18 10, 2, 6, 14
3_19_10 6, 14, 10
4_30_06 7, 15, 3, 11
2_3_08 5, 13
8_10_20 13, 5, 9, 1, 14, 6, 10, 2
3_31_14 11, 3, 15
8_15_16 12, 4, 8, 16, 9, 1, 5, 13
5_30_20 14, 6, 10, 2, 7
7_19_16 9, 1, 5, 13, 2, 10, 14
1_28_00 7
4_15_04 6, 14, 2, 10
6_5_22 13, 5, 9, 1, 14, 6
5_5_06 5, 13, 1, 9, 6
1_17_10 6
1_25_04 5
2_13_20 14, 6
4_16_02 5, 13, 1, 9
7_3_18 10, 2, 6, 14, 3, 11, 15
4_2_02 2, 10, 14, 6
4_4_00 1, 9, 13, 5
5_19_14 8, 16, 4, 12, 1
2_11_12 9, 1
7_8_10 7, 15, 3, 11, 12, 4, 8
3_19_10 6, 14, 10
6_15_22 15, 7, 11, 3, 12, 4
4_2_10 6, 14, 2, 10
3_23_10 7, 15, 11
3_22_00 14, 6, 10
8_4_10 6, 14, 2, 10, 7, 15, 3, 11
2_3_22 12, 4
7_9_18 12, 4, 8, 16, 13, 5, 9
2_11_02 4, 12
7_31_00 4, 12, 16, 8, 9, 1, 5
3_3_10 6, 14, 10
8_30_06 7, 15, 3, 11, 4, 12, 16, 8
4_20_00 1, 9, 13, 5
6_23_20 12, 4, 8, 16, 13, 5
2_11_20 13, 5
2_21_18 11, 3
2_24_18 7, 15
8_17_02 2, 10, 14, 6, 3, 11, 15, 7
5_8_02 3, 11, 15, 7, 8
1_21_04 4
6_9_20 13, 5, 9, 1, 14, 6
1_9_10 8
5_4_16 9, 1, 5, 13, 14
1_26_14 6
1_22_08 2
3_10_20 9, 1, 5
2_21_10 7, 15
1_15_22 7
6_20_08 5, 13, 1, 9, 2, 10
5_23_10 7, 15, 3, 11, 16
5_14_06 7, 15, 3, 11, 16
8_12_22 14, 6, 10, 2, 15, 7, 11, 3
3_29_04 6, 14, 2
4_6_12 8, 16, 4, 12
5_28_16 11, 3, 7, 15, 16
7_5_04 4, 12, 16, 8, 5, 13, 1
1_3_14 16
1_8_02 7
7_16_22 15, 7, 11, 3, 16, 8, 12
8_23_20 12, 4, 8, 16, 13, 5, 9, 1
7_11_22 14, 6, 10, 2, 7, 15, 3
1_18_06 16
8_24_12 8, 16, 4, 12, 9, 1, 5, 13
1_20_10 10
4_6_06 5, 13, 1, 9
3_20_00 13, 5, 1
1_3_08 13
7_31_02 5, 13, 1, 9, 10, 2, 6
3_11_00 3, 11, 7
2_4_16 5, 13
8_4_10 6, 14, 2, 10, 7, 15, 3, 11
8_3_14 8, 16, 4, 12, 9, 1, 5, 13
4_5_10 7, 15, 3, 11
1_24_18 15
3_21_04 4, 12, 16
8_3_12 7, 15, 3, 11, 8, 16, 4, 12
7_26_22 14, 6, 10, 2, 11, 3, 7
8_1_18 10, 2, 6, 14, 11, 3, 7, 15
1_29_12 10
2_12_00 15, 7
7_17_20 11, 3, 7, 15, 12, 4, 8
4_16_10 9, 1, 5, 13
1_23_22 5
7_20_12 7, 15, 3, 11, 12, 4, 8
2_4_02 14, 6
1_18_06 16
4_18_02 2, 10, 14, 6
3_20_10 2, 10, 6
6_8_18 11, 3, 7, 15, 8, 16
3_1_16 9, 1, 5
6_3_04 3, 11, 15, 7, 4, 12
7_1_14 8, 16, 4, 12, 9, 1, 5
5_14_08 8, 16, 4, 12, 1
8_27_04 5, 13, 1, 9, 6, 14, 2, 10
3_23_18 11, 3, 15
7_24_20 12, 4, 8, 16, 1, 9, 13
7_19_00 1, 9, 13, 5, 10, 2, 6
5_6_08 6, 14, 2, 10, 3
6_3_16 9, 1, 5, 13, 10, 2
1_26_06 2
3_10_08 3, 11, 15
1_4_06 8
3_16_10 5, 13, 9
6_15_08 8, 16, 4, 12, 5, 13
7_4_16 9, 1, 5, 13, 14, 6, 10
2_5_20 12, 4
4_28_14 10, 2, 6, 14
4_18_16 9, 1, 5, 13
5_6_00 2, 10, 14, 6, 15
2_18_20 7, 15
5_21_08 6, 14, 2, 10, 7
6_17_18 10, 2, 6, 14, 11, 3
5_16_18 13, 5, 9, 1, 14
4_6_22 13, 5, 9, 1
6_24_12 8, 16, 4, 12, 5, 13
2_16_14 7, 15
5_12_18 12, 4, 8, 16, 1
7_12_16 11, 3, 7, 15, 16, 8, 12
1_25_22 14
4_24_00 2, 10, 14, 6
6_6_16 10, 2, 6, 14, 7, 15
6_12_16 11, 3, 7, 15, 8, 16
4_9_06 6, 14, 2, 10
2_23_20 12, 4
8_11_10 8, 16, 4, 12, 9, 1, 5, 13
5_13_04 6, 14, 2, 10, 3
7_28_06 6, 14, 2, 10, 11, 3, 7
5_14_10 9, 1, 5, 13, 2
7_23_16 10, 2, 6, 14, 3, 11, 15
2_6_14 5, 13
6_29_00 4, 12, 16, 8, 1, 9
4_23_12 8, 16, 4, 12
2_7_06 5, 13
1_25_12 9
8_19_00 1, 9, 13, 5, 2, 10, 14, 6
8_7_00 2, 10, 14, 6, 3, 11, 15, 7
5_7_00 2, 10, 14, 6, 11
1_10_12 5
1_31_14 3
7_5_14 9, 1, 5, 13, 10, 2, 6
7_12_04 5, 13, 1, 9, 10, 2, 6
3_30_04 2, 10, 14
3_31_04 6, 14, 10
2_9_02 4, 12
8_6_12 8, 16, 4, 12, 9, 1, 5, 13
6_9_02 4, 12, 16, 8, 5, 13
1_26_18 8
6_22_18 11, 3, 7, 15, 8, 16
5_10_06 6, 14, 2, 10, 3
2_14_10 5, 13
7_18_14 8, 16, 4, 12, 5, 13, 1
3_26_16 7, 15, 3
8_4_08 5, 13, 1, 9, 6, 14, 2, 10
5_7_02 3, 11, 15, 7, 12
2_9_10 8, 16
3_24_00 14, 6, 2
1_16_18 1
8_20_20 11, 3, 7, 15, 12, 4, 8, 16
4_16_02 5, 13, 1, 9
7_12_10 8, 16, 4, 12, 13, 5, 9
4_21_16 10, 2, 6, 14
1_23_14 1
3_4_10 2, 10, 6
2_8_20 8, 16
5_13_08 8, 16, 4, 12, 5
1_2_22 8
3_31_04 6, 14, 10
3_22_20 8, 16, 4
5_17_02 2, 10, 14, 6, 3
5_1_20 11, 3, 7, 15, 12
8_27_04 5, 13, 1, 9, 6, 14, 2, 10
2_10_04 1, 9
7_8_08 6, 14, 2, 10, 11, 3, 7
2_5_12 8, 16
2_9_14 10, 2
5_22_12 8, 16, 4, 12, 5
1_21_22 13
3_27_02 4, 12, 8
6_12_04 5, 13, 1, 9, 2, 10
8_24_22 13, 5, 9, 1, 14, 6, 10, 2
8_22_14 9, 1, 5, 13, 10, 2, 6, 14
2_21_14 9, 1
2_4_12 3, 11
6_9_10 8, 16, 4, 12, 9, 1
8_7_00 2, 10, 14, 6, 3, 11, 15, 7
1_8_08 10
1_27_12 1
7_17_20 11, 3, 7, 15, 12, 4, 8
1_13_16 12
3_20_00 13, 5, 1
6_16_08 8, 16, 4, 12, 1, 9
1_19_22 4
3_14_20 10, 2, 6
7_1_08 5, 13, 1, 9, 6, 14, 2
8_16_06 7, 15, 3, 11, 4, 12, 16, 8
3_10_02 16, 8, 12
5_23_02 3, 11, 15, 7, 12
6_22_02 3, 11, 15, 7, 16, 8
1_16_12 14
5_6_08 6, 14, 2, 10, 3
7_3_12 7, 15, 3, 11, 16, 8, 12
5_24_22 13, 5, 9, 1, 2
7_17_10 6, 14, 2, 10, 7, 15, 3
2_12_12 5, 13
2_8_20 8, 16
1_1_08 5
1_24_00 6
1_7_02 11
7_12_00 3, 11, 15, 7, 8, 16, 4
2_20_02 14, 6
1_9_02 4
4_7_04 4, 12, 16, 8
7_3_16 9, 1, 5, 13, 2, 10, 14
7_5_04 4, 12, 16, 8, 5, 13, 1
2_8_00 14, 6
5_27_18 12, 4, 8, 16, 5
2_2_16 5, 13
8_19_00 1, 9, 13, 5, 2, 10, 14, 6
2_20_22 8, 16
3_14_14 7, 15, 3
4_29_14 11, 3, 7, 15
2_19_00 1, 9
6_17_00 1, 9, 13, 5, 2, 10
6_12_22 14, 6, 10, 2, 11, 3
5_28_02 4, 12, 16, 8, 9
2_15_06 7, 15
7_19_18 10, 2, 6, 14, 3, 11, 15
6_24_06 5, 13, 1, 9, 2, 10
1_30_20 10
6_13_12 10, 2, 6, 14, 7, 15
7_13_08 8, 16, 4, 12, 5, 13, 1
2_9_16 11, 3
6_5_08 6, 14, 2, 10, 7, 15
1_13_00 4
5_30_04 6, 14, 2, 10, 15
5_17_10 6, 14, 2, 10, 7
6_8_10 7, 15, 3, 11, 4, 12
2_31_14 11, 3
8_14_06 7, 15, 3, 11, 4, 12, 16, 8
1_26_18 8
4_12_20 13, 5, 9, 1
7_21_10 7, 15, 3, 11, 8, 16, 4
6_24_06 5, 13, 1, 9, 2, 10
5_12_18 12, 4, 8, 16, 1
7_14_22 15, 7, 11, 3, 8, 16, 4
7_11_22 14, 6, 10, 2, 7, 15, 3
8_20_00 1, 9, 13, 5, 2, 10, 14, 6
3_7_00 2, 10, 6
8_30_18 13, 5, 9, 1, 10, 2, 6, 14
3_17_08 5, 13, 1
8_27_06 6, 14, 2, 10, 7, 15, 3, 11
4_15_02 5, 13, 1, 9
2_19_06 4, 12
8_29_18 13, 5, 9, 1, 10, 2, 6, 14
4_18_20 11, 3, 7, 15
2_24_02 15, 7
1_17_20 11
2_21_14 9, 1
1_4_04 7
2_10_04 1, 9
1_20_12 11
3_5_16 10, 2, 6
5_23_20 12, 4, 8, 16, 5
5_31_10 9, 1, 5, 13, 14
6_19_04 3, 11, 15, 7, 4, 12
8_15_22 15, 7, 11, 3, 12, 4, 8, 16
4_21_00 2, 10, 14, 6
5_23_14 9, 1, 5, 13, 2
3_2_00 13, 5, 9
7_17_04 3, 11, 15, 7, 4, 12, 16
8_4_18 10, 2, 6, 14, 11, 3, 7, 15
1_25_02 4
4_2_00 1, 9, 13, 5
5_18_06 4, 12, 16, 8, 1
8_11_14 10, 2, 6, 14, 11, 3, 7, 15
6_26_08 7, 15, 3, 11, 4, 12
7_18_04 3, 11, 15, 7, 16, 8, 12
4_2_00 1, 9, 13, 5
5_16_00 4, 12, 16, 8, 5
7_2_06 4, 12, 16, 8, 1, 9, 13
2_22_20 8, 16
6_9_00 3, 11, 15, 7, 4, 12
2_18_02 14, 6
2_14_20 10, 2
4_17_14 8, 16, 4, 12
5_9_02 4, 12, 16, 8, 5
5_16_22 15, 7, 11, 3, 16
3_29_22 15, 7, 11
3_21_08 6, 14, 2
3_24_08 2, 10, 6
5_25_20 13, 5, 9, 1, 14
8_8_16 10, 2, 6, 14, 11, 3, 7, 15
8_13_10 9, 1, 5, 13, 6, 14, 2, 10
7_3_20 11, 3, 7, 15, 4, 12, 16
8_10_08 7, 15, 3, 11, 8, 16, 4, 12
7_17_16 9, 1, 5, 13, 10, 2, 6
2_3_06 4, 12
4_17_00 1, 9, 13, 5
8_12_04 5, 13, 1, 9, 6, 14, 2, 10
5_23_14 9, 1, 5, 13, 2
7_15_12 10, 2, 6, 14, 15, 7, 11
3_9_00 3, 11, 15
8_29_08 8, 16, 4, 12, 5, 13, 1, 9
2_11_02 4, 12
7_3_10 6, 14, 2, 10, 15, 7, 11
1_17_10 6
4_29_10 9, 1, 5, 13
2_3_12 7, 15
7_18_14 8, 16, 4, 12, 5, 13, 1
2_24_14 5, 13
7_9_22 14, 6, 10, 2, 15, 7, 11
8_11_06 6, 14, 2, 10, 7, 15, 3, 11
6_8_22 13, 5, 9, 1, 10, 2
3_24_12 4, 12, 8
4_28_16 11, 3, 7, 15
8_30_14 11, 3, 7, 15, 8, 16, 4, 12
8_8_00 2, 10, 14, 6, 3, 11, 15, 7
2_28_22 10, 2
7_18_08 5, 13, 1, 9, 2, 10, 14
7_23_00 2, 10, 14, 6, 11, 3, 7
4_12_14 10, 2, 6, 14
6_29_14 11, 3, 7, 15, 8, 16
7_8_10 7, 15, 3, 11, 12, 4, 8
8_15_18 13, 5, 9, 1, 10, 2, 6, 14
1_12_10 12
4_8_10 7, 15, 3, 11
8_24_08 6, 14, 2, 10, 7, 15, 3, 11
1_26_04 1
2_21_10 7, 15
7_12_14 10, 2, 6, 14, 15, 7, 11
4_21_18 11, 3, 7, 15
3_13_20 14, 6, 10
4_7_16 10, 2, 6, 14
2_30_04 2, 10
8_8_10 7, 15, 3, 11, 8, 16, 4, 12
7_13_04 6, 14, 2, 10, 3, 11, 15
2_9_12 9, 1
1_12_08 11
8_14_14 11, 3, 7, 15, 8, 16, 4, 12
1_23_06 13
1_30_00 16
7_23_14 9, 1, 5, 13, 2, 10, 14
8_3_22 12, 4, 8, 16, 13, 5, 9, 1
6_29_06 7, 15, 3, 11, 4, 12
7_23_10 7, 15, 3, 11, 16, 8, 12
5_14_12 10, 2, 6, 14, 3
2_5_18 11, 3
4_28_16 11, 3, 7, 15
8_16_00 4, 12, 16, 8, 1, 9, 13, 5
4_3_00 1, 9, 13, 5
7_27_08 7, 15, 3, 11, 16, 8, 12
3_9_06 6, 14, 2
2_18_20 7, 15
5_21_10 7, 15, 3, 11, 8
5_30_16 12, 4, 8, 16, 5
3_16_00 16, 8, 4
4_28_08 7, 15, 3, 11
5_20_12 7, 15, 3, 11, 12
4_18_18 10, 2, 6, 14
4_13_20 14, 6, 10, 2
7_2_04 3, 11, 15, 7, 16, 8, 12
5_8_10 7, 15, 3, 11, 12
2_11_22 14, 6
2_27_00 3, 11
8_2_16 9, 1, 5, 13, 10, 2, 6, 14
7_28_16 11, 3, 7, 15, 16, 8, 12
8_15_10 9, 1, 5, 13, 6, 14, 2, 10
4_28_16 11, 3, 7, 15
1_28_22 2
1_8_08 10
7_31_10 9, 1, 5, 13, 14, 6, 10
1_16_20 2
5_11_18 12, 4, 8, 16, 5
4_23_00 2, 10, 14, 6
8_23_06 5, 13, 1, 9, 6, 14, 2, 10
2_5_20 12, 4
5_21_04 4, 12, 16, 8, 5
2_25_22 14, 6
6_12_20 13, 5, 9, 1, 10, 2
1_4_16 13
4_9_20 13, 5, 9, 1
8_13_22 15, 7, 11, 3, 12, 4, 8, 16
1_21_12 8
5_23_10 7, 15, 3, 11, 16
6_15_18 13, 5, 9, 1, 10, 2
8_23_12 8, 16, 4, 12, 9, 1, 5, 13
8_30_16 12, 4, 8, 16, 9, 1, 5, 13
8_15_22 15, 7, 11, 3, 12, 4, 8, 16
3_24_08 2, 10, 6
1_5_14 9
7_29_04 6, 14, 2, 10, 3, 11, 15
8_9_00 3, 11, 15, 7, 4, 12, 16, 8
7_31_16 12, 4, 8, 16, 1, 9, 13
7_5_12 8, 16, 4, 12, 9, 1, 5
3_12_16 7, 15, 11
6_4_20 11, 3, 7, 15, 8, 16
4_11_02 4, 12, 16, 8
7_21_04 4, 12, 16, 8, 5, 13, 1
7_21_06 5, 13, 1, 9, 6, 14, 2
1_16_18 1
2_19_14 8, 16
5_29_10 9, 1, 5, 13, 6
3_9_08 7, 15, 3
6_22_16 10, 2, 6, 14, 7, 15
5_22_00 2, 10, 14, 6, 15
4_11_18 12, 4, 8, 16
8_28_08 7, 15, 3, 11, 8, 16, 4, 12
2_23_10 7, 15
4_1_04 3, 11, 15, 7
4_5_04 4, 12, 16, 8
4_19_18 10, 2, 6, 14
7_14_08 8, 16, 4, 12, 1, 9, 13
7_16_18 13, 5, 9, 1, 14, 6, 10
8_13_04 6, 14, 2, 10, 3, 11, 15, 7
1_24_22 1
3_1_14 8, 16, 4
5_7_14 9, 1, 5, 13, 2
5_11_18 12, 4, 8, 16, 5
4_7_06 5, 13, 1, 9
6_26_16 11, 3, 7, 15, 8, 16
6_29_10 9, 1, 5, 13, 6, 14
7_14_20 14, 6, 10, 2, 7, 15, 3
8_9_06 6, 14, 2, 10, 7, 15, 3, 11
5_5_06 5, 13, 1, 9, 6
5_27_02 4, 12, 16, 8, 13
2_3_20 11, 3
6_8_00 2, 10, 14, 6, 15, 7
3_7_10 7, 15, 11
1_18_02 14
7_18_12 7, 15, 3, 11, 4, 12, 16
6_9_20 13, 5, 9, 1, 14, 6
5_13_18 13, 5, 9, 1, 10
2_28_16 7, 15
4_2_20 11, 3, 7, 15
8_26_08 7, 15, 3, 11, 8, 16, 4, 12
4_29_20 14, 6, 10, 2
8_26_02 4, 12, 16, 8, 5, 13, 1, 9
8_6_10 7, 15, 3, 11, 8, 16, 4, 12
1_2_02 14
4_5_10 7, 15, 3, 11
6_10_18 12, 4, 8, 16, 9, 1
5_12_02 4, 12, 16, 8, 9
8_4_00 1, 9, 13, 5, 2, 10, 14, 6
7_1_02 2, 10, 14, 6, 3, 11, 15
5_29_00 4, 12, 16, 8, 1
6_15_10 9, 1, 5, 13, 6, 14
1_31_22 7
2_16_02 1, 9
8_31_04 6, 14, 2, 10, 3, 11, 15, 7
3_17_06 4, 12, 16
5_26_06 6, 14, 2, 10, 3
4_17_20 11, 3, 7, 15
4_5_14 9, 1, 5, 13
2_4_16 5, 13
6_17_10 6, 14, 2, 10, 7, 15
6_16_20 14, 6, 10, 2, 7, 15
4_22_02 3, 11, 15, 7
2_4_12 3, 11
3_2_08 1, 9, 13
2_1_08 5, 13
4_16_16 12, 4, 8, 16
3_22_04 16, 8, 12
8_1_18 10, 2, 6, 14, 11, 3, 7, 15
4_11_14 10, 2, 6, 14
8_1_00 1, 9, 13, 5, 2, 10, 14, 6
5_8_20 12, 4, 8, 16, 1
7_28_14 10, 2, 6, 14, 15, 7, 11
4_23_04 4, 12, 16, 8
3_20_08 1, 9, 5
1_1_02 2
5_2_04 3, 11, 15, 7, 16
8_4_12 7, 15, 3, 11, 8, 16, 4, 12
7_10_16 11, 3, 7, 15, 8, 16, 4
5_17_08 5, 13, 1, 9, 6
1_6_16 6
2_17_16 9, 1
4_26_12 9, 1, 5, 13
2_2_10 2, 10
4_9_00 3, 11, 15, 7
6_8_16 10, 2, 6, 14, 7, 15
3_19_06 4, 12, 8
8_24_06 5, 13, 1, 9, 6, 14, 2, 10
4_30_20 14, 6, 10, 2
3_9_14 10, 2, 6
4_26_06 6, 14, 2, 10
2_5_18 11, 3
4_6_22 13, 5, 9, 1
7_14_14 11, 3, 7, 15, 4, 12, 16
2_27_22 14, 6
8_30_22 15, 7, 11, 3, 12, 4, 8, 16
3_22_18 7, 15, 3
1_2_22 8
6_8_02 3, 11, 15, 7, 16, 8
4_5_18 11, 3, 7, 15
2_30_18 9, 1
2_13_14 11, 3
1_31_10 1
3_12_22 10, 2, 14
8_4_16 9, 1, 5, 13, 10, 2, 6, 14
7_2_02 2, 10, 14, 6, 15, 7, 11
4_3_06 4, 12, 16, 8
8_21_10 7, 15, 3, 11, 8, 16, 4, 12
4_27_18 12, 4, 8, 16
5_31_14 11, 3, 7, 15, 16
1_4_16 13
5_26_02 4, 12, 16, 8, 1
7_17_10 6, 14, 2, 10, 7, 15, 3
2_24_12 4, 12
7_30_08 8, 16, 4, 12, 1, 9, 13
4_12_18 12, 4, 8, 16
8_15_20 14, 6, 10, 2, 11, 3, 7, 15
8_12_08 7, 15, 3, 11, 8, 16, 4, 12
6_16_18 13, 5, 9, 1, 6, 14
8_6_00 2, 10, 14, 6, 3, 11, 15, 7
7_25_06 6, 14, 2, 10, 7, 15, 3
7_30_22 15, 7, 11, 3, 8, 16, 4
2_12_02 16, 8
8_10_14 10, 2, 6, 14, 11, 3, 7, 15
3_1_16 9, 1, 5
1_20_04 7
2_5_10 7, 15
4_5_10 7, 15, 3, 11
1_14_06 3
4_21_08 6, 14, 2, 10
3_30_06 3, 11, 15
2_19_22 12, 4
7_23_20 12, 4, 8, 16, 5, 13, 1
6_7_12 8, 16, 4, 12, 9, 1
3_7_14 9, 1, 13
1_29_16 12
4_21_16 10, 2, 6, 14
1_25_16 11
3_8_12 4, 12, 8
3_7_04 4, 12, 8
8_27_18 12, 4, 8, 16, 13, 5, 9, 1
1_12_20 1
1_22_20 8
6_20_16 9, 1, 5, 13, 6, 14
6_27_14 10, 2, 6, 14, 11, 3
3_3_10 6, 14, 10
6_16_10 9, 1, 5, 13, 2, 10
2_11_14 10, 2
5_1_10 6, 14, 2, 10, 7
8_23_16 10, 2, 6, 14, 11, 3, 7, 15
4_12_08 7, 15, 3, 11
8_27_06 6, 14, 2, 10, 7, 15, 3, 11
4_12_22 14, 6, 10, 2
2_4_22 8, 16
1_10_06 2
3_18_12 3, 11, 15
3_15_00 4,12, 8
4_21_04 4, 12, 16, 8
4_11_22 14, 6, 10, 2
2_3_16 9, 1
7_16_12 10, 2, 6, 14, 11, 3, 7
3_28_08 3, 11, 7
6_10_18 12, 4, 8, 16, 9, 1
8_9_12 9, 1, 5, 13, 10, 2, 6, 14
1_23_06 13
6_12_12 9, 1, 5, 13, 6, 14
3_10_06 2, 10, 14
7_10_14 10, 2, 6, 14, 7, 15, 3
3_10_20 9, 1, 5
4_13_18 13, 5, 9, 1
8_28_14 10, 2, 6, 14, 11, 3, 7, 15
7_8_00 2, 10, 14, 6, 7, 15, 3
1_28_02 8
4_26_22 14, 6, 10, 2
5_24_10 7, 15, 3, 11, 12
6_10_22 14, 6, 10, 2, 11, 3
2_24_16 6, 14
6_26_10 8, 16, 4, 12, 5, 13
6_4_18 10, 2, 6, 14, 7, 15
5_21_02 3, 11, 15, 7, 4
6_4_06 4, 12, 16, 8, 1, 9
7_31_10 9, 1, 5, 13, 14, 6, 10
8_2_16 9, 1, 5, 13, 10, 2, 6, 14
6_18_12 7, 15, 3, 11, 4, 12
6_14_18 13, 5, 9, 1, 6, 14
2_6_02 15, 7
3_28_16 7, 15, 11
7_28_06 6, 14, 2, 10, 11, 3, 7
1_27_16 3
6_3_14 8, 16, 4, 12, 9, 1
2_4_02 14, 6
3_1_10 6, 14, 2
3_30_16 8, 16, 4
2_28_12 5, 13
1_26_18 8
1_27_18 4
3_26_06 2, 10, 14
4_3_04 3, 11, 15, 7
6_10_10 8, 16, 4, 12, 5, 13
3_25_06 6, 14, 2
3_27_14 10, 2, 14
5_7_04 4, 12, 16, 8, 13
1_20_20 15
2_14_20 10, 2
4_19_10 6, 14, 2, 10
1_15_04 14
1_23_04 12
8_14_16 12, 4, 8, 16, 9, 1, 5, 13
4_22_00 2, 10, 14, 6
8_6_08 6, 14, 2, 10, 7, 15, 3, 11
6_12_00 3, 11, 15, 7, 16, 8
5_27_02 4, 12, 16, 8, 13
1_10_18 8
8_28_04 5, 13, 1, 9, 6, 14, 2, 10
8_12_12 9, 1, 5, 13, 10, 2, 6, 14
1_20_20 15
3_7_12 8, 16, 12
6_21_00 2, 10, 14, 6, 3, 11
8_5_00 2, 10, 14, 6, 3, 11, 15, 7
6_9_20 13, 5, 9, 1, 14, 6
2_9_08 7, 15
1_1_20 11
6_29_02 5, 13, 1, 9, 2, 10
3_19_02 2, 10, 6
2_22_14 5, 13
7_18_12 7, 15, 3, 11, 4, 12, 16
5_28_12 9, 1, 5, 13, 14
1_22_04 16
2_21_18 11, 3
4_10_22 14, 6, 10, 2
6_15_20 14, 6, 10, 2, 11, 3
1_8_14 13
4_5_14 9, 1, 5, 13
1_21_02 3
2_25_08 7, 15
3_10_06 2, 10, 14
6_10_14 10, 2, 6, 14, 7, 15
6_10_04 5, 13, 1, 9, 2, 10
1_17_08 5
3_6_14 5, 13, 1
2_5_00 2, 10
3_23_20 12, 4, 16
8_16_08 8, 16, 4, 12, 5, 13, 1, 9
7_12_12 9, 1, 5, 13, 14, 6, 10
2_19_20 11, 3
8_31_18 13, 5, 9, 1, 10, 2, 6, 14
7_17_06 4, 12, 16, 8, 5, 13, 1
4_26_00 3, 11, 15, 7
8_4_00 1, 9, 13, 5, 2, 10, 14, 6
1_14_02 1
3_18_10 2, 10, 14
7_8_08 6, 14, 2, 10, 11, 3, 7
6_28_02 4, 12, 16, 8, 1, 9
4_18_06 4, 12, 16, 8
2_12_16 7, 15
6_13_04 6, 14, 2, 10, 3, 11
5_9_14 10, 2, 6, 14, 11
1_30_20 10
2_23_08 6, 14
5_13_04 6, 14, 2, 10, 3
4_8_18 11, 3, 7, 15
8_3_02 2, 10, 14, 6, 3, 11, 15, 7
6_8_20 12, 4, 8, 16, 9, 1
7_21_08 6, 14, 2, 10, 7, 15, 3
1_14_14 7
8_23_10 7, 15, 3, 11, 8, 16, 4, 12
5_11_18 12, 4, 8, 16, 5
4_27_06 6, 14, 2, 10
2_22_02 15, 7
4_31_16 12, 4, 8, 16
5_25_22 14, 6, 10, 2, 15
1_18_04 15
8_18_20 11, 3, 7, 15, 12, 4, 8, 16
5_10_06 6, 14, 2, 10, 3
5_4_12 7, 15, 3, 11, 12
6_6_14 9, 1, 5, 13, 6, 14
7_22_08 6, 14, 2, 10, 3, 11, 15
8_6_08 6, 14, 2, 10, 7, 15, 3, 11
2_5_02 3, 11
5_11_02 4, 12, 16, 8, 13
5_5_18 11, 3, 7, 15, 12
1_14_02 1
7_16_00 4, 12, 16, 8, 5, 13, 1
7_26_14 10, 2, 6, 14, 7, 15, 3
2_21_00 2, 10
2_16_12 6, 14
3_18_22 8, 16, 4
3_18_22 8, 16, 4
5_20_20 11, 3, 7, 15, 16
2_20_22 8, 16
5_14_16 12, 4, 8, 16, 5
1_14_20 10
5_10_22 14, 6, 10, 2, 11
8_23_04 4, 12, 16, 8, 5, 13, 1, 9
3_27_20 13, 5, 1
6_21_20 12, 4, 8, 16, 13, 5
8_31_12 10, 2, 6, 14, 7, 15, 3, 11
1_17_10 6
8_25_18 12, 4, 8, 16, 13, 5, 9, 1
1_29_20 14
2_29_02 5, 13
7_31_16 12, 4, 8, 16, 1, 9, 13
3_7_04 4, 12, 8
1_9_04 5
5_16_00 4, 12, 16, 8, 5
1_16_06 11
4_12_04 5, 13, 1, 9
3_27_10 8, 16, 12
6_23_08 6, 14, 2, 10, 7, 15
1_7_02 11
1_14_02 1
1_21_00 2
5_18_20 11, 3, 7, 15, 8
3_9_22 14, 6, 10
7_1_02 2, 10, 14, 6, 3, 11, 15
1_15_04 14
6_6_18 11, 3, 7, 15, 8, 16
2_8_04 16, 8
4_8_18 11, 3, 7, 15
3_23_04 4, 12, 8
4_26_16 11, 3, 7, 15
6_30_22 15, 7, 11, 3, 8, 16
3_28_12 5, 13, 9
4_16_12 10, 2, 6, 14
6_12_06 6, 14, 2, 10, 3, 11
8_21_14 9, 1, 5, 13, 10, 2, 6, 14
5_10_10 8, 16, 4, 12, 5
4_16_14 11, 3, 7, 15
8_12_22 14, 6, 10, 2, 15, 7, 11, 3
4_1_20 11, 3, 7, 15
7_1_10 6, 14, 2, 10, 7, 15, 3
8_26_22 14, 6, 10, 2, 15, 7, 11, 3
8_11_00 3, 11, 15, 7, 4, 12, 16, 8
7_2_12 7, 15, 3, 11, 4, 12, 16
1_2_04 15
5_20_10 6, 14, 2, 10, 11
1_12_02 8
4_29_00 4,12, 16, 8
8_27_00 3, 11, 15, 7, 4, 12, 16, 8
3_12_08 3, 11, 7
6_21_00 2, 10, 14, 6, 3, 11
3_23_00 2, 10, 6
4_22_04 4, 12, 16, 8
7_19_06 4, 12, 16, 8, 13, 5, 9
8_7_08 6, 14, 2, 10, 7, 15, 3, 11
4_28_16 11, 3, 7, 15
7_13_22 15, 7, 11, 3, 12, 4, 8
5_20_08 5, 13, 1, 9, 10
8_22_12 8, 16, 4, 12, 9, 1, 5, 13
4_28_20 13, 5, 9, 1
5_5_22 13, 5, 9, 1, 14
1_10_22 10
7_8_12 8, 16, 4, 12, 13, 5, 9
7_6_12 8, 16, 4, 12, 5, 13, 1
3_14_14 7, 15, 3
6_8_16 10, 2, 6, 14, 7, 15
8_2_20 11, 3, 7, 15, 12, 4, 8, 16
2_31_20 14, 6
1_22_22 9
3_5_02 3, 11, 15
8_24_16 10, 2, 6, 14, 11, 3, 7, 15
7_17_08 5, 13, 1, 9, 6, 14, 2
3_3_10 6, 14, 10
6_13_02 5, 13, 1, 9, 2, 10
8_26_00 3, 11, 15, 7, 4, 12, 16, 8
2_14_22 11, 3
1_15_22 7
7_12_04 5, 13, 1, 9, 10, 2, 6
5_27_08 7, 15, 3, 11, 16
3_15_16 12, 4, 16
5_27_20 13, 5, 9, 1, 6
3_13_00 4,12, 16
8_3_22 12, 4, 8, 16, 13, 5, 9, 1
7_13_20 14, 6, 10, 2, 11, 3, 7
3_25_02 4, 12, 16
8_23_10 7, 15, 3, 11, 8, 16, 4, 12
1_31_10 1
5_5_14 9, 1, 5, 13, 10
6_15_18 13, 5, 9, 1, 10, 2
8_29_08 8, 16, 4, 12, 5, 13, 1, 9
8_27_12 9, 1, 5, 13, 10, 2, 6, 14
1_28_08 11
5_19_00 1, 9, 13, 5, 10
7_12_16 11, 3, 7, 15, 16, 8, 12
1_3_20 3
7_3_00 1, 9, 13, 5, 10, 2, 6
5_15_00 4, 12, 16, 8, 9
8_28_16 11, 3, 7, 15, 12, 4, 8, 16
5_31_16 12, 4, 8, 16, 1
7_23_08 6, 14, 2, 10, 15, 7, 11
1_11_22 6
4_17_10 6, 14, 2, 10
5_22_00 2, 10, 14, 6, 15
7_23_14 9, 1, 5, 13, 2, 10, 14
8_30_06 7, 15, 3, 11, 4, 12, 16, 8
7_20_12 7, 15, 3, 11, 12, 4, 8
2_25_06 6, 14
5_14_14 11, 3, 7, 15, 4
2_16_16 8, 16
8_3_04 3, 11, 15, 7, 4, 12, 16, 8
1_14_06 3
3_2_04 15, 7, 11
1_5_06 5
1_1_12 7
1_15_02 13
4_8_14 9, 1, 5, 13
8_9_12 9, 1, 5, 13, 10, 2, 6, 14
8_21_14 9, 1, 5, 13, 10, 2, 6, 14
6_12_08 7, 15, 3, 11, 4, 12
4_16_12 10, 2, 6, 14
5_4_18 10, 2, 6, 14, 15
5_2_18 10, 2, 6, 14, 7
7_21_08 6, 14, 2, 10, 7, 15, 3
7_14_22 15, 7, 11, 3, 8, 16, 4
1_13_12 10
1_22_16 6
4_4_10 6, 14, 2, 10
2_11_08 7, 15
7_11_10 8, 16, 4, 12, 1, 9, 13
6_27_06 6, 14, 2, 10, 7, 15
7_22_06 5, 13, 1, 9, 2, 10, 14
1_1_10 6
6_29_18 13, 5, 9, 1, 10, 2
5_17_20 11, 3, 7, 15, 12
4_2_14 8, 16, 4, 12
7_7_12 8, 16, 4, 12, 1, 9, 13
3_27_00 3, 11, 7
6_26_16 11, 3, 7, 15, 8, 16
1_19_18 2
3_17_06 4, 12, 16
2_8_18 7, 15
7_1_20 11, 3, 7, 15, 12, 4, 8
2_21_02 3, 11
3_21_06 5, 13, 1
2_28_06 2, 10
7_20_12 7, 15, 3, 11, 12, 4, 8
5_23_16 10, 2, 6, 14, 3
5_27_18 12, 4, 8, 16, 5
7_22_18 11, 3, 7, 15, 8, 16, 4
8_19_22 12, 4, 8, 16, 13, 5, 9, 1
3_19_06 4, 12, 8
8_30_00 4, 12, 16, 8, 1, 9, 13, 5
1_24_16 14
5_28_18 12, 4, 8, 16, 1
5_15_12 10, 2, 6, 14, 15
5_8_22 13, 5, 9, 1, 2
4_25_10 8, 16, 4, 12
1_17_08 5
2_29_14 11, 3
7_8_22 13, 5, 9, 1, 2, 10, 14
8_4_02 2, 10, 14, 6, 3, 11, 15, 7
5_31_12 10, 2, 6, 14, 15
5_17_06 4, 12, 16, 8, 5
1_8_12 12
6_13_02 5, 13, 1, 9, 2, 10
4_13_18 13, 5, 9, 1
2_2_20 7, 15
2_19_02 2, 10
2_10_18 8, 16
7_7_08 6, 14, 2, 10, 15, 7, 11
1_29_14 11
4_2_04 3, 11, 15, 7
4_23_14 9, 1, 5, 13
4_17_10 6, 14, 2, 10
6_31_16 12, 4, 8, 16, 9, 1
3_15_06 7, 15, 11
8_21_20 12, 4, 8, 16, 13, 5, 9, 1
2_9_10 8, 16
2_8_00 14, 6
2_9_00 3, 11
6_23_06 5, 13, 1, 9, 6, 14
4_17_16 9, 1, 5, 13
5_26_12 9, 1, 5, 13, 6
2_15_04 6, 14
6_10_08 7, 15, 3, 11, 4, 12
4_28_20 13, 5, 9, 1
3_13_22 15, 7, 11
2_20_10 2, 10
4_22_04 4, 12, 16, 8
4_20_18 10, 2, 6, 14
5_10_06 6, 14, 2, 10, 3
5_3_22 12, 4, 8, 16, 5
3_15_10 9, 1, 13
3_5_02 3, 11, 15
2_28_22 10, 2
8_20_10 6, 14, 2, 10, 7, 15, 3, 11
7_12_14 10, 2, 6, 14, 15, 7, 11
3_24_02 15, 7, 3
5_26_20 13, 5, 9, 1, 10
5_24_06 5, 13, 1, 9, 10
5_19_16 9, 1, 5, 13, 2
5_19_22 12, 4, 8, 16, 5
1_30_00 16
1_13_12 10
3_17_18 10, 2, 6
3_1_08 5, 13, 1
6_15_10 9, 1, 5, 13, 6, 14
6_28_12 9, 1, 5, 13, 6, 14
3_21_02 3, 11, 15
8_4_00 1, 9, 13, 5, 2, 10, 14, 6
4_23_16 10, 2, 6, 14
3_22_02 15, 7, 11
1_11_08 15
4_27_06 6, 14, 2, 10
3_23_00 2, 10, 6
7_22_14 9, 1, 5, 13, 6, 14, 2
7_20_20 11, 3, 7, 15, 16, 8, 12
8_7_00 2, 10, 14, 6, 3, 11, 15, 7
4_1_04 3, 11, 15, 7
3_13_16 12, 4, 8
7_4_04 3, 11, 15, 7, 8, 16, 4
1_29_12 10
2_23_20 12, 4
4_15_04 6, 14, 2, 10
5_20_14 8, 16, 4, 12, 13
7_23_14 9, 1, 5, 13, 2, 10, 14
2_20_08 1, 9
7_9_22 14, 6, 10, 2, 15, 7, 11
6_12_08 7, 15, 3, 11, 4, 12
6_8_00 2, 10, 14, 6, 15, 7
3_3_12 7, 15, 11
2_14_02 1, 9
5_6_10 7, 15, 3, 11, 4
3_7_02 3, 11, 7
4_16_14 11, 3, 7, 15
1_1_16 9
5_21_12 8, 16, 4, 12, 9
6_12_18 12, 4, 8, 16, 9, 1
8_27_02 4, 12, 16, 8, 5, 13, 1, 9
6_5_10 7, 15, 3, 11, 8, 16
7_3_14 8, 16, 4, 12, 1, 9, 13
7_16_04 6, 14, 2, 10, 7, 15, 3
6_14_22 15, 7, 11, 3, 8, 16
3_30_22 11, 3, 7
3_28_12 5, 13, 9
5_6_18 11, 3, 7, 15, 8
1_5_20 12
4_8_00 2, 10, 14, 6
7_21_06 5, 13, 1, 9, 6, 14, 2
8_7_06 5, 13, 1, 9, 6, 14, 2, 10
3_10_08 3, 11, 15
7_30_06 7, 15, 3, 11, 16, 8, 12
1_7_10 15
2_20_04 15, 7
2_5_16 10, 2
8_2_06 4, 12, 16, 8, 5, 13, 1, 9
6_8_12 8, 16, 4, 12, 5, 13
8_4_02 2, 10, 14, 6, 3, 11, 15, 7
4_5_04 4, 12, 16, 8
2_16_04 2, 10
8_20_08 5, 13, 1, 9, 6, 14, 2, 10
8_5_20 12, 4, 8, 16, 13, 5, 9, 1
1_17_14 8
7_8_02 3, 11, 15, 7, 8, 16, 4
3_15_14 11, 3, 15
3_29_12 10, 2, 6
1_28_16 15
6_13_12 10, 2, 6, 14, 7, 15
8_7_18 11, 3, 7, 15, 12, 4, 8, 16
3_4_10 2, 10, 6
3_17_00 1, 9, 13
4_20_08 5, 13, 1, 9
3_6_16 6, 14, 2
3_1_20 11, 3, 7
1_15_16 4
7_7_00 2, 10, 14, 6, 11, 3, 7
8_12_12 9, 1, 5, 13, 10, 2, 6, 14
6_26_06 6, 14, 2, 10, 3, 11
3_27_02 4, 12, 8
1_29_16 12
3_5_10 7, 15, 3
3_19_02 2, 10, 6
2_13_12 10, 2
1_22_02 15
3_7_14 9, 1, 13
7_9_22 14, 6, 10, 2, 15, 7, 11
6_18_12 7, 15, 3, 11, 4, 12
4_13_20 14, 6, 10, 2
5_24_04 4, 12, 16, 8, 9
6_30_06 7, 15, 3, 11, 16, 8
7_4_22 12, 4, 8, 16, 1, 9, 13
5_4_04 3, 11, 15, 7, 8
4_25_22 14, 6, 10, 2
6_24_10 7, 15, 3, 11, 4, 12
7_9_14 10, 2, 6, 14, 11, 3, 7
4_14_04 6, 14, 2, 10
1_27_20 5
8_10_22 14, 6, 10, 2, 15, 7, 11, 3
2_6_18 7, 15
5_3_04 3, 11, 15, 7, 12
1_27_16 3
7_12_22 14, 6, 10, 2, 3, 11, 15
3_18_00 13, 5, 9
3_5_22 13, 5, 9
3_15_04 6, 14, 10
4_17_08 5, 13, 1, 9
1_18_00 13
1_20_18 14
3_25_16 11, 3, 7
8_23_10 7, 15, 3, 11, 8, 16, 4, 12
4_31_02 5, 13, 1, 9
2_24_02 15, 7
4_26_16 11, 3, 7, 15
6_12_18 12, 4, 8, 16, 9, 1
8_2_14 8, 16, 4, 12, 9, 1, 5, 13
1_11_12 1
4_28_16 11, 3, 7, 15
3_20_02 14, 6, 2
2_17_20 11, 3
5_12_10 8, 16, 4, 12, 13
8_6_04 4, 12, 16, 8, 5, 13, 1, 9
4_20_04 3, 11, 15, 7
3_4_10 2, 10, 6
4_14_06 7, 15, 3, 11
6_16_08 8, 16, 4, 12, 1, 9
4_19_08 5, 13, 1, 9
7_31_20 14, 6, 10, 2, 3, 11, 15
6_29_16 12, 4, 8, 16, 9, 1
1_17_20 11
2_11_06 6, 14
2_16_18 9, 1
3_2_16 5, 13, 1
3_27_08 7, 15, 11
7_13_06 7, 15, 3, 11, 4, 12, 16
5_4_16 9, 1, 5, 13, 14
8_23_18 11, 3, 7, 15, 12, 4, 8, 16
3_6_18 7, 15, 3
5_30_02 5, 13, 1, 9, 14
6_29_04 6, 14, 2, 10, 3, 11
5_7_00 2, 10, 14, 6, 11
6_31_20 14, 6, 10, 2, 11, 3
4_28_00 3, 11, 15, 7
1_19_04 11
4_18_18 10, 2, 6, 14
2_9_16 11, 3
2_15_10 9, 1
6_21_18 11, 3, 7, 15, 12, 4
2_4_00 13, 5
7_8_18 11, 3, 7, 15, 16, 8, 12
8_8_16 10, 2, 6, 14, 11, 3, 7, 15
1_28_14 14
4_26_08 7, 15, 3, 11
1_3_18 2
8_19_08 5, 13, 1, 9, 6, 14, 2, 10
8_2_16 9, 1, 5, 13, 10, 2, 6, 14
3_4_22 8, 16, 12
1_17_02 2
5_25_00 3, 11, 15, 7, 4
3_15_06 7, 15, 11
4_10_08 7, 15, 3, 11
2_19_02 2, 10
7_3_16 9, 1, 5, 13, 2, 10, 14
8_15_18 13, 5, 9, 1, 10, 2, 6, 14
5_14_06 7, 15, 3, 11, 16
3_5_16 10, 2, 6
4_29_02 5, 13, 1, 9
2_11_04 5, 13
5_29_20 14, 6, 10, 2, 11
1_13_20 14
7_21_12 8, 16, 4, 12, 9, 1, 5
2_8_22 9, 1
4_29_12 10, 2, 6, 14
8_11_20 13, 5, 9, 1, 14, 6, 10, 2
7_26_22 14, 6, 10, 2, 11, 3, 7
7_15_18 13, 5, 9, 1, 2, 10, 14
8_25_22 14, 6, 10, 2, 15, 7, 11, 3
1_26_12 5
3_18_22 8, 16, 4
4_4_12 7, 15, 3, 11
1_10_00 15
3_22_04 16, 8, 12
2_22_12 4, 12
4_8_22 13, 5, 9, 1
6_8_06 5, 13, 1, 9, 2, 10
6_27_06 6, 14, 2, 10, 7, 15
1_13_06 7
7_16_06 7, 15, 3, 11, 8, 16, 4
3_10_06 2, 10, 14
7_30_22 15, 7, 11, 3, 8, 16, 4
8_9_00 3, 11, 15, 7, 4, 12, 16, 8
2_28_16 7, 15
8_3_22 12, 4, 8, 16, 13, 5, 9, 1
6_7_10 7, 15, 3, 11, 8, 16
7_17_00 1, 9, 13, 5, 2, 10, 14
6_24_14 9, 1, 5, 13, 6, 14
7_2_12 7, 15, 3, 11, 4, 12, 16
8_11_04 5, 13, 1, 9, 6, 14, 2, 10
6_5_10 7, 15, 3, 11, 8, 16
4_23_16 10, 2, 6, 14
5_20_06 4, 12, 16, 8, 9
1_24_08 10
3_16_10 5, 13, 9
5_2_14 8, 16, 4, 12, 5
1_25_22 14
5_13_20 14, 6, 10, 2, 11
2_22_20 8, 16
8_8_08 6, 14, 2, 10, 7, 15, 3, 11
6_19_14 8, 16, 4, 12, 9, 1
7_21_00 2, 10, 14, 6, 3, 11, 15
8_24_04 4, 12, 16, 8, 5, 13, 1, 9
8_20_10 6, 14, 2, 10, 7, 15, 3, 11
5_8_12 8, 16, 4, 12, 13
6_30_02 5, 13, 1, 9, 14, 6
5_1_22 12, 4, 8, 16, 13
7_10_12 9, 1, 5, 13, 6, 14, 2
4_28_08 7, 15, 3, 11
3_4_06 16, 8, 4
3_5_00 2, 10, 14
8_7_06 5, 13, 1, 9, 6, 14, 2, 10
3_4_20 7, 15, 11
3_4_16 5, 13, 9
2_6_10 3, 11
7_3_08 5, 13, 1, 9, 14, 6, 10
3_12_10 4, 12, 8
7_14_18 13, 5, 9, 1, 6, 14, 2
8_21_14 9, 1, 5, 13, 10, 2, 6, 14
8_24_06 5, 13, 1, 9, 6, 14, 2, 10
6_19_02 2, 10, 14, 6, 3, 11
1_21_16 10
7_21_18 11, 3, 7, 15, 12, 4, 8
6_24_14 9, 1, 5, 13, 6, 14
7_26_02 4, 12, 16, 8, 1, 9, 13
7_25_06 6, 14, 2, 10, 7, 15, 3
1_28_22 2
6_13_22 15, 7, 11, 3, 12, 4
4_31_16 12, 4, 8, 16
1_19_00 9
3_15_22 15, 7, 3
8_6_20 12, 4, 8, 16, 13, 5, 9, 1
5_3_14 8, 16, 4, 12, 1
6_10_16 11, 3, 7, 15, 8, 16
8_17_06 4, 12, 16, 8, 5, 13, 1, 9
1_13_14 11
1_20_10 10
8_7_06 5, 13, 1, 9, 6, 14, 2, 10
5_20_04 3, 11, 15, 7, 8
1_19_04 11
4_11_14 10, 2, 6, 14
6_26_12 9, 1, 5, 13, 6, 14
2_8_10 3, 11
1_27_20 5
6_20_02 2, 10, 14, 6, 15, 7
4_23_06 5, 13, 1, 9
6_26_08 7, 15, 3, 11, 4, 12
2_16_06 3, 11
4_17_02 2, 10, 14, 6
4_20_18 10, 2, 6, 14
7_26_14 10, 2, 6, 14, 7, 15, 3
5_17_02 2, 10, 14, 6, 3
7_16_16 12, 4, 8, 16, 13, 5, 9
7_2_02 2, 10, 14, 6, 15, 7, 11
4_21_14 9, 1, 5, 13
5_26_18 12, 4, 8, 16, 9
5_6_18 11, 3, 7, 15, 8
5_22_06 5, 13, 1, 9, 2
5_4_08 5, 13, 1, 9, 10
4_6_18 11, 3, 7, 15
3_26_00 15, 7, 11
1_20_10 10
5_2_20 11, 3, 7, 15, 8
1_22_04 16
1_27_08 15
5_12_10 8, 16, 4, 12, 13
4_2_12 7, 15, 3, 11
8_2_22 12, 4, 8, 16, 13, 5, 9, 1
3_20_10 2, 10, 6
6_24_20 12, 4, 8, 16, 9, 1
4_19_00 1, 9, 13, 5
7_15_22 15, 7, 11, 3, 4, 12, 16
8_18_08 5, 13, 1, 9, 6, 14, 2, 10
1_15_14 3
1_27_12 1
2_5_08 6, 14
1_21_22 13
7_2_20 11, 3, 7, 15, 8, 16, 4
4_28_20 13, 5, 9, 1
5_12_20 13, 5, 9, 1, 2
2_16_10 5, 13
3_17_06 4, 12, 16
4_18_04 3, 11, 15, 7
2_13_04 6, 14
8_22_06 5, 13, 1, 9, 6, 14, 2, 10
8_22_14 9, 1, 5, 13, 10, 2, 6, 14
4_22_18 11, 3, 7, 15
2_22_22 9, 1
2_20_04 15, 7
4_15_04 6, 14, 2, 10
2_28_14 6, 14
6_17_06 4, 12, 16, 8, 5, 13
3_24_16 6, 14, 10
2_15_22 15, 7
6_30_14 11, 3, 7, 15, 4, 12
4_3_12 7, 15, 3, 11
8_8_12 8, 16, 4, 12, 9, 1, 5, 13
3_2_06 16, 8, 12
4_26_08 7, 15, 3, 11
4_28_04 5, 13, 1, 9
1_5_10 7
2_29_08 8, 16
4_16_12 10, 2, 6, 14
3_3_16 9, 1, 13
1_5_16 10
1_27_10 16
6_30_16 12, 4, 8, 16, 5, 13
6_9_14 10, 2, 6, 14, 11, 3
3_20_00 13, 5, 1
3_28_18 8, 16, 12
1_6_08 2
1_23_14 1
2_20_00 13, 5
2_22_20 8, 16
6_28_04 5, 13, 1, 9, 2, 10
1_4_06 8
1_18_12 3
4_15_22 15, 7, 11, 3
3_19_12 7, 15, 11
2_7_16 10, 2
8_16_12 10, 2, 6, 14, 7, 15, 3, 11
5_30_16 12, 4, 8, 16, 5
8_6_06 5, 13, 1, 9, 6, 14, 2, 10
1_2_00 13
5_12_04 5, 13, 1, 9, 10
2_13_10 9, 1
7_21_22 13, 5, 9, 1, 14, 6, 10
1_22_22 9
2_2_06 16, 8
1_7_12 16
3_31_06 7, 15, 11
1_25_12 9
4_18_20 11, 3, 7, 15
7_21_12 8, 16, 4, 12, 9, 1, 5
3_10_10 4, 12, 16
4_12_04 5, 13, 1, 9
2_5_00 2, 10
8_17_00 1, 9, 13, 5, 2, 10, 14, 6
2_15_06 7, 15
2_17_04 3, 11
3_18_20 7, 15, 3
2_7_06 5, 13
3_11_14 10, 2, 14
2_4_14 4, 12
6_3_20 11, 3, 7, 15, 12, 4
7_14_04 6, 14, 2, 10, 15, 7, 11
6_20_08 5, 13, 1, 9, 2, 10
7_3_22 12, 4, 8, 16, 5, 13, 1
7_22_06 5, 13, 1, 9, 2, 10, 14
7_17_00 1, 9, 13, 5, 2, 10, 14
6_14_20 14, 6, 10, 2, 7, 15
3_27_08 7, 15, 11
7_11_20 13, 5, 9, 1, 6, 14, 2
1_14_22 11
5_20_10 6, 14, 2, 10, 11
6_12_22 14, 6, 10, 2, 11, 3
8_4_06 4, 12, 16, 8, 5, 13, 1, 9
5_18_14 8, 16, 4, 12, 5
7_18_06 4, 12, 16, 8, 1, 9, 13
8_17_12 7, 15, 3, 11, 8, 16, 4, 12
3_23_10 7, 15, 11
2_30_08 4, 12
2_19_22 12, 4
8_9_00 3, 11, 15, 7, 4, 12, 16, 8
5_24_20 12, 4, 8, 16, 1
3_29_14 11, 3, 7
4_29_22 15, 7, 11, 3
5_7_16 10, 2, 6, 14, 3
8_30_20 14, 6, 10, 2, 11, 3, 7, 15
7_6_00 2, 10, 14, 6, 15, 7, 11
3_8_20 8, 16, 12
4_10_06 6, 14, 2, 10
5_17_22 12, 4, 8, 16, 13
5_28_20 13, 5, 9, 1, 2
1_20_08 9
8_5_04 4, 12, 16, 8, 5, 13, 1, 9
1_3_20 3
4_29_12 10, 2, 6, 14
7_24_14 9, 1, 5, 13, 14, 6, 10
4_23_00 2, 10, 14, 6
8_13_14 11, 3, 7, 15, 8, 16, 4, 12
2_15_16 12, 4
3_8_06 1, 9, 5
5_12_12 9, 1, 5, 13, 14
6_17_10 6, 14, 2, 10, 7, 15
2_6_18 7, 15
2_20_02 14, 6
7_1_14 8, 16, 4, 12, 9, 1, 5
4_4_04 3, 11, 15, 7
8_5_18 11, 3, 7, 15, 12, 4, 8, 16
4_3_02 2, 10, 14, 6
1_10_22 10
8_12_12 9, 1, 5, 13, 10, 2, 6, 14
8_2_16 9, 1, 5, 13, 10, 2, 6, 14
4_15_12 10, 2, 6, 14
5_15_18 13, 5, 9, 1, 2
5_26_00 3, 11, 15, 7, 16
6_15_08 8, 16, 4, 12, 5, 13
4_19_08 5, 13, 1, 9
1_18_06 16
2_13_18 13, 5
3_15_04 6, 14, 10
3_22_04 16, 8, 12
7_9_02 4, 12, 16, 8, 5, 13, 1
4_31_00 4,12, 16, 8
4_11_08 7, 15, 3, 11
7_3_08 5, 13, 1, 9, 14, 6, 10
7_11_06 6, 14, 2, 10, 15, 7, 11
5_27_10 8, 16, 4, 12, 1
1_29_20 14
2_8_08 2, 10
6_27_18 12, 4, 8, 16, 13, 5
4_11_04 5, 13, 1, 9
7_2_12 7, 15, 3, 11, 4, 12, 16
2_9_14 10, 2
1_6_20 8
8_7_20 12, 4, 8, 16, 13, 5, 9, 1
3_19_08 5, 13, 9
4_15_02 5, 13, 1, 9
5_3_10 6, 14, 2, 10, 15
2_25_16 11, 3
4_21_14 9, 1, 5, 13
8_16_18 13, 5, 9, 1, 10, 2, 6, 14
4_13_06 7, 15, 3, 11
5_22_04 4, 12, 16, 8, 1
2_9_06 6, 14
4_28_10 8, 16, 4, 12
7_10_10 8, 16, 4, 12, 5, 13, 1
4_2_14 8, 16, 4, 12
1_21_18 11
1_3_22 4
8_10_22 14, 6, 10, 2, 15, 7, 11, 3
1_25_12 9
2_5_14 9, 1
4_3_20 11, 3, 7, 15
1_3_18 2
5_31_16 12, 4, 8, 16, 1
8_16_10 9, 1, 5, 13, 6, 14, 2, 10
7_19_06 4, 12, 16, 8, 13, 5, 9
7_18_00 1, 9, 13, 5, 14, 6, 10
1_28_00 7
8_9_08 7, 15, 3, 11, 8, 16, 4, 12
6_19_08 5, 13, 1, 9, 6, 14
2_21_16 10, 2
4_8_22 13, 5, 9, 1
6_3_00 1, 9, 13, 5, 2, 10
5_22_12 8, 16, 4, 12, 5
5_21_04 4, 12, 16, 8, 5
2_25_18 12, 4
5_17_06 4, 12, 16, 8, 5
8_28_14 10, 2, 6, 14, 11, 3, 7, 15
1_17_20 11
5_3_12 7, 15, 3, 11, 16
8_23_00 2, 10, 14, 6, 3, 11, 15, 7
1_20_00 5
3_14_20 10, 2, 6
8_9_08 7, 15, 3, 11, 8, 16, 4, 12
7_12_04 5, 13, 1, 9, 10, 2, 6
7_17_02 2, 10, 14, 6, 3, 11, 15
3_16_04 2, 10, 6
1_30_08 4
3_1_08 5, 13, 1
6_30_04 6, 14, 2, 10, 15, 7
7_25_12 9, 1, 5, 13, 10, 2, 6
8_27_04 5, 13, 1, 9, 6, 14, 2, 10
5_6_06 5, 13, 1, 9, 2
4_15_20 14, 6, 10, 2
2_9_14 10, 2
7_9_12 9, 1, 5, 13, 10, 2, 6
6_30_22 15, 7, 11, 3, 8, 16
5_18_04 3, 11, 15, 7, 16
5_4_22 12, 4, 8, 16, 1
7_30_06 7, 15, 3, 11, 16, 8, 12
5_4_14 8, 16, 4, 12, 13
5_25_12 9, 1, 5, 13, 10
6_20_14 8, 16, 4, 12, 5, 13
6_24_20 12, 4, 8, 16, 9, 1
3_26_14 6, 14, 2
3_4_00 13, 5, 1
3_28_00 15, 7, 3
5_7_16 10, 2, 6, 14, 3
4_7_10 7, 15, 3, 11
3_21_08 6, 14, 2
2_7_06 5, 13
8_2_08 5, 13, 1, 9, 6, 14, 2, 10
6_20_20 11, 3, 7, 15, 8, 16
2_21_02 3, 11
7_24_04 4, 12, 16, 8, 9, 1, 5
8_7_06 5, 13, 1, 9, 6, 14, 2, 10
2_6_18 7, 15
6_8_14 9, 1, 5, 13, 6, 14
6_10_04 5, 13, 1, 9, 2, 10
6_25_20 13, 5, 9, 1, 14, 6
7_18_20 11, 3, 7, 15, 8, 16, 4
5_10_18 12, 4, 8, 16, 9
7_15_16 12, 4, 8, 16, 1, 9, 13
2_18_08 1, 9
8_12_04 5, 13, 1, 9, 6, 14, 2, 10
7_27_04 5, 13, 1, 9, 14, 6, 10
5_2_14 8, 16, 4, 12, 5
7_21_16 10, 2, 6, 14, 11, 3, 7
4_8_10 7, 15, 3, 11
6_11_08 7, 15, 3, 11, 8, 16
6_29_18 13, 5, 9, 1, 10, 2
6_25_04 5, 13, 1, 9, 6, 14
6_31_14 11, 3, 7, 15, 8, 16
6_9_08 7, 15, 3, 11, 8, 16
7_17_18 10, 2, 6, 14, 11, 3, 7
3_16_22 11, 3, 15
2_23_22 13, 5
1_11_20 5
8_23_10 7, 15, 3, 11, 8, 16, 4, 12
8_13_16 12, 4, 8, 16, 9, 1, 5, 13
6_14_14 11, 3, 7, 15, 4, 12
5_19_22 12, 4, 8, 16, 5
7_13_20 14, 6, 10, 2, 11, 3, 7
6_20_10 6, 14, 2, 10, 3, 11
6_24_22 13, 5, 9, 1, 10, 2
7_9_20 13, 5, 9, 1, 14, 6, 10
2_13_18 13, 5
1_4_12 11
