8_12_08 7, 15, 3, 11, 8, 16, 4, 12
4_8_04 4, 12, 16, 8
2_20_04 15, 7
3_31_20 14, 6, 2
6_28_00 3, 11, 15, 7, 16, 8
6_13_02 5, 13, 1, 9, 2, 10
8_22_00 2, 10, 14, 6, 3, 11, 15, 7
3_14_14 7, 15, 3
1_28_12 13
4_9_04 5, 13, 1, 9
3_24_02 15, 7, 3
5_19_06 4, 12, 16, 8, 13
8_29_20 14, 6, 10, 2, 11, 3, 7, 15
8_21_18 11, 3, 7, 15, 12, 4, 8, 16
2_17_02 2, 10
2_12_08 3, 11
5_21_00 2, 10, 14, 6, 3
8_16_00 4, 12, 16, 8, 1, 9, 13, 5
3_10_06 2, 10, 14
6_10_16 11, 3, 7, 15, 8, 16
3_20_22 8, 16, 12
6_17_16 9, 1, 5, 13, 10, 2
3_25_12 9, 1, 5
8_26_08 7, 15, 3, 11, 8, 16, 4, 12
4_30_22 15, 7, 11, 3
5_6_18 11, 3, 7, 15, 8
2_19_14 8, 16
4_5_06 5, 13, 1, 9
5_27_06 6, 14, 2, 10, 15
6_29_08 8, 16, 4, 12, 5, 13
5_21_16 10, 2, 6, 14, 11
8_5_14 9, 1, 5, 13, 10, 2, 6, 14
8_19_14 8, 16, 4, 12, 9, 1, 5, 13
6_24_08 6, 14, 2, 10, 3, 11
6_20_16 9, 1, 5, 13, 6, 14
4_9_20 13, 5, 9, 1
4_30_20 14, 6, 10, 2
7_27_22 14, 6, 10, 2, 7, 15, 3
1_22_02 15
7_9_14 10, 2, 6, 14, 11, 3, 7
4_31_10 9, 1, 5, 13
7_25_00 3, 11, 15, 7, 4, 12, 16
1_10_18 8
7_6_10 7, 15, 3, 11, 4, 12, 16
8_3_12 7, 15, 3, 11, 8, 16, 4, 12
8_11_20 13, 5, 9, 1, 14, 6, 10, 2
6_27_02 4, 12, 16, 8, 5, 13
8_23_10 7, 15, 3, 11, 8, 16, 4, 12
7_7_16 10, 2, 6, 14, 3, 11, 15
3_29_16 12, 4, 8
5_30_16 12, 4, 8, 16, 5
4_3_18 10, 2, 6, 14
2_9_16 11, 3
4_20_18 10, 2, 6, 14
5_27_18 12, 4, 8, 16, 5
3_20_00 13, 5, 1
4_20_22 12, 4, 8, 16
7_2_14 8, 16, 4, 12, 5, 13, 1
5_11_06 6, 14, 2, 10, 15
7_10_14 10, 2, 6, 14, 7, 15, 3
7_12_04 5, 13, 1, 9, 10, 2, 6
6_25_02 4, 12, 16, 8, 5, 13
4_23_22 13, 5, 9, 1
6_28_10 8, 16, 4, 12, 5, 13
7_6_20 12, 4, 8, 16, 9, 1, 5
2_30_18 9, 1
7_11_06 6, 14, 2, 10, 15, 7, 11
8_15_14 11, 3, 7, 15, 8, 16, 4, 12
6_16_08 8, 16, 4, 12, 1, 9
3_4_00 13, 5, 1
3_19_18 10, 2, 14
7_24_10 7, 15, 3, 11, 12, 4, 8
1_31_16 4
4_30_16 12, 4, 8, 16
4_10_08 7, 15, 3, 11
8_1_08 5, 13, 1, 9, 6, 14, 2, 10
1_4_02 6
1_1_16 9
2_3_04 3, 11
1_13_08 8
5_29_14 11, 3, 7, 15, 8
6_21_22 13, 5, 9, 1, 14, 6
7_31_06 7, 15, 3, 11, 12, 4, 8
7_28_16 11, 3, 7, 15, 16, 8, 12
7_15_16 12, 4, 8, 16, 1, 9, 13
3_27_12 9, 1, 13
4_8_08 6, 14, 2, 10
6_5_00 2, 10, 14, 6, 3, 11
8_7_16 10, 2, 6, 14, 11, 3, 7, 15
2_18_14 4, 12
2_31_14 11, 3
7_15_00 4, 12, 16, 8, 9, 1, 5
7_26_08 7, 15, 3, 11, 4, 12, 16
3_13_20 14, 6, 10
5_9_00 3, 11, 15, 7, 4
3_24_02 15, 7, 3
4_28_06 6, 14, 2, 10
5_10_14 10, 2, 6, 14, 7
1_10_06 2
6_18_14 8, 16, 4, 12, 5, 13
4_31_06 7, 15, 3, 11
6_18_06 4, 12, 16, 8, 1, 9
4_19_22 12, 4, 8, 16
1_31_12 2
6_2_10 6, 14, 2, 10, 3, 11
1_12_08 11
5_14_12 10, 2, 6, 14, 3
3_27_20 13, 5, 1
8_6_10 7, 15, 3, 11, 8, 16, 4, 12
8_2_04 3, 11, 15, 7, 4, 12, 16, 8
1_28_16 15
7_17_18 10, 2, 6, 14, 11, 3, 7
3_6_02 15, 7, 11
6_26_06 6, 14, 2, 10, 3, 11
7_21_14 9, 1, 5, 13, 10, 2, 6
4_9_02 4, 12, 16, 8
5_22_12 8, 16, 4, 12, 5
1_2_12 3
6_23_10 7, 15, 3, 11, 8, 16
3_26_00 15, 7, 11
2_20_02 14, 6
5_1_02 2, 10, 14, 6, 3
6_14_18 13, 5, 9, 1, 6, 14
5_24_22 13, 5, 9, 1, 2
2_19_18 10, 2
4_19_02 2, 10, 14, 6
1_19_00 9
3_24_00 14, 6, 2
5_13_04 6, 14, 2, 10, 3
3_6_22 9, 1, 5
1_12_04 9
6_25_12 9, 1, 5, 13, 10, 2
4_29_00 4,12, 16, 8
7_3_06 4, 12, 16, 8, 13, 5, 9
1_7_00 10
1_28_16 15
6_6_00 2, 10, 14, 6, 15, 7
1_2_00 13
1_14_16 8
6_19_04 3, 11, 15, 7, 4, 12
6_3_00 1, 9, 13, 5, 2, 10
1_21_08 6
4_21_14 9, 1, 5, 13
5_30_02 5, 13, 1, 9, 14
6_20_02 2, 10, 14, 6, 15, 7
4_30_04 6, 14, 2, 10
5_6_00 2, 10, 14, 6, 15
3_7_12 8, 16, 12
6_11_20 13, 5, 9, 1, 14, 6
1_8_14 13
8_15_18 13, 5, 9, 1, 10, 2, 6, 14
7_29_00 4, 12, 16, 8, 1, 9, 13
1_26_04 1
3_3_08 5, 13, 9
2_24_12 4, 12
8_5_02 3, 11, 15, 7, 4, 12, 16, 8
7_12_16 11, 3, 7, 15, 16, 8, 12
5_5_02 3, 11, 15, 7, 4
1_21_10 7
8_18_20 11, 3, 7, 15, 12, 4, 8, 16
5_3_16 9, 1, 5, 13, 2
3_9_02 4, 12, 16
5_1_00 1, 9, 13, 5, 2
6_28_08 7, 15, 3, 11, 4, 12
6_27_20 13, 5, 9, 1, 14, 6
7_21_10 7, 15, 3, 11, 8, 16, 4
1_2_20 7
7_24_20 12, 4, 8, 16, 1, 9, 13
3_12_14 6, 14, 10
2_1_14 8, 16
7_1_08 5, 13, 1, 9, 6, 14, 2
3_27_10 8, 16, 12
5_16_22 15, 7, 11, 3, 16
7_10_06 6, 14, 2, 10, 3, 11, 15
7_16_02 5, 13, 1, 9, 6, 14, 2
3_11_08 7, 15, 11
3_5_06 5, 13, 1
2_8_04 16, 8
8_4_06 4, 12, 16, 8, 5, 13, 1, 9
8_20_00 1, 9, 13, 5, 2, 10, 14, 6
6_4_18 10, 2, 6, 14, 7, 15
4_10_02 4, 12, 16, 8
4_19_14 8, 16, 4, 12
6_6_04 4, 12, 16, 8, 1, 9
4_15_16 12, 4, 8, 16
6_21_18 11, 3, 7, 15, 12, 4
5_31_02 5, 13, 1, 9, 10
7_14_16 12, 4, 8, 16, 5, 13, 1
2_29_18 13, 5
6_30_22 15, 7, 11, 3, 8, 16
7_20_20 11, 3, 7, 15, 16, 8, 12
2_16_08 4, 12
3_28_06 2, 10, 6
5_17_22 12, 4, 8, 16, 13
6_7_22 13, 5, 9, 1, 14, 6
1_19_10 14
8_29_04 6, 14, 2, 10, 3, 11, 15, 7
7_26_10 8, 16, 4, 12, 5, 13, 1
7_8_02 3, 11, 15, 7, 8, 16, 4
5_28_00 3, 11, 15, 7, 8
1_31_08 16
2_25_22 14, 6
6_13_20 14, 6, 10, 2, 11, 3
2_2_12 3, 11
1_16_04 10
5_3_14 8, 16, 4, 12, 1
4_27_14 10, 2, 6, 14
2_28_06 2, 10
8_21_04 4, 12, 16, 8, 5, 13, 1, 9
3_10_14 6, 14, 2
8_3_22 12, 4, 8, 16, 13, 5, 9, 1
5_24_06 5, 13, 1, 9, 10
5_1_02 2, 10, 14, 6, 3
5_29_02 5, 13, 1, 9, 2
2_30_10 5, 13
6_14_18 13, 5, 9, 1, 6, 14
8_26_12 9, 1, 5, 13, 10, 2, 6, 14
2_22_18 7, 15
1_2_14 4
3_3_16 9, 1, 13
2_9_22 14, 6
3_1_02 2, 10, 14
6_30_04 6, 14, 2, 10, 15, 7
2_30_00 16, 8
2_21_02 3, 11
6_1_22 12, 4, 8, 16, 13, 5
4_4_22 12, 4, 8, 16
6_27_06 6, 14, 2, 10, 7, 15
7_7_22 13, 5, 9, 1, 6, 14, 2
3_2_20 7, 15, 3
6_11_00 3, 11, 15, 7, 4, 12
3_25_00 3, 11, 15
2_1_20 11, 3
1_15_16 4
5_19_04 3, 11, 15, 7, 12
2_20_16 5, 13
6_10_12 9, 1, 5, 13, 6, 14
5_17_22 12, 4, 8, 16, 13
4_30_00 4,12, 16, 8
1_22_04 16
6_4_02 2, 10, 14, 6, 15, 7
3_13_16 12, 4, 8
1_31_00 12
4_23_06 5, 13, 1, 9
5_21_06 5, 13, 1, 9, 6
1_4_04 7
7_8_02 3, 11, 15, 7, 8, 16, 4
7_19_20 11, 3, 7, 15, 4, 12, 16
7_5_02 3, 11, 15, 7, 4, 12, 16
8_19_18 10, 2, 6, 14, 11, 3, 7, 15
4_3_08 5, 13, 1, 9
5_8_16 10, 2, 6, 14, 15
5_20_00 1, 9, 13, 5, 6
6_14_18 13, 5, 9, 1, 6, 14
4_16_08 8, 16, 4, 12
5_2_00 1, 9, 13, 5, 14
3_29_22 15, 7, 11
1_29_22 15
6_26_18 12, 4, 8, 16, 9, 1
5_26_18 12, 4, 8, 16, 9
