5_24_16 10, 2, 6, 14, 15
2_10_02 16, 8
7_23_16 10, 2, 6, 14, 3, 11, 15
5_8_16 10, 2, 6, 14, 15
2_31_00 4,12
7_18_10 6, 14, 2, 10, 3, 11, 15
1_31_20 6
7_24_04 4, 12, 16, 8, 9, 1, 5
2_7_16 10, 2
2_31_06 7, 15
3_8_22 9, 1, 13
1_3_00 9
5_26_08 7, 15, 3, 11, 4
2_8_20 8, 16
1_9_20 13
1_13_22 15
6_30_04 6, 14, 2, 10, 15, 7
7_23_06 5, 13, 1, 9, 14, 6, 10
1_10_20 9
2_2_06 16, 8
8_7_12 8, 16, 4, 12, 9, 1, 5, 13
1_9_14 10
7_2_00 1, 9, 13, 5, 14, 6, 10
5_29_14 11, 3, 7, 15, 8
1_6_04 16
7_9_22 14, 6, 10, 2, 15, 7, 11
3_28_22 10, 2, 14
3_9_06 6, 14, 2
5_27_06 6, 14, 2, 10, 15
7_13_10 9, 1, 5, 13, 6, 14, 2
5_16_22 15, 7, 11, 3, 16
3_14_16 8, 16, 4
6_19_00 1, 9, 13, 5, 2, 10
2_17_22 12, 4
5_18_10 6, 14, 2, 10, 3
2_3_20 11, 3
6_3_02 2, 10, 14, 6, 3, 11
7_13_00 4, 12, 16, 8, 1, 9, 13
6_14_22 15, 7, 11, 3, 8, 16
1_10_04 1
4_29_02 5, 13, 1, 9
2_27_08 7, 15
7_30_02 5, 13, 1, 9, 14, 6, 10
5_14_16 12, 4, 8, 16, 5
3_22_22 9, 1, 5
3_18_06 16, 8, 12
2_29_20 14, 6
4_3_18 10, 2, 6, 14
6_10_08 7, 15, 3, 11, 4, 12
3_18_08 1, 9, 13
4_31_20 14, 6, 10, 2
4_18_08 5, 13, 1, 9
3_17_18 10, 2, 6
4_10_12 9, 1, 5, 13
6_7_00 2, 10, 14, 6, 3, 11
7_11_08 7, 15, 3, 11, 16, 8, 12
1_7_14 1
6_28_20 13, 5, 9, 1, 10, 2
7_11_06 6, 14, 2, 10, 15, 7, 11
4_18_22 12, 4, 8, 16
6_1_02 2, 10, 14, 6, 3, 11
3_5_04 4, 12, 16
2_12_12 5, 13
4_1_08 5, 13, 1, 9
7_11_10 8, 16, 4, 12, 1, 9, 13
3_15_00 4,12, 8
3_23_20 12, 4, 16
4_18_20 11, 3, 7, 15
3_16_10 5, 13, 9
3_31_16 12, 4, 16
7_20_04 3, 11, 15, 7, 8, 16, 4
6_26_18 12, 4, 8, 16, 9, 1
8_17_06 4, 12, 16, 8, 5, 13, 1, 9
5_21_04 4, 12, 16, 8, 5
2_11_18 12, 4
8_17_16 9, 1, 5, 13, 10, 2, 6, 14
6_16_06 7, 15, 3, 11, 16, 8
7_3_14 8, 16, 4, 12, 1, 9, 13
7_8_02 3, 11, 15, 7, 8, 16, 4
3_29_14 11, 3, 7
3_20_04 15, 7, 3
2_20_04 15, 7
4_15_02 5, 13, 1, 9
3_12_16 7, 15, 11
3_6_00 14, 6, 10
1_31_20 6
8_16_22 15, 7, 11, 3, 12, 4, 8, 16
5_28_16 11, 3, 7, 15, 16
8_6_18 11, 3, 7, 15, 12, 4, 8, 16
1_19_12 15
2_2_12 3, 11
4_20_10 6, 14, 2, 10
6_23_00 2, 10, 14, 6, 3, 11
4_1_18 10, 2, 6, 14
4_25_06 6, 14, 2, 10
2_14_16 8, 16
8_15_20 14, 6, 10, 2, 11, 3, 7, 15
3_5_20 12, 4, 8
6_1_02 2, 10, 14, 6, 3, 11
8_4_10 6, 14, 2, 10, 7, 15, 3, 11
1_10_20 9
4_2_14 8, 16, 4, 12
3_20_10 2, 10, 6
2_7_14 9, 1
5_17_22 12, 4, 8, 16, 13
2_17_10 6, 14
7_25_08 7, 15, 3, 11, 8, 16, 4
5_13_00 4, 12, 16, 8, 1
8_23_14 9, 1, 5, 13, 10, 2, 6, 14
8_25_16 11, 3, 7, 15, 12, 4, 8, 16
6_17_08 5, 13, 1, 9, 6, 14
8_12_06 6, 14, 2, 10, 7, 15, 3, 11
6_11_02 4, 12, 16, 8, 5, 13
7_16_02 5, 13, 1, 9, 6, 14, 2
5_29_10 9, 1, 5, 13, 6
2_19_14 8, 16
1_23_20 4
8_1_04 3, 11, 15, 7, 4, 12, 16, 8
8_25_12 9, 1, 5, 13, 10, 2, 6, 14
4_18_14 8, 16, 4, 12
7_16_12 10, 2, 6, 14, 11, 3, 7
3_20_02 14, 6, 2
6_31_22 15, 7, 11, 3, 12, 4
8_18_08 5, 13, 1, 9, 6, 14, 2, 10
8_26_20 13, 5, 9, 1, 14, 6, 10, 2
2_3_10 6, 14
2_27_02 4, 12
7_20_06 4, 12, 16, 8, 9, 1, 5
8_18_08 5, 13, 1, 9, 6, 14, 2, 10
4_25_12 9, 1, 5, 13
3_1_02 2, 10, 14
7_4_12 7, 15, 3, 11, 12, 4, 8
5_7_20 12, 4, 8, 16, 5
8_1_08 5, 13, 1, 9, 6, 14, 2, 10
6_7_22 13, 5, 9, 1, 14, 6
5_17_22 12, 4, 8, 16, 13
5_27_18 12, 4, 8, 16, 5
7_27_00 3, 11, 15, 7, 12, 4, 8
1_19_14 16
4_9_12 9, 1, 5, 13
1_19_10 14
5_8_14 9, 1, 5, 13, 14
4_11_18 12, 4, 8, 16
2_29_08 8, 16
5_3_08 5, 13, 1, 9, 14
2_26_04 1, 9
7_28_22 14, 6, 10, 2, 3, 11, 15
2_9_16 11, 3
2_31_08 8, 16
1_26_16 7
5_8_14 9, 1, 5, 13, 14
7_18_00 1, 9, 13, 5, 14, 6, 10
2_8_14 5, 13
3_11_22 14, 6, 2
1_9_22 14
7_6_12 8, 16, 4, 12, 5, 13, 1
3_9_04 5, 13, 1
7_12_04 5, 13, 1, 9, 10, 2, 6
4_4_12 7, 15, 3, 11
1_2_10 2
3_26_10 4, 12, 16
5_18_22 12, 4, 8, 16, 9
3_25_14 10, 2, 6
6_1_14 8, 16, 4, 12, 9, 1
4_28_04 5, 13, 1, 9
5_8_12 8, 16, 4, 12, 13
8_7_16 10, 2, 6, 14, 11, 3, 7, 15
2_23_10 7, 15
4_11_20 13, 5, 9, 1
1_8_22 1
5_25_06 6, 14, 2, 10, 7
7_14_16 12, 4, 8, 16, 5, 13, 1
4_3_04 3, 11, 15, 7
2_29_14 11, 3
3_28_06 2, 10, 6
5_7_14 9, 1, 5, 13, 2
1_29_08 8
2_13_16 12, 4
6_2_18 10, 2, 6, 14, 7, 15
6_25_02 4, 12, 16, 8, 5, 13
7_10_08 7, 15, 3, 11, 4, 12, 16
4_13_22 15, 7, 11, 3
8_31_04 6, 14, 2, 10, 3, 11, 15, 7
6_27_06 6, 14, 2, 10, 7, 15
6_18_18 10, 2, 6, 14, 7, 15
7_2_22 12, 4, 8, 16, 9, 1, 5
3_3_18 10, 2, 14
6_23_22 13, 5, 9, 1, 14, 6
6_31_12 10, 2, 6, 14, 7, 15
6_15_10 9, 1, 5, 13, 6, 14
4_31_08 8, 16, 12
7_6_04 4, 12, 16, 8, 1, 9, 13
1_25_08 7
4_13_20 14, 6, 10, 2
5_28_04 5, 13, 1, 9, 10
5_22_02 3, 11, 15, 7, 16
2_23_14 9, 1
3_22_02 15, 7, 11
4_14_12 10, 2, 6, 14
4_12_16 11, 3, 7, 15
5_31_14 11, 3, 7, 15, 16
4_10_12 9, 1, 5, 13
8_25_10 8, 16, 4, 12, 9, 1, 5, 13
4_5_06 5, 13, 1, 9
1_14_06 3
2_12_14 6, 14
1_9_06 6
6_24_18 11, 3, 7, 15, 8, 16
7_19_06 4, 12, 16, 8, 13, 5, 9
8_9_00 3, 11, 15, 7, 4, 12, 16, 8
8_28_22 14, 6, 10, 2, 15, 7, 11, 3
8_20_08 5, 13, 1, 9, 6, 14, 2, 10
6_13_18 13, 5, 9, 1, 10, 2
5_3_02 2, 10, 14, 6, 11
2_31_08 8, 16
7_19_00 1, 9, 13, 5, 10, 2, 6
4_30_04 6, 14, 2, 10
7_6_06 5, 13, 1, 9, 2, 10, 14
4_1_02 2, 10, 14, 6
8_17_04 3, 11, 15, 7, 4, 12, 16, 8
4_4_12 7, 15, 3, 11
3_17_14 8, 16, 4
7_6_02 3, 11, 15, 7, 16, 8, 12
7_7_10 7, 15, 3, 11, 16, 8, 12
2_3_08 5, 13
2_1_04 3, 11
1_31_02 13
8_12_14 10, 2, 6, 14, 11, 3, 7, 15
3_16_10 5, 13, 9
4_12_02 4, 12, 16, 8
5_7_06 5, 13, 1, 9, 14
6_18_04 3, 11, 15, 7, 16, 8
7_9_06 6, 14, 2, 10, 7, 15, 3
7_8_10 7, 15, 3, 11, 12, 4, 8
3_31_06 7, 15, 11
4_30_08 8, 16, 4, 12
6_2_06 4, 12, 16, 8, 1, 9
2_13_10 9, 1
3_6_02 15, 7, 11
1_24_08 10
7_9_02 4, 12, 16, 8, 5, 13, 1
6_17_02 2, 10, 14, 6, 3, 11
7_31_08 8, 16, 4, 12, 13, 5, 9
8_18_00 1, 9, 13, 5, 2, 10, 14, 6
7_27_00 3, 11, 15, 7, 12, 4, 8
7_7_14 9, 1, 5, 13, 2, 10, 14
4_13_00 4,12, 16, 8
8_19_16 9, 1, 5, 13, 10, 2, 6, 14
2_10_02 16, 8
4_2_20 11, 3, 7, 15
6_27_12 9, 1, 5, 13, 10, 2
5_11_20 13, 5, 9, 1, 6
6_23_00 2, 10, 14, 6, 3, 11
8_28_04 5, 13, 1, 9, 6, 14, 2, 10
6_12_08 7, 15, 3, 11, 4, 12
2_16_00 16, 8
3_20_18 6, 14, 10
1_14_14 7
7_15_10 9, 1, 5, 13, 14, 6, 10
4_23_00 2, 10, 14, 6
6_19_22 12, 4, 8, 16, 13, 5
7_5_12 8, 16, 4, 12, 9, 1, 5
2_4_04 15, 7
1_16_02 9
5_24_04 4, 12, 16, 8, 9
7_18_06 4, 12, 16, 8, 1, 9, 13
5_3_08 5, 13, 1, 9, 14
3_23_16 10, 2, 14
3_8_16 6, 14, 10
6_9_04 5, 13, 1, 9, 6, 14
1_26_00 15
2_8_20 8, 16
1_17_04 3
7_17_02 2, 10, 14, 6, 3, 11, 15
8_28_20 13, 5, 9, 1, 14, 6, 10, 2
3_1_00 1, 9, 13
8_17_14 8, 16, 4, 12, 9, 1, 5, 13
5_13_10 9, 1, 5, 13, 6
5_9_18 12, 4, 8, 16, 13
8_22_08 6, 14, 2, 10, 7, 15, 3, 11
4_30_22 15, 7, 11, 3
6_22_18 11, 3, 7, 15, 8, 16
1_12_02 8
1_10_18 8
8_5_20 12, 4, 8, 16, 13, 5, 9, 1
5_11_08 7, 15, 3, 11, 16
6_27_12 9, 1, 5, 13, 10, 2
7_11_20 13, 5, 9, 1, 6, 14, 2
5_5_16 10, 2, 6, 14, 11
4_19_20 11, 3, 7, 15
6_11_14 10, 2, 6, 14, 11, 3
1_5_00 2
2_2_10 2, 10
6_24_22 13, 5, 9, 1, 10, 2
4_10_08 7, 15, 3, 11
3_21_12 8, 16, 4
7_23_08 6, 14, 2, 10, 15, 7, 11
3_24_00 14, 6, 2
6_23_16 10, 2, 6, 14, 11, 3
1_22_16 6
5_16_14 11, 3, 7, 15, 12
1_15_12 2
6_6_00 2, 10, 14, 6, 15, 7
6_28_08 7, 15, 3, 11, 4, 12
4_5_14 9, 1, 5, 13
7_31_06 7, 15, 3, 11, 12, 4, 8
2_15_20 14, 6
1_25_10 8
4_20_22 12, 4, 8, 16
3_28_16 7, 15, 11
6_25_14 10, 2, 6, 14, 11, 3
5_1_08 5, 13, 1, 9, 6
7_18_20 11, 3, 7, 15, 8, 16, 4
1_14_06 3
4_30_12 10, 2, 6, 14
5_12_18 12, 4, 8, 16, 1
8_5_10 7, 15, 3, 11, 8, 16, 4, 12
5_7_10 7, 15, 3, 11, 16
2_20_04 15, 7
2_30_18 9, 1
3_3_20 11, 3, 15
6_31_06 7, 15, 3, 11, 4, 12
1_5_12 8
8_28_22 14, 6, 10, 2, 15, 7, 11, 3
3_19_14 8, 16, 12
3_5_16 10, 2, 6
4_4_16 9, 1, 5, 13
7_28_02 4, 12, 16, 8, 9, 1, 5
2_20_00 13, 5
4_30_10 9, 1, 5, 13
6_8_00 2, 10, 14, 6, 15, 7
1_31_12 2
5_25_22 14, 6, 10, 2, 15
2_20_04 15, 7
8_16_04 6, 14, 2, 10, 3, 11, 15, 7
7_8_06 5, 13, 1, 9, 10, 2, 6
5_24_20 12, 4, 8, 16, 1
2_17_18 10, 2
1_10_08 3
2_11_04 5, 13
1_24_04 8
7_14_10 9, 1, 5, 13, 2, 10, 14
7_16_00 4, 12, 16, 8, 5, 13, 1
2_27_10 8, 16
1_2_08 1
4_29_16 12, 4, 8, 16
4_6_22 13, 5, 9, 1
3_19_06 4, 12, 8
8_25_00 3, 11, 15, 7, 4, 12, 16, 8
3_28_16 7, 15, 11
7_27_02 4, 12, 16, 8, 13, 5, 9
1_11_16 3
6_18_12 7, 15, 3, 11, 4, 12
4_29_14 11, 3, 7, 15
4_27_18 12, 4, 8, 16
3_8_20 8, 16, 12
2_30_12 6, 14
4_21_10 7, 15, 3, 11
1_18_18 6
7_2_00 1, 9, 13, 5, 14, 6, 10
5_16_16 12, 4, 8, 16, 13
2_17_20 11, 3
7_26_22 14, 6, 10, 2, 11, 3, 7
1_11_10 16
6_21_06 5, 13, 1, 9, 6, 14
1_4_02 6
3_15_14 11, 3, 15
5_10_10 8, 16, 4, 12, 5
1_23_08 14
7_29_08 8, 16, 4, 12, 5, 13, 1
7_31_18 13, 5, 9, 1, 2, 10, 14
1_31_12 2
4_26_08 7, 15, 3, 11
6_20_16 9, 1, 5, 13, 6, 14
6_23_12 8, 16, 4, 12, 9, 1
1_23_18 3
6_16_16 12, 4, 8, 16, 5, 13
5_6_06 5, 13, 1, 9, 2
6_27_18 12, 4, 8, 16, 13, 5
4_11_02 4, 12, 16, 8
7_28_06 6, 14, 2, 10, 11, 3, 7
1_7_08 14
5_11_04 5, 13, 1, 9, 14
3_4_04 15, 7, 3
1_5_14 9
6_31_10 9, 1, 5, 13, 6, 14
7_20_18 10, 2, 6, 14, 15, 7, 11
2_15_16 12, 4
1_29_08 8
3_21_06 5, 13, 1
1_2_12 3
1_2_18 6
7_21_22 13, 5, 9, 1, 14, 6, 10
8_6_12 8, 16, 4, 12, 9, 1, 5, 13
3_25_00 3, 11, 15
6_14_22 15, 7, 11, 3, 8, 16
7_28_02 4, 12, 16, 8, 9, 1, 5
3_30_06 3, 11, 15
5_18_16 9, 1, 5, 13, 6
2_11_04 5, 13
8_28_14 10, 2, 6, 14, 11, 3, 7, 15
8_11_18 12, 4, 8, 16, 13, 5, 9, 1
8_19_20 11, 3, 7, 15, 12, 4, 8, 16
4_9_22 14, 6, 10, 2
1_27_12 1
2_20_18 6, 14
2_15_06 7, 15
7_26_10 8, 16, 4, 12, 5, 13, 1
2_10_22 10, 2
5_15_20 14, 6, 10, 2, 3
6_17_10 6, 14, 2, 10, 7, 15
6_20_16 9, 1, 5, 13, 6, 14
4_1_10 6, 14, 2, 10
5_22_22 13, 5, 9, 1, 10
3_6_08 2, 10, 14
7_6_10 7, 15, 3, 11, 4, 12, 16
1_18_20 7
1_18_22 8
4_27_04 5, 13, 1, 9
5_21_02 3, 11, 15, 7, 4
1_21_16 10
5_19_22 12, 4, 8, 16, 5
5_12_20 13, 5, 9, 1, 2
5_1_14 8, 16, 4, 12, 9
3_14_22 11, 3, 7
6_9_12 9, 1, 5, 13, 10, 2
6_26_12 9, 1, 5, 13, 6, 14
6_21_04 4, 12, 16, 8, 5, 13
2_31_04 6, 14
1_7_18 3
8_1_04 3, 11, 15, 7, 4, 12, 16, 8
1_13_18 13
2_6_10 3, 11
8_14_18 13, 5, 9, 1, 10, 2, 6, 14
1_3_00 9
4_31_06 7, 15, 3, 11
8_4_12 7, 15, 3, 11, 8, 16, 4, 12
4_21_06 5, 13, 1, 9
2_19_00 1, 9
1_10_02 16
4_8_08 6, 14, 2, 10
8_5_06 5, 13, 1, 9, 6, 14, 2, 10
6_2_04 3, 11, 15, 7, 16, 8
6_1_00 1, 9, 13, 5, 2, 10
5_31_20 14, 6, 10, 2, 3
6_21_06 5, 13, 1, 9, 6, 14
8_15_04 6, 14, 2, 10, 3, 11, 15, 7
6_1_12 7, 15, 3, 11, 8, 16
4_31_04 6, 14, 2, 10
7_4_06 4, 12, 16, 8, 9, 1, 5
8_9_06 6, 14, 2, 10, 7, 15, 3, 11
6_12_14 10, 2, 6, 14, 7, 15
8_13_08 8, 16, 4, 12, 5, 13, 1, 9
5_25_14 10, 2, 6, 14, 11
2_21_08 6, 14
8_31_14 11, 3, 7, 15, 8, 16, 4, 12
5_12_00 3, 11, 15, 7, 8
2_7_12 8, 16
2_21_00 2, 10
4_25_04 5, 13, 1, 9
1_12_16 15
4_10_02 4, 12, 16, 8
3_7_12 8, 16, 12
4_30_04 6, 14, 2, 10
8_9_16 11, 3, 7, 15, 12, 4, 8, 16
3_3_06 4, 12, 8
7_20_20 11, 3, 7, 15, 16, 8, 12
1_8_16 14
4_2_08 5, 13, 1, 9
6_21_20 12, 4, 8, 16, 13, 5
1_25_08 7
5_6_10 7, 15, 3, 11, 4
3_29_02 5, 13, 1
4_23_04 4, 12, 16, 8
6_26_18 12, 4, 8, 16, 9, 1
2_25_18 12, 4
2_28_16 7, 15
1_13_14 11
7_20_18 10, 2, 6, 14, 15, 7, 11
1_14_20 10
6_27_16 11, 3, 7, 15, 12, 4
5_24_02 3, 11, 15, 7, 8
2_17_02 2, 10
3_13_20 14, 6, 10
4_12_04 5, 13, 1, 9
8_12_20 13, 5, 9, 1, 14, 6, 10, 2
5_22_22 13, 5, 9, 1, 10
5_14_06 7, 15, 3, 11, 16
4_22_00 2, 10, 14, 6
5_31_02 5, 13, 1, 9, 10
7_12_12 9, 1, 5, 13, 14, 6, 10
4_30_08 8, 16, 4, 12
2_24_04 16, 8
4_21_04 4, 12, 16, 8
4_20_04 3, 11, 15, 7
1_27_18 4
4_14_06 7, 15, 3, 11
5_6_22 13, 5, 9, 1, 10
8_7_22 13, 5, 9, 1, 14, 6, 10, 2
8_27_04 5, 13, 1, 9, 6, 14, 2, 10
6_11_20 13, 5, 9, 1, 14, 6
2_25_04 5, 13
4_15_02 5, 13, 1, 9
6_27_18 12, 4, 8, 16, 13, 5
7_28_12 9, 1, 5, 13, 14, 6, 10
7_21_12 8, 16, 4, 12, 9, 1, 5
2_14_06 3, 11
6_28_08 7, 15, 3, 11, 4, 12
3_13_02 5, 13, 1
7_13_00 4, 12, 16, 8, 1, 9, 13
5_4_08 5, 13, 1, 9, 10
5_26_04 5, 13, 1, 9, 2
8_16_22 15, 7, 11, 3, 12, 4, 8, 16
6_20_18 10, 2, 6, 14, 7, 15
5_13_14 11, 3, 7, 15, 8
8_15_12 10, 2, 6, 14, 7, 15, 3, 11
6_27_08 7, 15, 3, 11, 8, 16
5_17_12 7, 15, 3, 11, 8
7_24_18 11, 3, 7, 15, 16, 8, 12
6_9_08 7, 15, 3, 11, 8, 16
5_29_00 4, 12, 16, 8, 1
4_31_00 4,12, 16, 8
6_8_02 3, 11, 15, 7, 16, 8
8_30_06 7, 15, 3, 11, 4, 12, 16, 8
5_11_18 12, 4, 8, 16, 5
4_29_10 9, 1, 5, 13
8_13_20 14, 6, 10, 2, 11, 3, 7, 15
7_23_16 10, 2, 6, 14, 3, 11, 15
7_26_02 4, 12, 16, 8, 1, 9, 13
6_3_06 4, 12, 16, 8, 5, 13
6_2_06 4, 12, 16, 8, 1, 9
8_15_04 6, 14, 2, 10, 3, 11, 15, 7
1_23_00 10
1_30_00 16
1_21_00 2
1_15_02 13
3_30_18 9, 1, 5
3_19_08 5, 13, 9
6_30_10 9, 1, 5, 13, 2, 10
1_8_08 10
4_22_18 11, 3, 7, 15
3_19_06 4, 12, 8
2_6_16 6, 14
8_25_00 3, 11, 15, 7, 4, 12, 16, 8
7_23_00 2, 10, 14, 6, 11, 3, 7
4_23_10 7, 15, 3, 11
1_4_04 7
4_27_16 11, 3, 7, 15
1_18_12 3
2_24_18 7, 15
2_10_10 4, 12
1_7_00 10
7_24_04 4, 12, 16, 8, 9, 1, 5
2_23_02 3, 11
2_20_02 14, 6
8_8_02 3, 11, 15, 7, 4, 12, 16, 8
8_29_22 15, 7, 11, 3, 12, 4, 8, 16
4_3_06 4, 12, 16, 8
2_25_06 6, 14
3_19_00 1, 9, 5
7_3_08 5, 13, 1, 9, 14, 6, 10
1_5_12 8
3_7_12 8, 16, 12
6_30_20 14, 6, 10, 2, 7, 15
8_9_14 10, 2, 6, 14, 11, 3, 7, 15
3_7_02 3, 11, 7
5_22_20 12, 4, 8, 16, 9
4_18_08 5, 13, 1, 9
1_19_16 1
7_25_12 9, 1, 5, 13, 10, 2, 6
6_18_06 4, 12, 16, 8, 1, 9
6_6_10 7, 15, 3, 11, 4, 12
4_28_20 13, 5, 9, 1
6_5_00 2, 10, 14, 6, 3, 11
1_2_02 14
7_22_10 7, 15, 3, 11, 4, 12, 16
8_28_04 5, 13, 1, 9, 6, 14, 2, 10
8_28_08 7, 15, 3, 11, 8, 16, 4, 12
1_15_20 6
6_25_02 4, 12, 16, 8, 5, 13
8_18_20 11, 3, 7, 15, 12, 4, 8, 16
7_6_12 8, 16, 4, 12, 5, 13, 1
2_25_20 13, 5
5_5_16 10, 2, 6, 14, 11
7_9_04 5, 13, 1, 9, 6, 14, 2
1_24_18 15
8_27_06 6, 14, 2, 10, 7, 15, 3, 11
4_8_18 11, 3, 7, 15
4_6_10 7, 15, 3, 11
2_25_20 13, 5
8_20_06 4, 12, 16, 8, 5, 13, 1, 9
1_17_14 8
1_6_22 9
3_6_18 7, 15, 3
3_11_02 4, 12, 8
2_12_16 7, 15
8_10_14 10, 2, 6, 14, 11, 3, 7, 15
6_21_16 10, 2, 6, 14, 11, 3
1_24_10 11
1_14_18 9
2_12_12 5, 13
7_2_18 10, 2, 6, 14, 7, 15, 3
3_28_02 16, 8, 4
3_3_04 3, 11, 7
8_8_02 3, 11, 15, 7, 4, 12, 16, 8
5_1_10 6, 14, 2, 10, 7
8_23_02 3, 11, 15, 7, 4, 12, 16, 8
4_15_20 14, 6, 10, 2
1_15_12 2
3_7_22 13, 5, 1
4_4_00 1, 9, 13, 5
1_26_00 15
2_13_18 13, 5
2_21_12 8, 16
3_26_04 1, 9, 13
6_2_18 10, 2, 6, 14, 7, 15
1_29_20 14
5_25_16 11, 3, 7, 15, 12
8_7_10 7, 15, 3, 11, 8, 16, 4, 12
1_11_02 12
1_29_08 8
1_21_18 11
8_24_04 4, 12, 16, 8, 5, 13, 1, 9
8_24_06 5, 13, 1, 9, 6, 14, 2, 10
2_16_20 10, 2
2_6_02 15, 7
2_4_18 6, 14
2_22_02 15, 7
5_3_22 12, 4, 8, 16, 5
3_26_16 7, 15, 3
7_27_16 11, 3, 7, 15, 4, 12, 16
1_16_20 2
8_14_22 15, 7, 11, 3, 12, 4, 8, 16
2_10_00 15, 7
2_26_06 2, 10
7_11_08 7, 15, 3, 11, 16, 8, 12
3_10_04 1, 9, 13
8_28_10 8, 16, 4, 12, 9, 1, 5, 13
2_4_12 3, 11
7_14_22 15, 7, 11, 3, 8, 16, 4
8_11_18 12, 4, 8, 16, 13, 5, 9, 1
2_17_22 12, 4
4_14_02 5, 13, 1, 9
8_13_18 13, 5, 9, 1, 10, 2, 6, 14
1_25_22 14
4_9_12 9, 1, 5, 13
4_9_06 6, 14, 2, 10
4_17_14 8, 16, 4, 12
2_30_00 16, 8
3_18_00 13, 5, 9
4_12_02 4, 12, 16, 8
7_14_14 11, 3, 7, 15, 4, 12, 16
8_22_10 7, 15, 3, 11, 8, 16, 4, 12
7_16_14 11, 3, 7, 15, 12, 4, 8
5_9_18 12, 4, 8, 16, 13
5_10_14 10, 2, 6, 14, 7
4_4_04 3, 11, 15, 7
6_24_20 12, 4, 8, 16, 9, 1
1_3_20 3
3_22_22 9, 1, 5
1_11_06 14
6_22_06 5, 13, 1, 9, 2, 10
6_24_06 5, 13, 1, 9, 2, 10
7_22_12 8, 16, 4, 12, 5, 13, 1
8_4_14 8, 16, 4, 12, 9, 1, 5, 13
3_30_14 7, 15, 3
5_28_10 8, 16, 4, 12, 13
7_26_14 10, 2, 6, 14, 7, 15, 3
6_18_12 7, 15, 3, 11, 4, 12
4_14_14 11, 3, 7, 15
5_23_08 6, 14, 2, 10, 15
2_22_22 9, 1
8_22_16 10, 2, 6, 14, 11, 3, 7, 15
8_1_00 1, 9, 13, 5, 2, 10, 14, 6
5_15_16 12, 4, 8, 16, 1
6_23_06 5, 13, 1, 9, 6, 14
7_15_20 14, 6, 10, 2, 3, 11, 15
6_23_16 10, 2, 6, 14, 11, 3
2_9_04 5, 13
2_13_22 15, 7
6_29_04 6, 14, 2, 10, 3, 11
7_17_08 5, 13, 1, 9, 6, 14, 2
6_15_14 11, 3, 7, 15, 8, 16
5_18_18 10, 2, 6, 14, 7
4_26_12 9, 1, 5, 13
1_8_14 13
6_30_18 13, 5, 9, 1, 6, 14
7_6_22 13, 5, 9, 1, 10, 2, 6
3_9_08 7, 15, 3
2_14_04 2, 10
2_16_20 10, 2
7_29_20 14, 6, 10, 2, 11, 3, 7
2_11_14 10, 2
5_21_06 5, 13, 1, 9, 6
1_26_08 3
3_1_22 12, 4, 8
7_27_06 6, 14, 2, 10, 15, 7, 11
2_17_14 8, 16
2_19_18 10, 2
5_17_14 8, 16, 4, 12, 9
4_27_02 4, 12, 16, 8
5_16_06 7, 15, 3, 11, 8
3_1_10 6, 14, 2
5_27_16 11, 3, 7, 15, 4
5_25_14 10, 2, 6, 14, 11
8_14_08 8, 16, 4, 12, 5, 13, 1, 9
7_25_18 12, 4, 8, 16, 13, 5, 9
6_12_08 7, 15, 3, 11, 4, 12
7_26_14 10, 2, 6, 14, 7, 15, 3
1_13_10 9
1_13_18 13
8_18_06 4, 12, 16, 8, 5, 13, 1, 9
8_10_02 4, 12, 16, 8, 5, 13, 1, 9
1_7_10 15
7_20_14 8, 16, 4, 12, 13, 5, 9
1_8_20 16
4_26_12 9, 1, 5, 13
2_30_00 16, 8
7_5_20 12, 4, 8, 16, 13, 5, 9
2_22_20 8, 16
4_7_12 8, 16, 4, 12
6_24_10 7, 15, 3, 11, 4, 12
8_26_10 8, 16, 4, 12, 9, 1, 5, 13
3_1_02 2, 10, 14
7_2_06 4, 12, 16, 8, 1, 9, 13
4_21_22 13, 5, 9, 1
1_14_14 7
2_29_16 12, 4
3_9_04 5, 13, 1
3_14_06 3, 11, 15
4_9_22 14, 6, 10, 2
4_16_08 8, 16, 4, 12
2_3_00 1, 9
3_3_18 10, 2, 14
3_3_08 5, 13, 9
1_25_00 3
2_25_12 9, 1
2_12_20 9, 1
3_22_14 5, 13, 1
2_11_12 9, 1
6_30_06 7, 15, 3, 11, 16, 8
3_22_14 5, 13, 1
4_4_18 10, 2, 6, 14
2_21_00 2, 10
6_5_04 4, 12, 16, 8, 5, 13
7_24_04 4, 12, 16, 8, 9, 1, 5
3_13_02 5, 13, 1
7_5_02 3, 11, 15, 7, 4, 12, 16
5_21_12 8, 16, 4, 12, 9
3_10_18 8, 16, 4
3_7_14 9, 1, 13
8_16_10 9, 1, 5, 13, 6, 14, 2, 10
1_6_06 1
7_8_08 6, 14, 2, 10, 11, 3, 7
5_5_10 7, 15, 3, 11, 8
1_7_06 13
8_6_02 3, 11, 15, 7, 4, 12, 16, 8
3_1_10 6, 14, 2
1_17_14 8
4_14_18 13, 5, 9, 1
1_7_12 16
8_2_12 7, 15, 3, 11, 8, 16, 4, 12
4_4_22 12, 4, 8, 16
6_3_18 10, 2, 6, 14, 11, 3
3_17_20 11, 3, 7
4_15_14 11, 3, 7, 15
1_5_20 12
6_8_22 13, 5, 9, 1, 10, 2
4_17_22 12, 4, 8, 16
7_6_16 10, 2, 6, 14, 7, 15, 3
7_31_04 6, 14, 2, 10, 11, 3, 7
5_8_06 5, 13, 1, 9, 10
7_24_00 2, 10, 14, 6, 7, 15, 3
8_4_22 12, 4, 8, 16, 13, 5, 9, 1
7_15_04 6, 14, 2, 10, 11, 3, 7
7_29_14 11, 3, 7, 15, 8, 16, 4
8_26_02 4, 12, 16, 8, 5, 13, 1, 9
3_14_10 5, 13, 1
4_5_16 10, 2, 6, 14
5_4_00 1, 9, 13, 5, 6
2_22_06 1, 9
2_30_12 6, 14
2_18_06 16, 8
5_12_18 12, 4, 8, 16, 1
3_12_14 6, 14, 10
3_7_06 5, 13, 9
1_3_14 16
6_29_22 15, 7, 11, 3, 12, 4
2_31_16 12, 4
1_24_12 12
6_16_14 11, 3, 7, 15, 4, 12
5_1_14 8, 16, 4, 12, 9
8_9_16 11, 3, 7, 15, 12, 4, 8, 16
1_23_04 12
7_30_12 10, 2, 6, 14, 3, 11, 15
6_4_16 9, 1, 5, 13, 6, 14
8_26_04 5, 13, 1, 9, 6, 14, 2, 10
4_22_22 13, 5, 9, 1
3_8_00 14, 6, 2
1_11_06 14
2_6_14 5, 13
8_19_00 1, 9, 13, 5, 2, 10, 14, 6
3_27_20 13, 5, 1
6_18_16 9, 1, 5, 13, 6, 14
2_24_02 15, 7
4_30_20 14, 6, 10, 2
5_8_02 3, 11, 15, 7, 8
5_23_02 3, 11, 15, 7, 12
1_21_22 13
7_23_06 5, 13, 1, 9, 14, 6, 10
7_24_02 3, 11, 15, 7, 8, 16, 4
7_26_00 3, 11, 15, 7, 16, 8, 12
7_28_02 4, 12, 16, 8, 9, 1, 5
7_30_10 9, 1, 5, 13, 2, 10, 14
4_9_20 13, 5, 9, 1
4_31_08 8, 16, 12
2_18_14 4, 12
5_2_14 8, 16, 4, 12, 5
6_1_04 3, 11, 15, 7, 4, 12
5_17_12 7, 15, 3, 11, 8
2_16_10 5, 13
6_8_16 10, 2, 6, 14, 7, 15
4_15_14 11, 3, 7, 15
1_4_20 15
2_11_04 5, 13
5_30_04 6, 14, 2, 10, 15
6_7_02 3, 11, 15, 7, 4, 12
2_13_16 12, 4
5_7_10 7, 15, 3, 11, 16
7_29_20 14, 6, 10, 2, 11, 3, 7
4_17_00 1, 9, 13, 5
5_1_10 6, 14, 2, 10, 7
8_17_00 1, 9, 13, 5, 2, 10, 14, 6
4_29_12 10, 2, 6, 14
5_25_08 7, 15, 3, 11, 8
4_4_20 11, 3, 7, 15
4_28_10 8, 16, 4, 12
8_31_08 8, 16, 4, 12, 5, 13, 1, 9
8_23_06 5, 13, 1, 9, 6, 14, 2, 10
1_24_10 11
4_31_06 7, 15, 3, 11
4_28_20 13, 5, 9, 1
1_7_00 10
8_26_06 6, 14, 2, 10, 7, 15, 3, 11
5_27_20 13, 5, 9, 1, 6
8_15_00 4, 12, 16, 8, 1, 9, 13, 5
5_22_08 6, 14, 2, 10, 3
7_9_22 14, 6, 10, 2, 15, 7, 11
1_25_16 11
6_12_14 10, 2, 6, 14, 7, 15
3_19_12 7, 15, 11
1_11_04 13
2_27_22 14, 6
4_24_04 4, 12, 16, 8
6_5_14 9, 1, 5, 13, 10, 2
2_17_08 5, 13
3_26_18 8, 16, 4
7_14_18 13, 5, 9, 1, 6, 14, 2
3_22_08 2, 10, 14
6_17_08 5, 13, 1, 9, 6, 14
2_21_00 2, 10
7_17_06 4, 12, 16, 8, 5, 13, 1
7_10_06 6, 14, 2, 10, 3, 11, 15
4_16_12 10, 2, 6, 14
1_7_18 3
7_24_10 7, 15, 3, 11, 12, 4, 8
5_18_08 5, 13, 1, 9, 2
6_25_00 3, 11, 15, 7, 4, 12
7_19_18 10, 2, 6, 14, 3, 11, 15
8_9_14 10, 2, 6, 14, 11, 3, 7, 15
8_20_20 11, 3, 7, 15, 12, 4, 8, 16
5_23_02 3, 11, 15, 7, 12
5_29_18 13, 5, 9, 1, 10
6_29_12 10, 2, 6, 14, 7, 15
7_20_12 7, 15, 3, 11, 12, 4, 8
3_4_00 13, 5, 1
6_27_16 11, 3, 7, 15, 12, 4
5_5_08 6, 14, 2, 10, 7
3_25_06 6, 14, 2
7_29_04 6, 14, 2, 10, 3, 11, 15
3_20_18 6, 14, 10
1_11_22 6
3_2_12 3, 11, 15
7_29_12 10, 2, 6, 14, 7, 15, 3
8_24_10 7, 15, 3, 11, 8, 16, 4, 12
8_28_06 6, 14, 2, 10, 7, 15, 3, 11
2_23_14 9, 1
1_18_18 6
7_11_14 10, 2, 6, 14, 3, 11, 15
1_8_04 8
4_6_02 3, 11, 15, 7
1_15_00 12
8_5_22 13, 5, 9, 1, 14, 6, 10, 2
2_6_18 7, 15
6_11_14 10, 2, 6, 14, 11, 3
5_15_18 13, 5, 9, 1, 2
3_22_04 16, 8, 12
6_24_16 10, 2, 6, 14, 7, 15
3_13_00 4,12, 16
6_28_04 5, 13, 1, 9, 2, 10
8_7_00 2, 10, 14, 6, 3, 11, 15, 7
4_9_02 4, 12, 16, 8
1_5_00 2
3_15_06 7, 15, 11
1_13_14 11
4_27_04 5, 13, 1, 9
1_24_12 12
2_11_10 8, 16
1_29_14 11
6_8_02 3, 11, 15, 7, 16, 8
2_19_04 3, 11
3_19_08 5, 13, 9
3_20_20 7, 15, 11
6_4_20 11, 3, 7, 15, 8, 16
1_25_10 8
3_10_12 5, 13, 1
5_27_20 13, 5, 9, 1, 6
8_9_04 5, 13, 1, 9, 6, 14, 2, 10
8_5_10 7, 15, 3, 11, 8, 16, 4, 12
4_27_04 5, 13, 1, 9
3_10_08 3, 11, 15
7_23_18 11, 3, 7, 15, 4, 12, 16
1_9_18 12
2_29_00 4,12
1_26_14 6
5_2_06 4, 12, 16, 8, 1
1_23_00 10
4_23_12 8, 16, 4, 12
8_29_00 4, 12, 16, 8, 1, 9, 13, 5
1_2_14 4
5_5_04 4, 12, 16, 8, 5
1_28_12 13
3_12_16 7, 15, 11
1_8_20 16
1_18_06 16
6_28_06 6, 14, 2, 10, 3, 11
8_21_08 6, 14, 2, 10, 7, 15, 3, 11
4_24_10 7, 15, 3, 11
8_18_22 12, 4, 8, 16, 13, 5, 9, 1
4_23_18 11, 3, 7, 15
7_11_02 4, 12, 16, 8, 13, 5, 9
5_18_20 11, 3, 7, 15, 8
8_12_04 5, 13, 1, 9, 6, 14, 2, 10
8_3_12 7, 15, 3, 11, 8, 16, 4, 12
6_10_02 4, 12, 16, 8, 1, 9
3_30_00 16, 8, 12
4_22_04 4, 12, 16, 8
1_11_20 5
4_12_02 4, 12, 16, 8
2_6_00 14, 6
4_6_12 8, 16, 4, 12
4_11_00 3, 11, 15, 7
6_3_10 6, 14, 2, 10, 7, 15
2_9_16 11, 3
2_1_06 4, 12
2_22_16 6, 14
4_8_08 6, 14, 2, 10
4_13_22 15, 7, 11, 3
7_19_02 2, 10, 14, 6, 11, 3, 7
7_26_10 8, 16, 4, 12, 5, 13, 1
3_30_22 11, 3, 7
6_24_00 2, 10, 14, 6, 15, 7
1_17_16 9
7_26_16 11, 3, 7, 15, 8, 16, 4
1_24_14 13
5_20_10 6, 14, 2, 10, 11
4_11_14 10, 2, 6, 14
7_8_08 6, 14, 2, 10, 11, 3, 7
4_6_08 6, 14, 2, 10
4_30_02 5, 13, 1, 9
2_22_10 3, 11
1_15_20 6
7_23_22 13, 5, 9, 1, 6, 14, 2
8_20_20 11, 3, 7, 15, 12, 4, 8, 16
8_8_18 11, 3, 7, 15, 12, 4, 8, 16
8_12_20 13, 5, 9, 1, 14, 6, 10, 2
8_3_10 6, 14, 2, 10, 7, 15, 3, 11
7_16_10 9, 1, 5, 13, 10, 2, 6
4_15_10 9, 1, 5, 13
7_26_20 13, 5, 9, 1, 10, 2, 6
8_15_02 5, 13, 1, 9, 2, 10, 14, 6
6_10_22 14, 6, 10, 2, 11, 3
3_12_20 9, 1, 13
8_31_14 11, 3, 7, 15, 8, 16, 4, 12
2_11_20 13, 5
2_29_20 14, 6
2_28_08 3, 11
1_29_12 10
7_9_12 9, 1, 5, 13, 10, 2, 6
6_6_06 5, 13, 1, 9, 2, 10
3_27_16 11, 3, 15
3_17_12 7, 15, 3
1_26_20 9
3_20_08 1, 9, 5
4_14_20 14, 6, 10, 2
2_10_20 9, 1
5_10_16 11, 3, 7, 15, 8
6_28_22 14, 6, 10, 2, 11, 3
7_12_22 14, 6, 10, 2, 3, 11, 15
1_29_12 10
4_25_10 8, 16, 4, 12
7_21_04 4, 12, 16, 8, 5, 13, 1
6_12_06 6, 14, 2, 10, 3, 11
2_23_10 7, 15
6_4_20 11, 3, 7, 15, 8, 16
8_8_08 6, 14, 2, 10, 7, 15, 3, 11
1_21_04 4
6_3_10 6, 14, 2, 10, 7, 15
1_17_10 6
4_23_14 9, 1, 5, 13
6_25_12 9, 1, 5, 13, 10, 2
6_27_00 3, 11, 15, 7, 4, 12
8_11_16 11, 3, 7, 15, 12, 4, 8, 16
8_12_20 13, 5, 9, 1, 14, 6, 10, 2
1_27_14 2
7_19_08 5, 13, 1, 9, 14, 6, 10
4_21_06 5, 13, 1, 9
2_6_22 9, 1
6_10_18 12, 4, 8, 16, 9, 1
3_29_04 6, 14, 2
1_15_18 5
2_12_08 3, 11
4_7_22 13, 5, 9, 1
5_7_08 6, 14, 2, 10, 15
5_15_18 13, 5, 9, 1, 2
3_4_10 2, 10, 6
5_9_16 11, 3, 7, 15, 12
2_22_10 3, 11
4_29_06 7, 15, 3, 11
5_25_08 7, 15, 3, 11, 8
3_19_06 4, 12, 8
8_14_12 10, 2, 6, 14, 7, 15, 3, 11
5_8_22 13, 5, 9, 1, 2
6_14_20 14, 6, 10, 2, 7, 15
2_3_18 10, 2
2_12_06 2, 10
5_14_22 15, 7, 11, 3, 8
7_19_06 4, 12, 16, 8, 13, 5, 9
1_6_22 9
1_16_22 3
5_20_22 12, 4, 8, 16, 1
7_17_04 3, 11, 15, 7, 4, 12, 16
1_19_04 11
8_4_12 7, 15, 3, 11, 8, 16, 4, 12
3_14_22 11, 3, 7
1_29_06 7
7_10_10 8, 16, 4, 12, 5, 13, 1
1_15_10 1
6_2_14 8, 16, 4, 12, 5, 13
2_8_12 4, 12
4_12_14 10, 2, 6, 14
1_3_18 2
7_2_16 9, 1, 5, 13, 6, 14, 2
6_4_18 10, 2, 6, 14, 7, 15
5_13_20 14, 6, 10, 2, 11
1_17_06 4
8_20_08 5, 13, 1, 9, 6, 14, 2, 10
6_22_10 7, 15, 3, 11, 4, 12
8_5_10 7, 15, 3, 11, 8, 16, 4, 12
6_24_14 9, 1, 5, 13, 6, 14
7_8_04 4, 12, 16, 8, 9, 1, 5
7_30_12 10, 2, 6, 14, 3, 11, 15
5_13_10 9, 1, 5, 13, 6
2_7_22 13, 5
6_4_08 5, 13, 1, 9, 2, 10
3_31_20 14, 6, 2
8_26_10 8, 16, 4, 12, 9, 1, 5, 13
8_9_16 11, 3, 7, 15, 12, 4, 8, 16
2_2_00 13, 5
3_2_06 16, 8, 12
1_11_02 12
8_30_20 14, 6, 10, 2, 11, 3, 7, 15
3_26_04 1, 9, 13
5_25_02 4, 12, 16, 8, 5
5_9_04 5, 13, 1, 9, 6
8_27_16 11, 3, 7, 15, 12, 4, 8, 16
2_17_22 12, 4
6_30_16 12, 4, 8, 16, 5, 13
3_30_04 2, 10, 14
3_6_14 5, 13, 1
3_17_08 5, 13, 1
7_3_22 12, 4, 8, 16, 5, 13, 1
8_25_18 12, 4, 8, 16, 13, 5, 9, 1
3_29_22 15, 7, 11
2_12_22 10, 2
6_18_16 9, 1, 5, 13, 6, 14
1_27_00 11
7_26_14 10, 2, 6, 14, 7, 15, 3
7_6_04 4, 12, 16, 8, 1, 9, 13
7_31_12 10, 2, 6, 14, 15, 7, 11
8_31_02 5, 13, 1, 9, 2, 10, 14, 6
6_10_08 7, 15, 3, 11, 4, 12
7_4_04 3, 11, 15, 7, 8, 16, 4
3_15_22 15, 7, 3
6_11_08 7, 15, 3, 11, 8, 16
2_2_20 7, 15
6_26_16 11, 3, 7, 15, 8, 16
3_18_20 7, 15, 3
7_6_14 9, 1, 5, 13, 6, 14, 2
4_27_12 9, 1, 5, 13
7_1_18 10, 2, 6, 14, 11, 3, 7
8_17_10 6, 14, 2, 10, 7, 15, 3, 11
5_16_16 12, 4, 8, 16, 13
6_18_20 11, 3, 7, 15, 8, 16
4_13_22 15, 7, 11, 3
2_19_16 9, 1
4_3_20 11, 3, 7, 15
7_29_00 4, 12, 16, 8, 1, 9, 13
8_16_22 15, 7, 11, 3, 12, 4, 8, 16
8_31_06 7, 15, 3, 11, 4, 12, 16, 8
1_25_22 14
6_21_12 8, 16, 4, 12, 9, 1
6_31_08 8, 16, 4, 12, 5, 13
6_19_22 12, 4, 8, 16, 13, 5
1_28_12 13
6_28_14 10, 2, 6, 14, 7, 15
5_9_10 8, 16, 4, 12, 9
1_19_04 11
4_22_10 7, 15, 3, 11
3_18_04 15, 7, 11
4_29_12 10, 2, 6, 14
2_25_14 10, 2
7_10_14 10, 2, 6, 14, 7, 15, 3
4_27_08 7, 15, 3, 11
2_16_06 3, 11
5_11_06 6, 14, 2, 10, 15
5_5_18 11, 3, 7, 15, 12
7_22_20 12, 4, 8, 16, 9, 1, 5
2_25_16 11, 3
3_31_04 6, 14, 10
5_17_08 5, 13, 1, 9, 6
7_7_16 10, 2, 6, 14, 3, 11, 15
6_19_14 8, 16, 4, 12, 9, 1
3_21_02 3, 11, 15
4_25_02 4, 12, 16, 8
1_1_20 11
2_3_22 12, 4
5_7_04 4, 12, 16, 8, 13
3_6_04 16, 8, 12
8_11_18 12, 4, 8, 16, 13, 5, 9, 1
7_20_12 7, 15, 3, 11, 12, 4, 8
7_18_14 8, 16, 4, 12, 5, 13, 1
3_3_12 7, 15, 11
6_20_14 8, 16, 4, 12, 5, 13
8_14_02 5, 13, 1, 9, 2, 10, 14, 6
2_26_04 1, 9
6_23_22 13, 5, 9, 1, 14, 6
8_31_12 10, 2, 6, 14, 7, 15, 3, 11
3_13_06 7, 15, 3
5_17_04 3, 11, 15, 7, 4
7_25_10 8, 16, 4, 12, 9, 1, 5
2_15_04 6, 14
5_16_22 15, 7, 11, 3, 16
8_8_22 13, 5, 9, 1, 14, 6, 10, 2
6_1_22 12, 4, 8, 16, 13, 5
3_7_08 6, 14, 10
6_22_20 12, 4, 8, 16, 9, 1
7_5_04 4, 12, 16, 8, 5, 13, 1
6_25_20 13, 5, 9, 1, 14, 6
4_30_10 9, 1, 5, 13
5_19_02 2, 10, 14, 6, 11
5_1_06 4, 12, 16, 8, 5
3_5_18 11, 3, 7
6_20_04 3, 11, 15, 7, 16, 8
7_5_02 3, 11, 15, 7, 4, 12, 16
2_13_22 15, 7
6_22_18 11, 3, 7, 15, 8, 16
8_17_22 12, 4, 8, 16, 13, 5, 9, 1
2_26_04 1, 9
1_11_12 1
5_24_18 11, 3, 7, 15, 16
4_24_14 9, 1, 5, 13
4_15_06 7, 15, 3, 11
6_27_20 13, 5, 9, 1, 14, 6
1_17_16 9
8_19_12 7, 15, 3, 11, 8, 16, 4, 12
4_23_22 13, 5, 9, 1
5_3_04 3, 11, 15, 7, 12
3_26_02 16, 8, 12
7_17_16 9, 1, 5, 13, 10, 2, 6
6_17_04 3, 11, 15, 7, 4, 12
3_6_22 9, 1, 5
7_7_10 7, 15, 3, 11, 16, 8, 12
4_18_00 1, 9, 13, 5
3_1_02 2, 10, 14
6_23_14 9, 1, 5, 13, 10, 2
1_2_06 16
3_19_20 11, 3, 15
4_22_18 11, 3, 7, 15
7_16_20 14, 6, 10, 2, 15, 7, 11
5_7_16 10, 2, 6, 14, 3
7_26_16 11, 3, 7, 15, 8, 16, 4
3_7_04 4, 12, 8
6_3_06 4, 12, 16, 8, 5, 13
1_6_16 6
5_16_04 6, 14, 2, 10, 7
6_22_12 8, 16, 4, 12, 5, 13
1_1_12 7
7_15_22 15, 7, 11, 3, 4, 12, 16
4_12_20 13, 5, 9, 1
7_17_08 5, 13, 1, 9, 6, 14, 2
8_4_14 8, 16, 4, 12, 9, 1, 5, 13
3_28_20 9, 1, 13
2_3_14 8, 16
5_24_00 2, 10, 14, 6, 7
6_3_06 4, 12, 16, 8, 5, 13
1_19_16 1
2_29_14 11, 3
8_30_04 6, 14, 2, 10, 3, 11, 15, 7
8_31_06 7, 15, 3, 11, 4, 12, 16, 8
1_29_16 12
7_24_20 12, 4, 8, 16, 1, 9, 13
6_19_10 6, 14, 2, 10, 7, 15
5_3_20 11, 3, 7, 15, 4
7_14_16 12, 4, 8, 16, 5, 13, 1
7_18_00 1, 9, 13, 5, 14, 6, 10
3_8_22 9, 1, 13
8_19_00 1, 9, 13, 5, 2, 10, 14, 6
2_25_14 10, 2
8_2_14 8, 16, 4, 12, 9, 1, 5, 13
3_4_10 2, 10, 6
1_23_08 14
2_24_14 5, 13
4_8_06 5, 13, 1, 9
1_17_16 9
4_8_02 3, 11, 15, 7
5_29_20 14, 6, 10, 2, 11
2_18_16 5, 13
7_24_22 13, 5, 9, 1, 2, 10, 14
8_6_14 9, 1, 5, 13, 10, 2, 6, 14
6_24_22 13, 5, 9, 1, 10, 2
4_26_02 4, 12, 16, 8
5_16_18 13, 5, 9, 1, 14
8_27_02 4, 12, 16, 8, 5, 13, 1, 9
2_24_06 1, 9
2_19_06 4, 12
7_3_00 1, 9, 13, 5, 10, 2, 6
7_24_14 9, 1, 5, 13, 14, 6, 10
5_28_12 9, 1, 5, 13, 14
3_11_08 7, 15, 11
6_31_06 7, 15, 3, 11, 4, 12
2_3_14 8, 16
3_29_00 4,12, 16
7_25_08 7, 15, 3, 11, 8, 16, 4
3_29_00 4,12, 16
7_27_00 3, 11, 15, 7, 12, 4, 8
4_4_12 7, 15, 3, 11
4_27_06 6, 14, 2, 10
7_24_12 8, 16, 4, 12, 13, 5, 9
3_28_04 1, 9, 5
6_7_08 6, 14, 2, 10, 7, 15
4_30_20 14, 6, 10, 2
4_10_18 12, 4, 8, 16
6_30_20 14, 6, 10, 2, 7, 15
8_20_02 2, 10, 14, 6, 3, 11, 15, 7
3_15_00 4,12, 8
8_30_14 11, 3, 7, 15, 8, 16, 4, 12
3_10_06 2, 10, 14
6_19_06 4, 12, 16, 8, 5, 13
6_6_20 12, 4, 8, 16, 9, 1
8_25_02 4, 12, 16, 8, 5, 13, 1, 9
3_2_08 1, 9, 13
4_4_08 5, 13, 1, 9
2_12_12 5, 13
2_20_10 2, 10
7_31_06 7, 15, 3, 11, 12, 4, 8
8_10_20 13, 5, 9, 1, 14, 6, 10, 2
6_8_18 11, 3, 7, 15, 8, 16
4_21_04 4, 12, 16, 8
4_19_00 1, 9, 13, 5
7_6_12 8, 16, 4, 12, 5, 13, 1
3_21_00 2, 10, 14
2_5_04 4, 12
2_9_12 9, 1
6_15_04 6, 14, 2, 10, 3, 11
5_15_08 8, 16, 4, 12, 13
1_19_18 2
6_7_14 9, 1, 5, 13, 10, 2
6_15_16 12, 4, 8, 16, 9, 1
7_18_08 5, 13, 1, 9, 2, 10, 14
5_4_06 4, 12, 16, 8, 9
5_17_08 5, 13, 1, 9, 6
8_25_04 5, 13, 1, 9, 6, 14, 2, 10
7_4_16 9, 1, 5, 13, 14, 6, 10
6_27_22 14, 6, 10, 2, 15, 7
6_14_06 7, 15, 3, 11, 16, 8
6_24_16 10, 2, 6, 14, 7, 15
6_23_10 7, 15, 3, 11, 8, 16
3_24_10 3, 11, 7
5_2_08 5, 13, 1, 9, 2
5_29_08 8, 16, 4, 12, 5
1_8_06 9
5_27_14 10, 2, 6, 14, 3
5_7_20 12, 4, 8, 16, 5
8_4_22 12, 4, 8, 16, 13, 5, 9, 1
7_19_06 4, 12, 16, 8, 13, 5, 9
3_4_10 2, 10, 6
5_15_04 6, 14, 2, 10, 11
2_16_04 2, 10
5_27_02 4, 12, 16, 8, 13
5_17_08 5, 13, 1, 9, 6
5_16_00 4, 12, 16, 8, 5
2_15_18 13, 5
1_5_02 3
6_14_12 10, 2, 6, 14, 3, 11
6_19_16 9, 1, 5, 13, 10, 2
3_23_00 2, 10, 6
8_30_04 6, 14, 2, 10, 3, 11, 15, 7
4_19_08 5, 13, 1, 9
2_28_02 16, 8
1_23_14 1
1_2_14 4
3_26_00 15, 7, 11
4_18_04 3, 11, 15, 7
8_28_22 14, 6, 10, 2, 15, 7, 11, 3
1_16_06 11
6_12_04 5, 13, 1, 9, 2, 10
8_14_04 6, 14, 2, 10, 3, 11, 15, 7
1_27_14 2
4_16_02 5, 13, 1, 9
2_11_10 8, 16
6_6_20 12, 4, 8, 16, 9, 1
3_7_12 8, 16, 12
3_16_12 6, 14, 10
4_2_08 5, 13, 1, 9
2_24_06 1, 9
8_25_18 12, 4, 8, 16, 13, 5, 9, 1
4_17_10 6, 14, 2, 10
5_8_00 2, 10, 14, 6, 7
5_7_10 7, 15, 3, 11, 16
3_6_04 16, 8, 12
3_16_00 16, 8, 4
6_1_06 4, 12, 16, 8, 5, 13
8_11_02 4, 12, 16, 8, 5, 13, 1, 9
8_8_22 13, 5, 9, 1, 14, 6, 10, 2
7_30_20 14, 6, 10, 2, 7, 15, 3
1_14_06 3
7_2_02 2, 10, 14, 6, 15, 7, 11
3_3_10 6, 14, 10
4_5_04 4, 12, 16, 8
4_30_20 14, 6, 10, 2
8_25_00 3, 11, 15, 7, 4, 12, 16, 8
5_29_02 5, 13, 1, 9, 2
3_3_02 2, 10, 6
8_20_20 11, 3, 7, 15, 12, 4, 8, 16
7_14_20 14, 6, 10, 2, 7, 15, 3
3_22_18 7, 15, 3
7_2_18 10, 2, 6, 14, 7, 15, 3
4_23_00 2, 10, 14, 6
3_24_08 2, 10, 6
1_24_06 9
2_11_20 13, 5
1_19_14 16
2_27_10 8, 16
1_12_08 11
3_10_04 1, 9, 13
1_23_16 2
5_11_02 4, 12, 16, 8, 13
5_11_16 11, 3, 7, 15, 4
4_10_22 14, 6, 10, 2
8_20_06 4, 12, 16, 8, 5, 13, 1, 9
6_27_06 6, 14, 2, 10, 7, 15
3_9_08 7, 15, 3
7_4_08 5, 13, 1, 9, 10, 2, 6
8_22_08 6, 14, 2, 10, 7, 15, 3, 11
3_1_06 4, 12, 16
4_28_20 13, 5, 9, 1
4_28_04 5, 13, 1, 9
6_12_08 7, 15, 3, 11, 4, 12
3_12_22 10, 2, 14
1_10_22 10
6_3_22 12, 4, 8, 16, 13, 5
3_11_16 11, 3, 15
8_2_02 2, 10, 14, 6, 3, 11, 15, 7
4_6_22 13, 5, 9, 1
2_23_22 13, 5
3_7_08 6, 14, 10
5_4_14 8, 16, 4, 12, 13
5_24_18 11, 3, 7, 15, 16
2_23_14 9, 1
8_30_00 4, 12, 16, 8, 1, 9, 13, 5
2_20_00 13, 5
1_25_16 11
7_23_06 5, 13, 1, 9, 14, 6, 10
5_22_02 3, 11, 15, 7, 16
7_4_22 12, 4, 8, 16, 1, 9, 13
8_3_02 2, 10, 14, 6, 3, 11, 15, 7
6_20_16 9, 1, 5, 13, 6, 14
4_14_02 5, 13, 1, 9
3_28_20 9, 1, 13
8_25_16 11, 3, 7, 15, 12, 4, 8, 16
4_21_14 9, 1, 5, 13
3_3_16 9, 1, 13
6_20_20 11, 3, 7, 15, 8, 16
3_1_10 6, 14, 2
5_16_00 4, 12, 16, 8, 5
6_7_00 2, 10, 14, 6, 3, 11
4_2_14 8, 16, 4, 12
8_15_14 11, 3, 7, 15, 8, 16, 4, 12
7_7_04 4, 12, 16, 8, 13, 5, 9
3_22_20 8, 16, 4
1_26_16 7
5_11_14 10, 2, 6, 14, 3
7_12_10 8, 16, 4, 12, 13, 5, 9
8_29_06 7, 15, 3, 11, 4, 12, 16, 8
8_30_06 7, 15, 3, 11, 4, 12, 16, 8
6_24_08 6, 14, 2, 10, 3, 11
4_31_12 10, 2, 6, 14
2_10_08 3, 11
8_25_00 3, 11, 15, 7, 4, 12, 16, 8
3_1_08 5, 13, 1
8_29_16 12, 4, 8, 16, 9, 1, 5, 13
6_21_22 13, 5, 9, 1, 14, 6
6_8_02 3, 11, 15, 7, 16, 8
5_14_10 9, 1, 5, 13, 2
6_25_18 12, 4, 8, 16, 13, 5
5_9_06 6, 14, 2, 10, 7
1_10_16 7
2_17_22 12, 4
5_3_16 9, 1, 5, 13, 2
5_1_04 3, 11, 15, 7, 4
5_3_18 10, 2, 6, 14, 3
6_20_04 3, 11, 15, 7, 16, 8
6_17_20 11, 3, 7, 15, 12, 4
2_4_14 4, 12
8_3_10 6, 14, 2, 10, 7, 15, 3, 11
1_29_00 4
7_19_04 3, 11, 15, 7, 12, 4, 8
2_11_00 3, 11
4_21_18 11, 3, 7, 15
5_26_12 9, 1, 5, 13, 6
3_24_22 9, 1, 13
6_19_16 9, 1, 5, 13, 10, 2
8_4_14 8, 16, 4, 12, 9, 1, 5, 13
5_30_20 14, 6, 10, 2, 7
4_31_04 6, 14, 2, 10
8_21_10 7, 15, 3, 11, 8, 16, 4, 12
4_6_02 3, 11, 15, 7
2_3_10 6, 14
6_6_06 5, 13, 1, 9, 2, 10
3_12_02 16, 8, 4
5_14_08 8, 16, 4, 12, 1
4_26_02 4, 12, 16, 8
6_2_18 10, 2, 6, 14, 7, 15
8_14_16 12, 4, 8, 16, 9, 1, 5, 13
8_4_04 3, 11, 15, 7, 4, 12, 16, 8
2_15_08 8, 16
6_19_16 9, 1, 5, 13, 10, 2
4_17_04 3, 11, 15, 7
1_10_22 10
3_26_06 2, 10, 14
1_23_12 16
8_12_08 7, 15, 3, 11, 8, 16, 4, 12
6_27_10 8, 16, 4, 12, 9, 1
8_30_20 14, 6, 10, 2, 11, 3, 7, 15
4_13_22 15, 7, 11, 3
8_23_12 8, 16, 4, 12, 9, 1, 5, 13
7_26_10 8, 16, 4, 12, 5, 13, 1
2_24_20 8, 16
1_17_00 1
3_29_10 9, 1, 5
2_5_10 7, 15
1_30_12 6
5_12_02 4, 12, 16, 8, 9
7_25_12 9, 1, 5, 13, 10, 2, 6
7_20_18 10, 2, 6, 14, 15, 7, 11
6_2_02 2, 10, 14, 6, 15, 7
2_21_20 12, 4
2_24_06 1, 9
2_29_22 15, 7
7_7_10 7, 15, 3, 11, 16, 8, 12
4_7_12 8, 16, 4, 12
3_20_10 2, 10, 6
1_11_18 4
8_5_00 2, 10, 14, 6, 3, 11, 15, 7
6_30_04 6, 14, 2, 10, 15, 7
5_18_02 2, 10, 14, 6, 15
5_14_12 10, 2, 6, 14, 3
2_20_14 4, 12
6_26_16 11, 3, 7, 15, 8, 16
8_30_22 15, 7, 11, 3, 12, 4, 8, 16
7_12_22 14, 6, 10, 2, 3, 11, 15
7_23_16 10, 2, 6, 14, 3, 11, 15
4_24_04 4, 12, 16, 8
3_14_20 10, 2, 6
8_6_22 13, 5, 9, 1, 14, 6, 10, 2
3_24_14 5, 13, 9
2_13_02 5, 13
2_29_16 12, 4
5_11_10 8, 16, 4, 12, 1
4_21_00 2, 10, 14, 6
3_23_20 12, 4, 16
6_21_08 6, 14, 2, 10, 7, 15
8_30_06 7, 15, 3, 11, 4, 12, 16, 8
7_1_18 10, 2, 6, 14, 11, 3, 7
3_1_10 6, 14, 2
4_23_16 10, 2, 6, 14
2_16_00 16, 8
8_13_00 4, 12, 16, 8, 1, 9, 13, 5
4_4_04 3, 11, 15, 7
1_16_18 1
4_15_20 14, 6, 10, 2
1_11_20 5
5_10_04 5, 13, 1, 9, 2
3_12_06 2, 10, 6
4_8_00 2, 10, 14, 6
8_6_02 3, 11, 15, 7, 4, 12, 16, 8
6_27_06 6, 14, 2, 10, 7, 15
4_5_02 3, 11, 15, 7
5_27_18 12, 4, 8, 16, 5
4_7_04 4, 12, 16, 8
8_24_20 12, 4, 8, 16, 13, 5, 9, 1
2_7_08 6, 14
4_28_18 12, 4, 8, 16
6_29_06 7, 15, 3, 11, 4, 12
4_18_14 8, 16, 4, 12
7_20_06 4, 12, 16, 8, 9, 1, 5
7_10_18 12, 4, 8, 16, 9, 1, 5
7_8_02 3, 11, 15, 7, 8, 16, 4
3_7_20 12, 4, 16
8_28_12 9, 1, 5, 13, 10, 2, 6, 14
7_25_04 5, 13, 1, 9, 6, 14, 2
7_28_06 6, 14, 2, 10, 11, 3, 7
6_24_08 6, 14, 2, 10, 3, 11
2_24_12 4, 12
1_3_22 4
4_7_10 7, 15, 3, 11
5_17_08 5, 13, 1, 9, 6
7_10_20 13, 5, 9, 1, 10, 2, 6
8_3_20 11, 3, 7, 15, 12, 4, 8, 16
8_17_08 5, 13, 1, 9, 6, 14, 2, 10
5_30_14 11, 3, 7, 15, 4
3_10_22 10, 2, 6
8_25_16 11, 3, 7, 15, 12, 4, 8, 16
2_27_08 7, 15
1_2_12 3
5_27_00 3, 11, 15, 7, 12
5_21_10 7, 15, 3, 11, 8
8_29_18 13, 5, 9, 1, 10, 2, 6, 14
2_3_08 5, 13
7_13_06 7, 15, 3, 11, 4, 12, 16
5_17_08 5, 13, 1, 9, 6
2_13_00 4,12
2_22_14 5, 13
2_15_16 12, 4
8_24_04 4, 12, 16, 8, 5, 13, 1, 9
7_17_02 2, 10, 14, 6, 3, 11, 15
5_3_00 1, 9, 13, 5, 10
2_26_06 2, 10
8_3_00 1, 9, 13, 5, 2, 10, 14, 6
7_8_08 6, 14, 2, 10, 11, 3, 7
3_5_22 13, 5, 9
6_17_06 4, 12, 16, 8, 5, 13
2_4_04 15, 7
3_29_02 5, 13, 1
6_10_00 3, 11, 15, 7, 16, 8
7_30_02 5, 13, 1, 9, 14, 6, 10
7_19_14 8, 16, 4, 12, 1, 9, 13
7_12_20 13, 5, 9, 1, 2, 10, 14
6_26_00 3, 11, 15, 7, 16, 8
5_29_10 9, 1, 5, 13, 6
2_9_16 11, 3
6_28_18 12, 4, 8, 16, 9, 1
8_19_22 12, 4, 8, 16, 13, 5, 9, 1
5_23_14 9, 1, 5, 13, 2
4_9_08 7, 15, 3, 11
4_6_04 4, 12, 16, 8
5_30_08 8, 16, 4, 12, 1
4_12_00 3, 11, 15, 7
7_7_10 7, 15, 3, 11, 16, 8, 12
7_17_04 3, 11, 15, 7, 4, 12, 16
3_29_18 13, 5, 9
2_23_06 5, 13
1_16_06 11
5_3_16 9, 1, 5, 13, 2
6_5_04 4, 12, 16, 8, 5, 13
7_4_08 5, 13, 1, 9, 10, 2, 6
1_23_18 3
3_30_06 3, 11, 15
8_12_18 12, 4, 8, 16, 13, 5, 9, 1
7_26_20 13, 5, 9, 1, 10, 2, 6
4_18_18 10, 2, 6, 14
8_16_16 12, 4, 8, 16, 9, 1, 5, 13
2_1_14 8, 16
4_27_02 4, 12, 16, 8
1_21_12 8
1_9_04 5
3_29_12 10, 2, 6
1_20_12 11
4_17_20 11, 3, 7, 15
4_27_02 4, 12, 16, 8
4_23_16 10, 2, 6, 14
8_24_14 9, 1, 5, 13, 10, 2, 6, 14
1_21_14 9
2_13_16 12, 4
7_10_06 6, 14, 2, 10, 3, 11, 15
1_6_08 2
8_15_04 6, 14, 2, 10, 3, 11, 15, 7
6_22_10 7, 15, 3, 11, 4, 12
4_9_06 6, 14, 2, 10
1_22_22 9
5_22_08 6, 14, 2, 10, 3
2_3_12 7, 15
6_7_18 11, 3, 7, 15, 12, 4
3_23_04 4, 12, 8
6_15_18 13, 5, 9, 1, 10, 2
8_15_18 13, 5, 9, 1, 10, 2, 6, 14
5_2_10 6, 14, 2, 10, 3
4_19_10 6, 14, 2, 10
3_31_00 4,12, 8
8_15_04 6, 14, 2, 10, 3, 11, 15, 7
8_25_02 4, 12, 16, 8, 5, 13, 1, 9
5_18_06 4, 12, 16, 8, 1
4_30_08 8, 16, 4, 12
4_12_04 5, 13, 1, 9
3_9_22 14, 6, 10
3_18_08 1, 9, 13
7_25_04 5, 13, 1, 9, 6, 14, 2
7_7_12 8, 16, 4, 12, 1, 9, 13
4_8_06 5, 13, 1, 9
2_5_10 7, 15
6_29_16 12, 4, 8, 16, 9, 1
4_11_22 14, 6, 10, 2
4_11_16 11, 3, 7, 15
8_16_04 6, 14, 2, 10, 3, 11, 15, 7
4_18_06 4, 12, 16, 8
4_19_02 2, 10, 14, 6
5_18_10 6, 14, 2, 10, 3
6_9_18 12, 4, 8, 16, 13, 5
8_18_00 1, 9, 13, 5, 2, 10, 14, 6
7_31_00 4, 12, 16, 8, 9, 1, 5
7_21_22 13, 5, 9, 1, 14, 6, 10
5_3_02 2, 10, 14, 6, 11
4_29_10 9, 1, 5, 13
7_5_18 11, 3, 7, 15, 12, 4, 8
4_2_12 7, 15, 3, 11
4_10_08 7, 15, 3, 11
2_14_20 10, 2
2_1_06 4, 12
2_25_10 8, 16
6_15_04 6, 14, 2, 10, 3, 11
7_25_06 6, 14, 2, 10, 7, 15, 3
1_27_02 12
5_19_04 3, 11, 15, 7, 12
2_16_16 8, 16
3_22_02 15, 7, 11
1_31_16 4
1_1_14 8
1_28_06 10
7_26_02 4, 12, 16, 8, 1, 9, 13
4_18_10 6, 14, 2, 10
2_2_12 3, 11
8_18_08 5, 13, 1, 9, 6, 14, 2, 10
2_8_18 7, 15
6_30_06 7, 15, 3, 11, 16, 8
8_31_18 13, 5, 9, 1, 10, 2, 6, 14
6_6_18 11, 3, 7, 15, 8, 16
8_27_10 8, 16, 4, 12, 9, 1, 5, 13
8_13_02 5, 13, 1, 9, 2, 10, 14, 6
1_13_14 11
6_7_10 7, 15, 3, 11, 8, 16
4_9_22 14, 6, 10, 2
2_21_18 11, 3
1_13_06 7
3_2_20 7, 15, 3
1_17_12 7
6_22_10 7, 15, 3, 11, 4, 12
3_9_12 9, 1, 5
2_15_02 5, 13
2_1_08 5, 13
5_5_22 13, 5, 9, 1, 14
8_17_14 8, 16, 4, 12, 9, 1, 5, 13
4_26_04 5, 13, 1, 9
1_25_08 7
2_2_20 7, 15
7_13_08 8, 16, 4, 12, 5, 13, 1
8_15_14 11, 3, 7, 15, 8, 16, 4, 12
8_25_04 5, 13, 1, 9, 6, 14, 2, 10
8_4_00 1, 9, 13, 5, 2, 10, 14, 6
4_10_08 7, 15, 3, 11
2_9_08 7, 15
4_6_12 8, 16, 4, 12
1_18_00 13
5_22_12 8, 16, 4, 12, 5
5_18_00 1, 9, 13, 5, 14
2_7_12 8, 16
1_5_22 13
7_16_14 11, 3, 7, 15, 12, 4, 8
3_26_10 4, 12, 16
7_26_16 11, 3, 7, 15, 8, 16, 4
1_15_04 14
8_8_16 10, 2, 6, 14, 11, 3, 7, 15
2_30_06 3, 11
8_6_22 13, 5, 9, 1, 14, 6, 10, 2
8_16_04 6, 14, 2, 10, 3, 11, 15, 7
2_9_00 3, 11
2_4_22 8, 16
2_29_08 8, 16
1_20_20 15
5_30_20 14, 6, 10, 2, 7
1_12_08 11
7_4_04 3, 11, 15, 7, 8, 16, 4
4_22_00 2, 10, 14, 6
8_17_16 9, 1, 5, 13, 10, 2, 6, 14
3_3_18 10, 2, 14
7_7_08 6, 14, 2, 10, 15, 7, 11
2_9_08 7, 15
4_23_16 10, 2, 6, 14
2_25_12 9, 1
5_3_00 1, 9, 13, 5, 10
6_10_22 14, 6, 10, 2, 11, 3
2_19_18 10, 2
1_1_04 3
4_23_18 11, 3, 7, 15
4_12_10 8, 16, 4, 12
4_12_16 11, 3, 7, 15
1_23_22 5
3_9_16 11, 3, 7
1_19_18 2
4_7_16 10, 2, 6, 14
6_18_04 3, 11, 15, 7, 16, 8
1_19_10 14
5_2_16 9, 1, 5, 13, 6
3_15_08 8, 16, 12
1_17_20 11
1_3_12 15
8_17_06 4, 12, 16, 8, 5, 13, 1, 9
1_20_04 7
7_6_22 13, 5, 9, 1, 10, 2, 6
2_23_00 2, 10
3_19_06 4, 12, 8
2_5_04 4, 12
6_10_00 3, 11, 15, 7, 16, 8
3_23_00 2, 10, 6
5_15_04 6, 14, 2, 10, 11
1_5_22 13
7_18_04 3, 11, 15, 7, 16, 8, 12
2_5_14 9, 1
6_6_06 5, 13, 1, 9, 2, 10
6_3_08 5, 13, 1, 9, 6, 14
7_9_08 7, 15, 3, 11, 8, 16, 4
2_21_00 2, 10
1_21_02 3
2_9_06 6, 14
3_9_10 8, 16, 4
5_2_06 4, 12, 16, 8, 1
1_29_06 7
7_24_08 6, 14, 2, 10, 11, 3, 7
6_15_00 4, 12, 16, 8, 1, 9
7_23_10 7, 15, 3, 11, 16, 8, 12
