2_3_16 9, 1
3_14_12 6, 14, 2
1_28_06 10
4_26_18 12, 4, 8, 16
8_7_08 6, 14, 2, 10, 7, 15, 3, 11
6_23_04 4, 12, 16, 8, 5, 13
4_4_06 4, 12, 16, 8
8_2_02 2, 10, 14, 6, 3, 11, 15, 7
4_5_04 4, 12, 16, 8
2_12_18 8, 16
5_10_12 9, 1, 5, 13, 6
4_4_12 7, 15, 3, 11
4_3_18 10, 2, 6, 14
2_9_22 14, 6
6_25_14 10, 2, 6, 14, 11, 3
2_5_08 6, 14
4_9_04 5, 13, 1, 9
8_27_02 4, 12, 16, 8, 5, 13, 1, 9
7_6_14 9, 1, 5, 13, 6, 14, 2
6_15_10 9, 1, 5, 13, 6, 14
1_17_04 3
2_30_16 8, 16
6_6_20 12, 4, 8, 16, 9, 1
2_1_10 6, 14
5_3_00 1, 9, 13, 5, 10
7_3_12 7, 15, 3, 11, 16, 8, 12
1_2_06 16
6_30_06 7, 15, 3, 11, 16, 8
2_24_10 3, 11
8_27_16 11, 3, 7, 15, 12, 4, 8, 16
7_16_16 12, 4, 8, 16, 13, 5, 9
6_24_06 5, 13, 1, 9, 2, 10
7_13_06 7, 15, 3, 11, 4, 12, 16
1_3_12 15
7_8_12 8, 16, 4, 12, 13, 5, 9
6_8_10 7, 15, 3, 11, 4, 12
7_31_12 10, 2, 6, 14, 15, 7, 11
1_7_04 12
5_19_06 4, 12, 16, 8, 13
2_7_12 8, 16
5_27_02 4, 12, 16, 8, 13
7_30_00 4, 12, 16, 8, 13, 5, 9
7_5_10 7, 15, 3, 11, 8, 16, 4
6_3_16 9, 1, 5, 13, 10, 2
2_16_16 8, 16
6_29_00 4, 12, 16, 8, 1, 9
6_21_12 8, 16, 4, 12, 9, 1
6_3_08 5, 13, 1, 9, 6, 14
5_14_00 4, 12, 16, 8, 13
1_10_08 3
1_23_18 3
7_15_10 9, 1, 5, 13, 14, 6, 10
1_30_18 9
6_3_08 5, 13, 1, 9, 6, 14
1_5_06 5
5_26_10 8, 16, 4, 12, 5
2_7_20 12, 4
2_5_14 9, 1
1_17_10 6
8_25_12 9, 1, 5, 13, 10, 2, 6, 14
1_17_10 6
8_21_08 6, 14, 2, 10, 7, 15, 3, 11
8_25_10 8, 16, 4, 12, 9, 1, 5, 13
5_28_18 12, 4, 8, 16, 1
8_23_10 7, 15, 3, 11, 8, 16, 4, 12
4_19_04 3, 11, 15, 7
3_20_12 3, 11, 7
6_30_04 6, 14, 2, 10, 15, 7
2_1_06 4, 12
6_31_10 9, 1, 5, 13, 6, 14
4_24_22 13, 5, 9, 1
1_24_08 10
5_23_06 5, 13, 1, 9, 14
5_20_16 9, 1, 5, 13, 14
7_3_10 6, 14, 2, 10, 15, 7, 11
7_1_06 4, 12, 16, 8, 5, 13, 1
6_5_00 2, 10, 14, 6, 3, 11
5_17_08 5, 13, 1, 9, 6
7_15_04 6, 14, 2, 10, 11, 3, 7
7_20_04 3, 11, 15, 7, 8, 16, 4
8_9_12 9, 1, 5, 13, 10, 2, 6, 14
2_10_00 15, 7
6_2_20 11, 3, 7, 15, 8, 16
3_20_14 4, 12, 8
8_31_20 14, 6, 10, 2, 11, 3, 7, 15
8_19_14 8, 16, 4, 12, 9, 1, 5, 13
2_15_00 4,12
3_23_12 8, 16, 12
8_20_20 11, 3, 7, 15, 12, 4, 8, 16
1_6_04 16
3_4_20 7, 15, 11
7_21_20 12, 4, 8, 16, 13, 5, 9
8_27_12 9, 1, 5, 13, 10, 2, 6, 14
5_29_22 15, 7, 11, 3, 12
1_24_14 13
1_5_14 9
5_30_06 7, 15, 3, 11, 16
7_12_12 9, 1, 5, 13, 14, 6, 10
2_24_02 15, 7
2_13_06 7, 15
2_16_20 10, 2
8_14_14 11, 3, 7, 15, 8, 16, 4, 12
8_5_16 10, 2, 6, 14, 11, 3, 7, 15
7_11_14 10, 2, 6, 14, 3, 11, 15
5_15_12 10, 2, 6, 14, 15
8_26_10 8, 16, 4, 12, 9, 1, 5, 13
5_20_00 1, 9, 13, 5, 6
8_19_14 8, 16, 4, 12, 9, 1, 5, 13
1_21_04 4
3_31_08 8, 16, 12
2_4_02 14, 6
8_6_10 7, 15, 3, 11, 8, 16, 4, 12
5_22_02 3, 11, 15, 7, 16
4_21_00 2, 10, 14, 6
8_23_22 13, 5, 9, 1, 14, 6, 10, 2
1_27_00 11
2_10_20 9, 1
3_7_04 4, 12, 8
7_9_12 9, 1, 5, 13, 10, 2, 6
2_1_14 8, 16
7_4_00 1, 9, 13, 5, 6, 14, 2
7_13_12 10, 2, 6, 14, 7, 15, 3
8_3_00 1, 9, 13, 5, 2, 10, 14, 6
4_6_02 3, 11, 15, 7
3_24_14 5, 13, 9
2_30_02 1, 9
6_2_00 1, 9, 13, 5, 14, 6
6_26_06 6, 14, 2, 10, 3, 11
2_3_00 1, 9
4_27_02 4, 12, 16, 8
8_31_02 5, 13, 1, 9, 2, 10, 14, 6
6_25_14 10, 2, 6, 14, 11, 3
5_5_00 2, 10, 14, 6, 3
6_4_22 12, 4, 8, 16, 9, 1
8_15_04 6, 14, 2, 10, 3, 11, 15, 7
4_6_12 8, 16, 4, 12
6_19_16 9, 1, 5, 13, 10, 2
1_18_06 16
1_6_02 15
5_2_04 3, 11, 15, 7, 16
2_22_00 14, 6
4_20_20 11, 3, 7, 15
8_26_00 3, 11, 15, 7, 4, 12, 16, 8
1_9_14 10
1_13_12 10
4_1_16 9, 1, 5, 13
6_4_20 11, 3, 7, 15, 8, 16
8_11_04 5, 13, 1, 9, 6, 14, 2, 10
7_29_22 15, 7, 11, 3, 12, 4, 8
5_21_10 7, 15, 3, 11, 8
6_2_02 2, 10, 14, 6, 15, 7
6_14_10 9, 1, 5, 13, 2, 10
7_19_06 4, 12, 16, 8, 13, 5, 9
2_27_10 8, 16
2_2_02 14, 6
7_26_20 13, 5, 9, 1, 10, 2, 6
1_26_20 9
8_16_10 9, 1, 5, 13, 6, 14, 2, 10
4_13_08 8, 16, 4, 12
7_13_22 15, 7, 11, 3, 12, 4, 8
5_26_14 10, 2, 6, 14, 7
5_9_16 11, 3, 7, 15, 12
4_17_06 4, 12, 16, 8
5_26_06 6, 14, 2, 10, 3
3_13_14 11, 3, 7
4_3_22 12, 4, 8, 16
5_7_02 3, 11, 15, 7, 12
8_13_12 10, 2, 6, 14, 7, 15, 3, 11
1_23_04 12
5_18_06 4, 12, 16, 8, 1
1_14_08 4
7_28_18 12, 4, 8, 16, 1, 9, 13
4_7_04 4, 12, 16, 8
2_29_08 8, 16
2_22_18 7, 15
8_24_02 3, 11, 15, 7, 4, 12, 16, 8
5_15_16 12, 4, 8, 16, 1
8_26_02 4, 12, 16, 8, 5, 13, 1, 9
6_5_12 8, 16, 4, 12, 9, 1
4_4_16 9, 1, 5, 13
2_1_06 4, 12
1_6_14 5
6_18_14 8, 16, 4, 12, 5, 13
6_12_20 13, 5, 9, 1, 10, 2
3_19_06 4, 12, 8
1_31_02 13
4_10_18 12, 4, 8, 16
4_24_04 4, 12, 16, 8
4_9_02 4, 12, 16, 8
3_31_16 12, 4, 16
8_6_04 4, 12, 16, 8, 5, 13, 1, 9
5_28_04 5, 13, 1, 9, 10
6_14_02 5, 13, 1, 9, 14, 6
7_23_16 10, 2, 6, 14, 3, 11, 15
2_18_08 1, 9
5_26_16 11, 3, 7, 15, 8
3_7_18 11, 3, 15
8_5_08 6, 14, 2, 10, 7, 15, 3, 11
4_28_02 4, 12, 16, 8
3_11_06 6, 14, 10
2_1_04 3, 11
5_10_20 13, 5, 9, 1, 10
1_13_04 6
5_4_06 4, 12, 16, 8, 9
1_30_14 7
7_24_02 3, 11, 15, 7, 8, 16, 4
7_3_08 5, 13, 1, 9, 14, 6, 10
3_10_18 8, 16, 4
5_28_20 13, 5, 9, 1, 2
3_24_18 7, 15, 11
2_14_18 9, 1
1_11_14 2
3_26_12 5, 13, 1
4_3_02 2, 10, 14, 6
1_18_10 2
1_9_12 9
2_4_18 6, 14
7_28_10 8, 16, 4, 12, 13, 5, 9
2_22_02 15, 7
4_25_18 12, 4, 8, 16
1_19_04 11
6_21_02 3, 11, 15, 7, 4, 12
5_25_20 13, 5, 9, 1, 14
3_15_20 14, 6, 2
6_10_22 14, 6, 10, 2, 11, 3
5_31_22 15, 7, 11, 3, 4
7_21_14 9, 1, 5, 13, 10, 2, 6
4_25_16 11, 3, 7, 15
8_8_06 5, 13, 1, 9, 6, 14, 2, 10
4_25_20 13, 5, 9, 1
1_25_12 9
2_22_10 3, 11
1_20_18 14
6_10_22 14, 6, 10, 2, 11, 3
3_11_00 3, 11, 7
5_1_04 3, 11, 15, 7, 4
4_5_10 7, 15, 3, 11
4_20_16 9, 1, 5, 13
7_29_12 10, 2, 6, 14, 7, 15, 3
8_16_18 13, 5, 9, 1, 10, 2, 6, 14
5_15_14 11, 3, 7, 15, 16
1_8_08 10
6_18_22 12, 4, 8, 16, 9, 1
8_31_06 7, 15, 3, 11, 4, 12, 16, 8
2_7_06 5, 13
2_29_22 15, 7
8_26_04 5, 13, 1, 9, 6, 14, 2, 10
3_21_06 5, 13, 1
4_6_04 4, 12, 16, 8
7_26_16 11, 3, 7, 15, 8, 16, 4
1_22_04 16
2_24_20 8, 16
8_20_12 7, 15, 3, 11, 8, 16, 4, 12
6_20_00 1, 9, 13, 5, 14, 6
2_29_10 9, 1
2_17_08 5, 13
2_2_14 4, 12
6_12_10 8, 16, 4, 12, 5, 13
6_18_12 7, 15, 3, 11, 4, 12
4_3_04 3, 11, 15, 7
3_13_20 14, 6, 10
2_6_20 8, 16
2_22_10 3, 11
6_7_16 10, 2, 6, 14, 11, 3
6_11_04 5, 13, 1, 9, 6, 14
3_6_22 9, 1, 5
4_28_08 7, 15, 3, 11
7_11_02 4, 12, 16, 8, 13, 5, 9
4_18_04 3, 11, 15, 7
6_6_08 6, 14, 2, 10, 3, 11
6_25_16 11, 3, 7, 15, 12, 4
3_30_02 1, 9, 13
1_28_08 11
8_29_10 9, 1, 5, 13, 6, 14, 2, 10
3_11_00 3, 11, 7
3_23_10 7, 15, 11
7_31_06 7, 15, 3, 11, 12, 4, 8
2_15_02 5, 13
7_1_14 8, 16, 4, 12, 9, 1, 5
5_25_16 11, 3, 7, 15, 12
1_24_22 1
5_20_20 11, 3, 7, 15, 16
1_22_00 14
8_6_06 5, 13, 1, 9, 6, 14, 2, 10
2_18_18 6, 14
8_28_06 6, 14, 2, 10, 7, 15, 3, 11
1_17_18 10
1_20_22 16
4_12_02 4, 12, 16, 8
6_20_06 4, 12, 16, 8, 1, 9
6_26_20 13, 5, 9, 1, 10, 2
2_27_22 14, 6
4_5_14 9, 1, 5, 13
4_31_16 12, 4, 8, 16
2_1_02 2, 10
8_27_22 14, 6, 10, 2, 15, 7, 11, 3
6_4_08 5, 13, 1, 9, 2, 10
3_6_18 7, 15, 3
8_28_06 6, 14, 2, 10, 7, 15, 3, 11
4_16_20 14, 6, 10, 2
3_17_10 6, 14, 2
7_22_02 3, 11, 15, 7, 16, 8, 12
7_20_04 3, 11, 15, 7, 8, 16, 4
3_12_04 1, 9, 5
5_29_08 8, 16, 4, 12, 5
1_6_12 4
4_27_18 12, 4, 8, 16
7_10_00 3, 11, 15, 7, 16, 8, 12
4_10_04 5, 13, 1, 9
4_26_10 8, 16, 4, 12
6_22_02 3, 11, 15, 7, 16, 8
7_3_12 7, 15, 3, 11, 16, 8, 12
8_3_14 8, 16, 4, 12, 9, 1, 5, 13
3_6_00 14, 6, 10
7_24_22 13, 5, 9, 1, 2, 10, 14
6_14_20 14, 6, 10, 2, 7, 15
7_5_04 4, 12, 16, 8, 5, 13, 1
2_22_20 8, 16
1_23_22 5
7_27_22 14, 6, 10, 2, 7, 15, 3
2_14_12 6, 14
5_15_22 15, 7, 11, 3, 4
3_26_02 16, 8, 12
2_28_08 3, 11
2_13_10 9, 1
6_6_08 6, 14, 2, 10, 3, 11
2_19_22 12, 4
4_28_02 4, 12, 16, 8
8_2_08 5, 13, 1, 9, 6, 14, 2, 10
5_27_10 8, 16, 4, 12, 1
7_17_04 3, 11, 15, 7, 4, 12, 16
2_16_02 1, 9
2_21_14 9, 1
4_2_00 1, 9, 13, 5
5_25_02 4, 12, 16, 8, 5
7_20_08 5, 13, 1, 9, 10, 2, 6
6_9_20 13, 5, 9, 1, 14, 6
4_11_00 3, 11, 15, 7
3_24_22 9, 1, 13
4_7_14 9, 1, 5, 13
3_16_20 10, 2, 14
5_28_12 9, 1, 5, 13, 14
3_3_06 4, 12, 8
6_20_22 12, 4, 8, 16, 9, 1
7_26_12 9, 1, 5, 13, 6, 14, 2
7_1_22 12, 4, 8, 16, 13, 5, 9
3_22_22 9, 1, 5
7_21_18 11, 3, 7, 15, 12, 4, 8
8_31_18 13, 5, 9, 1, 10, 2, 6, 14
3_4_12 3, 11, 7
2_31_06 7, 15
1_27_02 12
8_5_06 5, 13, 1, 9, 6, 14, 2, 10
3_13_02 5, 13, 1
6_10_20 13, 5, 9, 1, 10, 2
4_29_08 8, 16, 4, 12
4_31_20 14, 6, 10, 2
8_26_00 3, 11, 15, 7, 4, 12, 16, 8
2_19_22 12, 4
6_21_02 3, 11, 15, 7, 4, 12
8_30_20 14, 6, 10, 2, 11, 3, 7, 15
8_25_02 4, 12, 16, 8, 5, 13, 1, 9
5_14_16 12, 4, 8, 16, 5
8_12_04 5, 13, 1, 9, 6, 14, 2, 10
3_11_12 9, 1, 13
1_22_08 2
6_3_02 2, 10, 14, 6, 3, 11
3_6_18 7, 15, 3
5_9_18 12, 4, 8, 16, 13
6_28_18 12, 4, 8, 16, 9, 1
1_3_18 2
2_17_16 9, 1
3_16_20 10, 2, 14
8_8_08 6, 14, 2, 10, 7, 15, 3, 11
4_18_14 8, 16, 4, 12
6_11_08 7, 15, 3, 11, 8, 16
1_2_10 2
1_24_04 8
6_20_08 5, 13, 1, 9, 2, 10
7_13_06 7, 15, 3, 11, 4, 12, 16
1_18_10 2
8_4_14 8, 16, 4, 12, 9, 1, 5, 13
2_21_06 5, 13
2_12_12 5, 13
2_9_18 12, 4
7_4_18 10, 2, 6, 14, 15, 7, 11
3_9_10 8, 16, 4
1_4_16 13
2_14_04 2, 10
2_11_04 5, 13
4_6_02 3, 11, 15, 7
5_19_14 8, 16, 4, 12, 1
5_12_18 12, 4, 8, 16, 1
3_13_06 7, 15, 3
5_4_14 8, 16, 4, 12, 13
1_17_20 11
2_9_04 5, 13
2_18_14 4, 12
5_28_06 6, 14, 2, 10, 11
7_5_00 2, 10, 14, 6, 3, 11, 15
6_10_10 8, 16, 4, 12, 5, 13
4_27_14 10, 2, 6, 14
8_15_22 15, 7, 11, 3, 12, 4, 8, 16
3_28_00 15, 7, 3
8_11_14 10, 2, 6, 14, 11, 3, 7, 15
5_25_06 6, 14, 2, 10, 7
8_9_10 8, 16, 4, 12, 9, 1, 5, 13
6_25_14 10, 2, 6, 14, 11, 3
6_28_14 10, 2, 6, 14, 7, 15
3_20_22 8, 16, 12
1_24_04 8
5_2_02 2, 10, 14, 6, 15
2_24_04 16, 8
6_5_14 9, 1, 5, 13, 10, 2
2_8_20 8, 16
3_2_22 8, 16, 4
5_31_00 4, 12, 16, 8, 9
6_14_04 6, 14, 2, 10, 15, 7
5_9_16 11, 3, 7, 15, 12
4_22_02 3, 11, 15, 7
8_17_20 11, 3, 7, 15, 12, 4, 8, 16
4_4_16 9, 1, 5, 13
4_31_06 7, 15, 3, 11
8_25_00 3, 11, 15, 7, 4, 12, 16, 8
4_4_04 3, 11, 15, 7
7_3_22 12, 4, 8, 16, 5, 13, 1
6_20_14 8, 16, 4, 12, 5, 13
7_24_14 9, 1, 5, 13, 14, 6, 10
8_21_16 10, 2, 6, 14, 11, 3, 7, 15
7_11_20 13, 5, 9, 1, 6, 14, 2
1_28_04 9
2_9_14 10, 2
6_11_20 13, 5, 9, 1, 14, 6
2_27_00 3, 11
8_13_04 6, 14, 2, 10, 3, 11, 15, 7
1_25_00 3
5_23_12 8, 16, 4, 12, 1
2_26_22 10, 2
7_22_02 3, 11, 15, 7, 16, 8, 12
1_20_22 16
5_8_20 12, 4, 8, 16, 1
6_18_22 12, 4, 8, 16, 9, 1
1_7_14 1
7_30_14 11, 3, 7, 15, 4, 12, 16
8_7_16 10, 2, 6, 14, 11, 3, 7, 15
8_24_12 8, 16, 4, 12, 9, 1, 5, 13
8_10_12 9, 1, 5, 13, 10, 2, 6, 14
7_6_06 5, 13, 1, 9, 2, 10, 14
3_30_04 2, 10, 14
6_11_02 4, 12, 16, 8, 5, 13
8_8_16 10, 2, 6, 14, 11, 3, 7, 15
2_4_06 16, 8
1_11_04 13
5_1_10 6, 14, 2, 10, 7
6_10_04 5, 13, 1, 9, 2, 10
2_5_02 3, 11
3_12_12 5, 13, 9
7_29_06 7, 15, 3, 11, 4, 12, 16
3_28_20 9, 1, 13
3_31_06 7, 15, 11
5_16_00 4, 12, 16, 8, 5
1_26_18 8
6_20_00 1, 9, 13, 5, 14, 6
8_31_00 4, 12, 16, 8, 1, 9, 13, 5
7_20_22 12, 4, 8, 16, 1, 9, 13
3_18_12 3, 11, 15
2_26_22 10, 2
3_5_20 12, 4, 8
6_16_18 13, 5, 9, 1, 6, 14
1_3_04 11
2_6_02 15, 7
6_13_12 10, 2, 6, 14, 7, 15
5_5_22 13, 5, 9, 1, 14
4_12_08 7, 15, 3, 11
3_30_20 10, 2, 6
6_13_10 9, 1, 5, 13, 6, 14
2_8_22 9, 1
2_15_22 15, 7
7_29_16 12, 4, 8, 16, 9, 1, 5
3_10_12 5, 13, 1
5_9_10 8, 16, 4, 12, 9
8_20_14 8, 16, 4, 12, 9, 1, 5, 13
4_11_20 13, 5, 9, 1
6_30_14 11, 3, 7, 15, 4, 12
3_11_08 7, 15, 11
7_18_20 11, 3, 7, 15, 8, 16, 4
4_3_16 9, 1, 5, 13
6_2_20 11, 3, 7, 15, 8, 16
4_12_18 12, 4, 8, 16
1_12_10 12
5_12_12 9, 1, 5, 13, 14
4_22_20 12, 4, 8, 16
5_16_00 4, 12, 16, 8, 5
3_2_22 8, 16, 4
4_10_04 5, 13, 1, 9
6_13_12 10, 2, 6, 14, 7, 15
6_13_06 7, 15, 3, 11, 4, 12
4_31_08 8, 16, 12
5_24_02 3, 11, 15, 7, 8
1_19_00 9
1_7_12 16
4_30_00 4,12, 16, 8
4_19_04 3, 11, 15, 7
2_5_18 11, 3
5_20_10 6, 14, 2, 10, 11
4_24_12 8, 16, 4, 12
3_4_00 13, 5, 1
6_29_08 8, 16, 4, 12, 5, 13
7_18_10 6, 14, 2, 10, 3, 11, 15
5_18_00 1, 9, 13, 5, 14
1_20_22 16
3_17_14 8, 16, 4
2_19_12 7, 15
2_11_12 9, 1
1_7_04 12
4_20_20 11, 3, 7, 15
6_8_02 3, 11, 15, 7, 16, 8
2_5_18 11, 3
2_4_20 7, 15
1_11_06 14
7_15_00 4, 12, 16, 8, 9, 1, 5
8_9_14 10, 2, 6, 14, 11, 3, 7, 15
2_22_04 16, 8
8_20_22 12, 4, 8, 16, 13, 5, 9, 1
2_9_08 7, 15
4_22_22 13, 5, 9, 1
8_28_10 8, 16, 4, 12, 9, 1, 5, 13
6_1_18 10, 2, 6, 14, 11, 3
1_2_12 3
5_26_06 6, 14, 2, 10, 3
5_13_08 8, 16, 4, 12, 5
8_12_02 4, 12, 16, 8, 5, 13, 1, 9
8_4_02 2, 10, 14, 6, 3, 11, 15, 7
7_6_20 12, 4, 8, 16, 9, 1, 5
2_14_16 8, 16
7_11_16 11, 3, 7, 15, 4, 12, 16
7_3_06 4, 12, 16, 8, 13, 5, 9
3_31_18 13, 5, 1
4_2_00 1, 9, 13, 5
8_7_08 6, 14, 2, 10, 7, 15, 3, 11
7_20_02 2, 10, 14, 6, 7, 15, 3
2_9_06 6, 14
1_21_06 5
1_30_02 1
1_16_12 14
3_30_22 11, 3, 7
5_8_18 11, 3, 7, 15, 16
1_30_02 1
6_11_14 10, 2, 6, 14, 11, 3
1_17_14 8
8_11_22 14, 6, 10, 2, 15, 7, 11, 3
3_17_14 8, 16, 4
3_27_18 12, 4, 16
2_28_08 3, 11
7_27_06 6, 14, 2, 10, 15, 7, 11
8_9_14 10, 2, 6, 14, 11, 3, 7, 15
5_1_16 9, 1, 5, 13, 10
2_13_08 8, 16
8_31_06 7, 15, 3, 11, 4, 12, 16, 8
6_12_12 9, 1, 5, 13, 6, 14
5_5_14 9, 1, 5, 13, 10
7_20_00 1, 9, 13, 5, 6, 14, 2
2_10_20 9, 1
3_15_00 4,12, 8
3_14_22 11, 3, 7
4_16_10 9, 1, 5, 13
7_13_04 6, 14, 2, 10, 3, 11, 15
4_29_18 13, 5, 9, 1
6_26_08 7, 15, 3, 11, 4, 12
3_25_20 13, 5, 9
5_21_18 11, 3, 7, 15, 12
1_17_20 11
8_7_20 12, 4, 8, 16, 13, 5, 9, 1
8_25_04 5, 13, 1, 9, 6, 14, 2, 10
7_7_04 4, 12, 16, 8, 13, 5, 9
7_31_02 5, 13, 1, 9, 10, 2, 6
1_5_06 5
4_4_02 2, 10, 14, 6
4_3_16 9, 1, 5, 13
6_27_04 5, 13, 1, 9, 6, 14
4_8_08 6, 14, 2, 10
5_27_18 12, 4, 8, 16, 5
1_7_00 10
1_4_06 8
6_23_18 11, 3, 7, 15, 12, 4
2_22_06 1, 9
2_3_02 2, 10
2_9_08 7, 15
8_23_12 8, 16, 4, 12, 9, 1, 5, 13
5_14_20 14, 6, 10, 2, 7
2_30_18 9, 1
3_26_10 4, 12, 16
7_21_06 5, 13, 1, 9, 6, 14, 2
1_4_16 13
3_10_08 3, 11, 15
7_26_10 8, 16, 4, 12, 5, 13, 1
2_22_16 6, 14
7_16_04 6, 14, 2, 10, 7, 15, 3
4_25_02 4, 12, 16, 8
1_20_22 16
2_27_16 11, 3
4_19_08 5, 13, 1, 9
8_7_02 3, 11, 15, 7, 4, 12, 16, 8
4_7_20 12, 4, 8, 16
1_28_20 1
8_19_14 8, 16, 4, 12, 9, 1, 5, 13
6_5_22 13, 5, 9, 1, 14, 6
6_22_10 7, 15, 3, 11, 4, 12
1_28_08 11
7_30_04 6, 14, 2, 10, 15, 7, 11
1_19_16 1
7_31_22 15, 7, 11, 3, 4, 12, 16
2_23_10 7, 15
7_5_10 7, 15, 3, 11, 8, 16, 4
2_26_18 8, 16
2_16_06 3, 11
7_10_14 10, 2, 6, 14, 7, 15, 3
6_17_08 5, 13, 1, 9, 6, 14
7_3_14 8, 16, 4, 12, 1, 9, 13
2_29_12 10, 2
8_8_16 10, 2, 6, 14, 11, 3, 7, 15
1_21_16 10
4_23_22 13, 5, 9, 1
8_28_20 13, 5, 9, 1, 14, 6, 10, 2
2_21_06 5, 13
5_18_18 10, 2, 6, 14, 7
2_10_12 5, 13
8_31_02 5, 13, 1, 9, 2, 10, 14, 6
6_16_20 14, 6, 10, 2, 7, 15
8_5_10 7, 15, 3, 11, 8, 16, 4, 12
3_4_10 2, 10, 6
3_31_02 5, 13, 9
3_2_14 4, 12, 16
7_15_00 4, 12, 16, 8, 9, 1, 5
2_9_18 12, 4
8_21_10 7, 15, 3, 11, 8, 16, 4, 12
1_12_04 9
1_25_00 3
3_5_12 8, 16, 4
5_25_04 5, 13, 1, 9, 6
3_29_14 11, 3, 7
8_9_00 3, 11, 15, 7, 4, 12, 16, 8
1_27_00 11
4_10_16 11, 3, 7, 15
3_6_04 16, 8, 12
5_25_18 12, 4, 8, 16, 13
2_27_14 10, 2
8_4_12 7, 15, 3, 11, 8, 16, 4, 12
5_13_10 9, 1, 5, 13, 6
2_17_02 2, 10
1_23_18 3
8_27_16 11, 3, 7, 15, 12, 4, 8, 16
8_19_00 1, 9, 13, 5, 2, 10, 14, 6
5_21_20 12, 4, 8, 16, 13
3_1_04 3, 11, 15
3_14_14 7, 15, 3
7_26_08 7, 15, 3, 11, 4, 12, 16
8_17_12 7, 15, 3, 11, 8, 16, 4, 12
5_21_06 5, 13, 1, 9, 6
5_23_10 7, 15, 3, 11, 16
7_4_12 7, 15, 3, 11, 12, 4, 8
4_3_06 4, 12, 16, 8
8_27_08 7, 15, 3, 11, 8, 16, 4, 12
5_1_08 5, 13, 1, 9, 6
8_20_06 4, 12, 16, 8, 5, 13, 1, 9
8_28_04 5, 13, 1, 9, 6, 14, 2, 10
7_21_08 6, 14, 2, 10, 7, 15, 3
3_15_12 10, 2, 14
1_1_10 6
6_31_14 11, 3, 7, 15, 8, 16
7_13_04 6, 14, 2, 10, 3, 11, 15
3_20_02 14, 6, 2
8_11_14 10, 2, 6, 14, 11, 3, 7, 15
5_17_02 2, 10, 14, 6, 3
7_8_06 5, 13, 1, 9, 10, 2, 6
6_15_02 5, 13, 1, 9, 2, 10
6_15_22 15, 7, 11, 3, 12, 4
4_23_12 8, 16, 4, 12
4_11_20 13, 5, 9, 1
5_14_22 15, 7, 11, 3, 8
5_19_20 11, 3, 7, 15, 4
1_11_14 2
8_31_02 5, 13, 1, 9, 2, 10, 14, 6
1_5_18 11
3_20_22 8, 16, 12
7_23_00 2, 10, 14, 6, 11, 3, 7
6_9_02 4, 12, 16, 8, 5, 13
1_3_20 3
8_21_08 6, 14, 2, 10, 7, 15, 3, 11
1_24_02 7
3_19_20 11, 3, 15
6_29_04 6, 14, 2, 10, 3, 11
7_19_04 3, 11, 15, 7, 12, 4, 8
5_24_16 10, 2, 6, 14, 15
6_5_18 11, 3, 7, 15, 12, 4
8_14_00 4, 12, 16, 8, 1, 9, 13, 5
7_6_00 2, 10, 14, 6, 15, 7, 11
8_10_22 14, 6, 10, 2, 15, 7, 11, 3
8_15_08 8, 16, 4, 12, 5, 13, 1, 9
2_26_10 4, 12
7_18_20 11, 3, 7, 15, 8, 16, 4
8_7_02 3, 11, 15, 7, 4, 12, 16, 8
3_16_02 1, 9, 5
1_8_12 12
1_27_04 13
7_5_02 3, 11, 15, 7, 4, 12, 16
4_16_12 10, 2, 6, 14
7_16_02 5, 13, 1, 9, 6, 14, 2
3_13_06 7, 15, 3
3_25_06 6, 14, 2
7_24_18 11, 3, 7, 15, 16, 8, 12
7_25_08 7, 15, 3, 11, 8, 16, 4
6_4_20 11, 3, 7, 15, 8, 16
1_7_22 5
4_12_18 12, 4, 8, 16
7_2_12 7, 15, 3, 11, 4, 12, 16
7_22_20 12, 4, 8, 16, 9, 1, 5
6_11_00 3, 11, 15, 7, 4, 12
6_3_06 4, 12, 16, 8, 5, 13
4_4_08 5, 13, 1, 9
2_29_02 5, 13
7_31_06 7, 15, 3, 11, 12, 4, 8
2_5_10 7, 15
3_3_20 11, 3, 15
8_14_10 9, 1, 5, 13, 6, 14, 2, 10
6_23_12 8, 16, 4, 12, 9, 1
1_30_00 16
8_15_18 13, 5, 9, 1, 10, 2, 6, 14
6_12_18 12, 4, 8, 16, 9, 1
2_6_22 9, 1
4_5_08 6, 14, 2, 10
2_14_08 4, 12
3_2_12 3, 11, 15
1_21_14 9
4_1_16 9, 1, 5, 13
1_18_10 2
2_9_06 6, 14
6_25_14 10, 2, 6, 14, 11, 3
5_7_18 11, 3, 7, 15, 4
7_12_10 8, 16, 4, 12, 13, 5, 9
5_22_00 2, 10, 14, 6, 15
7_13_08 8, 16, 4, 12, 5, 13, 1
2_7_22 13, 5
8_1_04 3, 11, 15, 7, 4, 12, 16, 8
4_3_20 11, 3, 7, 15
1_19_16 1
5_3_22 12, 4, 8, 16, 5
5_24_10 7, 15, 3, 11, 12
6_19_14 8, 16, 4, 12, 9, 1
3_14_16 8, 16, 4
5_3_14 8, 16, 4, 12, 1
8_29_08 8, 16, 4, 12, 5, 13, 1, 9
8_21_14 9, 1, 5, 13, 10, 2, 6, 14
2_5_14 9, 1
1_27_12 1
8_2_08 5, 13, 1, 9, 6, 14, 2, 10
2_19_20 11, 3
6_27_12 9, 1, 5, 13, 10, 2
7_5_14 9, 1, 5, 13, 10, 2, 6
6_12_08 7, 15, 3, 11, 4, 12
4_9_18 12, 4, 8, 16
5_12_04 5, 13, 1, 9, 10
5_21_14 9, 1, 5, 13, 10
6_29_08 8, 16, 4, 12, 5, 13
8_1_06 4, 12, 16, 8, 5, 13, 1, 9
1_12_06 10
6_21_20 12, 4, 8, 16, 13, 5
3_14_10 5, 13, 1
5_27_02 4, 12, 16, 8, 13
5_13_08 8, 16, 4, 12, 5
7_12_16 11, 3, 7, 15, 16, 8, 12
4_9_16 11, 3, 7, 15
2_18_08 1, 9
3_15_18 13, 5, 1
2_30_18 9, 1
3_27_00 3, 11, 7
1_12_18 16
4_30_12 10, 2, 6, 14
7_23_06 5, 13, 1, 9, 14, 6, 10
6_29_20 14, 6, 10, 2, 11, 3
3_21_10 7, 15, 3
3_21_10 7, 15, 3
3_30_04 2, 10, 14
2_7_06 5, 13
4_29_10 9, 1, 5, 13
5_17_10 6, 14, 2, 10, 7
7_18_22 12, 4, 8, 16, 9, 1, 5
7_19_14 8, 16, 4, 12, 1, 9, 13
1_7_04 12
6_27_06 6, 14, 2, 10, 7, 15
6_27_14 10, 2, 6, 14, 11, 3
5_20_00 1, 9, 13, 5, 6
4_11_18 12, 4, 8, 16
5_23_22 13, 5, 9, 1, 6
6_15_06 7, 15, 3, 11, 4, 12
8_12_22 14, 6, 10, 2, 15, 7, 11, 3
3_3_00 1, 9, 5
2_11_00 3, 11
8_10_04 5, 13, 1, 9, 6, 14, 2, 10
6_31_06 7, 15, 3, 11, 4, 12
7_6_04 4, 12, 16, 8, 1, 9, 13
5_18_10 6, 14, 2, 10, 3
6_30_16 12, 4, 8, 16, 5, 13
5_15_12 10, 2, 6, 14, 15
5_15_02 5, 13, 1, 9, 10
4_3_12 7, 15, 3, 11
6_2_04 3, 11, 15, 7, 16, 8
7_17_08 5, 13, 1, 9, 6, 14, 2
6_23_18 11, 3, 7, 15, 12, 4
3_31_16 12, 4, 16
6_31_20 14, 6, 10, 2, 11, 3
4_14_08 8, 16, 4, 12
4_21_22 13, 5, 9, 1
4_20_06 4, 12, 16, 8
6_13_02 5, 13, 1, 9, 2, 10
3_17_04 3, 11, 15
2_28_08 3, 11
7_28_08 7, 15, 3, 11, 12, 4, 8
7_6_10 7, 15, 3, 11, 4, 12, 16
3_13_04 6, 14, 2
1_31_14 3
4_15_18 13, 5, 9, 1
7_18_18 10, 2, 6, 14, 7, 15, 3
4_23_22 13, 5, 9, 1
6_26_14 10, 2, 6, 14, 7, 15
6_23_04 4, 12, 16, 8, 5, 13
4_8_14 9, 1, 5, 13
2_28_06 2, 10
8_29_20 14, 6, 10, 2, 11, 3, 7, 15
4_18_06 4, 12, 16, 8
4_25_14 10, 2, 6, 14
8_28_08 7, 15, 3, 11, 8, 16, 4, 12
3_25_06 6, 14, 2
4_29_10 9, 1, 5, 13
4_19_20 11, 3, 7, 15
4_23_10 7, 15, 3, 11
2_17_12 7, 15
1_5_18 11
3_12_22 10, 2, 14
2_5_04 4, 12
6_17_10 6, 14, 2, 10, 7, 15
3_30_06 3, 11, 15
5_20_20 11, 3, 7, 15, 16
4_9_10 8, 16, 4, 12
3_25_20 13, 5, 9
6_12_00 3, 11, 15, 7, 16, 8
5_12_06 6, 14, 2, 10, 11
7_3_22 12, 4, 8, 16, 5, 13, 1
7_1_14 8, 16, 4, 12, 9, 1, 5
3_11_06 6, 14, 10
2_3_18 10, 2
8_20_00 1, 9, 13, 5, 2, 10, 14, 6
6_12_14 10, 2, 6, 14, 7, 15
5_3_00 1, 9, 13, 5, 10
1_19_20 3
7_24_04 4, 12, 16, 8, 9, 1, 5
6_26_08 7, 15, 3, 11, 4, 12
7_4_18 10, 2, 6, 14, 15, 7, 11
4_22_06 5, 13, 1, 9
4_24_22 13, 5, 9, 1
6_24_20 12, 4, 8, 16, 9, 1
7_20_22 12, 4, 8, 16, 1, 9, 13
1_17_00 1
5_1_02 2, 10, 14, 6, 3
2_13_12 10, 2
2_23_12 8, 16
5_4_04 3, 11, 15, 7, 8
5_16_02 5, 13, 1, 9, 6
3_4_16 5, 13, 9
1_21_18 11
3_9_10 8, 16, 4
5_13_06 7, 15, 3, 11, 4
1_28_06 10
6_29_08 8, 16, 4, 12, 5, 13
2_15_20 14, 6
6_17_00 1, 9, 13, 5, 2, 10
7_24_18 11, 3, 7, 15, 16, 8, 12
3_8_00 14, 6, 2
4_25_18 12, 4, 8, 16
8_26_00 3, 11, 15, 7, 4, 12, 16, 8
4_4_02 2, 10, 14, 6
2_21_02 3, 11
5_31_10 9, 1, 5, 13, 14
3_9_12 9, 1, 5
6_21_18 11, 3, 7, 15, 12, 4
1_26_22 10
7_21_04 4, 12, 16, 8, 5, 13, 1
1_19_08 13
3_16_22 11, 3, 15
4_12_20 13, 5, 9, 1
3_23_22 13, 5, 1
8_23_06 5, 13, 1, 9, 6, 14, 2, 10
1_19_22 4
1_1_06 4
6_7_10 7, 15, 3, 11, 8, 16
4_1_14 8, 16, 4, 12
6_9_22 14, 6, 10, 2, 15, 7
1_9_04 5
3_4_10 2, 10, 6
1_6_06 1
1_26_14 6
3_20_06 16, 8, 4
1_13_12 10
6_24_06 5, 13, 1, 9, 2, 10
7_6_22 13, 5, 9, 1, 10, 2, 6
3_18_04 15, 7, 11
8_18_00 1, 9, 13, 5, 2, 10, 14, 6
8_17_22 12, 4, 8, 16, 13, 5, 9, 1
7_21_02 3, 11, 15, 7, 4, 12, 16
8_17_12 7, 15, 3, 11, 8, 16, 4, 12
6_21_16 10, 2, 6, 14, 11, 3
5_1_06 4, 12, 16, 8, 5
7_2_02 2, 10, 14, 6, 15, 7, 11
5_2_10 6, 14, 2, 10, 3
2_13_12 10, 2
6_2_22 12, 4, 8, 16, 9, 1
1_27_14 2
8_20_14 8, 16, 4, 12, 9, 1, 5, 13
7_9_10 8, 16, 4, 12, 9, 1, 5
5_6_16 10, 2, 6, 14, 7
4_25_22 14, 6, 10, 2
8_26_08 7, 15, 3, 11, 8, 16, 4, 12
5_4_08 5, 13, 1, 9, 10
2_24_10 3, 11
4_24_12 8, 16, 4, 12
1_13_16 12
5_3_10 6, 14, 2, 10, 15
7_31_16 12, 4, 8, 16, 1, 9, 13
2_26_14 6, 14
4_30_12 10, 2, 6, 14
7_13_08 8, 16, 4, 12, 5, 13, 1
4_22_18 11, 3, 7, 15
3_3_02 2, 10, 6
7_14_14 11, 3, 7, 15, 4, 12, 16
4_26_16 11, 3, 7, 15
5_21_00 2, 10, 14, 6, 3
4_9_08 7, 15, 3, 11
4_25_16 11, 3, 7, 15
8_24_14 9, 1, 5, 13, 10, 2, 6, 14
5_10_22 14, 6, 10, 2, 11
8_5_04 4, 12, 16, 8, 5, 13, 1, 9
5_26_02 4, 12, 16, 8, 1
4_15_08 8, 16, 12
7_9_08 7, 15, 3, 11, 8, 16, 4
2_23_06 5, 13
4_30_04 6, 14, 2, 10
2_22_06 1, 9
3_26_20 9, 1, 5
2_29_02 5, 13
6_19_10 6, 14, 2, 10, 7, 15
8_9_12 9, 1, 5, 13, 10, 2, 6, 14
7_31_20 14, 6, 10, 2, 3, 11, 15
1_24_12 12
3_26_22 10, 2, 6
6_1_06 4, 12, 16, 8, 5, 13
1_27_06 14
5_3_08 5, 13, 1, 9, 14
6_23_08 6, 14, 2, 10, 7, 15
1_18_20 7
6_24_10 7, 15, 3, 11, 4, 12
7_8_02 3, 11, 15, 7, 8, 16, 4
5_23_00 2, 10, 14, 6, 11
3_4_08 1, 9, 5
3_29_02 5, 13, 1
8_26_18 12, 4, 8, 16, 13, 5, 9, 1
4_11_20 13, 5, 9, 1
5_16_20 14, 6, 10, 2, 15
3_27_12 9, 1, 13
6_7_08 6, 14, 2, 10, 7, 15
2_21_08 6, 14
2_30_02 1, 9
2_21_10 7, 15
7_5_16 10, 2, 6, 14, 11, 3, 7
1_15_12 2
3_21_14 9, 1, 5
3_15_16 12, 4, 16
3_11_14 10, 2, 14
8_1_20 11, 3, 7, 15, 12, 4, 8, 16
2_25_20 13, 5
8_24_12 8, 16, 4, 12, 9, 1, 5, 13
8_15_22 15, 7, 11, 3, 12, 4, 8, 16
7_2_04 3, 11, 15, 7, 16, 8, 12
6_20_22 12, 4, 8, 16, 9, 1
2_13_06 7, 15
2_15_20 14, 6
3_4_12 3, 11, 7
7_5_10 7, 15, 3, 11, 8, 16, 4
3_1_16 9, 1, 5
4_21_22 13, 5, 9, 1
4_6_12 8, 16, 4, 12
8_11_08 7, 15, 3, 11, 8, 16, 4, 12
6_23_16 10, 2, 6, 14, 11, 3
7_20_18 10, 2, 6, 14, 15, 7, 11
6_7_14 9, 1, 5, 13, 10, 2
2_3_04 3, 11
6_28_12 9, 1, 5, 13, 6, 14
5_17_16 9, 1, 5, 13, 10
3_5_20 12, 4, 8
3_28_00 15, 7, 3
6_26_04 5, 13, 1, 9, 2, 10
7_7_18 11, 3, 7, 15, 4, 12, 16
8_24_22 13, 5, 9, 1, 14, 6, 10, 2
3_22_02 15, 7, 11
8_6_20 12, 4, 8, 16, 13, 5, 9, 1
1_13_10 9
1_13_10 9
4_31_20 14, 6, 10, 2
8_31_08 8, 16, 4, 12, 5, 13, 1, 9
2_17_04 3, 11
7_20_22 12, 4, 8, 16, 1, 9, 13
6_8_22 13, 5, 9, 1, 10, 2
4_1_14 8, 16, 4, 12
5_11_04 5, 13, 1, 9, 14
1_22_12 4
6_19_12 7, 15, 3, 11, 8, 16
1_25_16 11
4_30_22 15, 7, 11, 3
5_21_02 3, 11, 15, 7, 4
5_9_06 6, 14, 2, 10, 7
7_11_16 11, 3, 7, 15, 4, 12, 16
4_19_16 9, 1, 5, 13
4_10_16 11, 3, 7, 15
3_26_14 6, 14, 2
8_28_22 14, 6, 10, 2, 15, 7, 11, 3
7_9_16 11, 3, 7, 15, 12, 4, 8
7_17_12 7, 15, 3, 11, 8, 16, 4
3_6_06 1, 9, 13
3_4_04 15, 7, 3
8_27_14 10, 2, 6, 14, 11, 3, 7, 15
1_9_20 13
7_26_00 3, 11, 15, 7, 16, 8, 12
4_8_06 5, 13, 1, 9
1_18_22 8
7_27_02 4, 12, 16, 8, 13, 5, 9
6_31_14 11, 3, 7, 15, 8, 16
3_11_12 9, 1, 13
7_16_14 11, 3, 7, 15, 12, 4, 8
8_3_12 7, 15, 3, 11, 8, 16, 4, 12
6_5_10 7, 15, 3, 11, 8, 16
5_28_08 7, 15, 3, 11, 12
1_19_04 11
8_10_02 4, 12, 16, 8, 5, 13, 1, 9
2_18_10 2, 10
2_10_04 1, 9
2_29_00 4,12
5_31_10 9, 1, 5, 13, 14
7_23_22 13, 5, 9, 1, 6, 14, 2
3_16_00 16, 8, 4
1_31_14 3
4_25_00 3, 11, 15, 7
2_28_20 9, 1
1_2_16 5
5_5_12 8, 16, 4, 12, 9
4_17_22 12, 4, 8, 16
3_7_04 4, 12, 8
6_9_02 4, 12, 16, 8, 5, 13
6_23_14 9, 1, 5, 13, 10, 2
8_9_20 13, 5, 9, 1, 14, 6, 10, 2
7_20_00 1, 9, 13, 5, 6, 14, 2
4_12_14 10, 2, 6, 14
6_8_00 2, 10, 14, 6, 15, 7
8_8_02 3, 11, 15, 7, 4, 12, 16, 8
6_4_20 11, 3, 7, 15, 8, 16
4_19_14 8, 16, 4, 12
6_25_04 5, 13, 1, 9, 6, 14
6_10_12 9, 1, 5, 13, 6, 14
4_18_08 5, 13, 1, 9
3_30_00 16, 8, 12
4_26_08 7, 15, 3, 11
7_2_10 6, 14, 2, 10, 3, 11, 15
4_9_22 14, 6, 10, 2
2_9_14 10, 2
4_11_12 9, 1, 5, 13
2_22_02 15, 7
6_13_22 15, 7, 11, 3, 12, 4
7_23_06 5, 13, 1, 9, 14, 6, 10
1_5_10 7
8_10_12 9, 1, 5, 13, 10, 2, 6, 14
7_30_10 9, 1, 5, 13, 2, 10, 14
6_18_22 12, 4, 8, 16, 9, 1
2_31_08 8, 16
2_31_12 10, 2
4_9_22 14, 6, 10, 2
7_14_22 15, 7, 11, 3, 8, 16, 4
1_28_00 7
2_3_00 1, 9
4_31_00 4,12, 16, 8
2_16_02 1, 9
2_25_18 12, 4
4_5_10 7, 15, 3, 11
7_14_14 11, 3, 7, 15, 4, 12, 16
3_15_02 5, 13, 9
1_25_08 7
1_1_18 10
1_16_22 3
8_20_06 4, 12, 16, 8, 5, 13, 1, 9
2_27_16 11, 3
3_24_16 6, 14, 10
4_12_00 3, 11, 15, 7
7_28_10 8, 16, 4, 12, 13, 5, 9
5_25_20 13, 5, 9, 1, 14
3_6_10 3, 11, 15
2_19_22 12, 4
1_17_22 12
2_19_20 11, 3
8_20_02 2, 10, 14, 6, 3, 11, 15, 7
5_14_18 13, 5, 9, 1, 6
5_6_14 9, 1, 5, 13, 6
8_24_00 2, 10, 14, 6, 3, 11, 15, 7
5_5_16 10, 2, 6, 14, 11
2_28_16 7, 15
6_15_06 7, 15, 3, 11, 4, 12
6_10_02 4, 12, 16, 8, 1, 9
6_5_04 4, 12, 16, 8, 5, 13
8_21_20 12, 4, 8, 16, 13, 5, 9, 1
6_12_00 3, 11, 15, 7, 16, 8
8_27_14 10, 2, 6, 14, 11, 3, 7, 15
7_26_08 7, 15, 3, 11, 4, 12, 16
1_23_14 1
5_3_10 6, 14, 2, 10, 15
2_18_02 14, 6
8_11_22 14, 6, 10, 2, 15, 7, 11, 3
5_31_08 8, 16, 4, 12, 13
3_18_14 4, 12, 16
3_30_16 8, 16, 4
5_30_18 13, 5, 9, 1, 6
3_10_08 3, 11, 15
7_18_22 12, 4, 8, 16, 9, 1, 5
1_6_20 8
2_19_16 9, 1
2_6_18 7, 15
3_20_10 2, 10, 6
4_26_20 13, 5, 9, 1
6_24_12 8, 16, 4, 12, 5, 13
6_14_20 14, 6, 10, 2, 7, 15
4_10_04 5, 13, 1, 9
8_25_02 4, 12, 16, 8, 5, 13, 1, 9
7_4_08 5, 13, 1, 9, 10, 2, 6
5_25_12 9, 1, 5, 13, 10
3_21_18 11, 3, 7
7_26_22 14, 6, 10, 2, 11, 3, 7
4_31_06 7, 15, 3, 11
5_14_00 4, 12, 16, 8, 13
7_16_02 5, 13, 1, 9, 6, 14, 2
3_13_12 10, 2, 6
7_8_16 10, 2, 6, 14, 15, 7, 11
5_26_08 7, 15, 3, 11, 4
3_22_12 4, 12, 16
3_20_16 5, 13, 9
4_3_20 11, 3, 7, 15
3_17_04 3, 11, 15
1_22_16 6
5_26_00 3, 11, 15, 7, 16
1_28_14 14
3_17_12 7, 15, 3
8_1_16 9, 1, 5, 13, 10, 2, 6, 14
4_21_14 9, 1, 5, 13
4_16_10 9, 1, 5, 13
2_14_12 6, 14
4_30_20 14, 6, 10, 2
2_30_08 4, 12
4_9_12 9, 1, 5, 13
4_23_00 2, 10, 14, 6
7_10_04 5, 13, 1, 9, 2, 10, 14
4_12_10 8, 16, 4, 12
1_17_10 6
8_13_18 13, 5, 9, 1, 10, 2, 6, 14
8_2_14 8, 16, 4, 12, 9, 1, 5, 13
3_17_12 7, 15, 3
6_19_00 1, 9, 13, 5, 2, 10
6_23_02 3, 11, 15, 7, 4, 12
5_10_10 8, 16, 4, 12, 5
3_26_16 7, 15, 3
8_9_00 3, 11, 15, 7, 4, 12, 16, 8
5_7_10 7, 15, 3, 11, 16
7_13_16 12, 4, 8, 16, 9, 1, 5
6_10_16 11, 3, 7, 15, 8, 16
1_30_18 9
7_12_14 10, 2, 6, 14, 15, 7, 11
5_14_04 6, 14, 2, 10, 15
2_5_04 4, 12
8_17_02 2, 10, 14, 6, 3, 11, 15, 7
4_3_06 4, 12, 16, 8
2_21_10 7, 15
6_7_22 13, 5, 9, 1, 14, 6
7_30_16 12, 4, 8, 16, 5, 13, 1
2_30_14 7, 15
1_1_06 4
5_19_06 4, 12, 16, 8, 13
2_25_00 3, 11
6_22_08 6, 14, 2, 10, 3, 11
1_5_04 4
2_29_18 13, 5
2_9_06 6, 14
1_19_04 11
3_20_02 14, 6, 2
8_22_16 10, 2, 6, 14, 11, 3, 7, 15
2_17_08 5, 13
2_22_02 15, 7
6_9_00 3, 11, 15, 7, 4, 12
6_25_08 7, 15, 3, 11, 8, 16
4_3_20 11, 3, 7, 15
1_21_14 9
1_27_00 11
7_24_16 10, 2, 6, 14, 15, 7, 11
2_21_16 10, 2
1_10_14 6
1_16_00 8
5_8_12 8, 16, 4, 12, 13
3_5_08 6, 14, 2
3_16_18 9, 1, 13
2_11_18 12, 4
3_4_10 2, 10, 6
2_5_12 8, 16
6_2_00 1, 9, 13, 5, 14, 6
6_17_22 12, 4, 8, 16, 13, 5
4_31_08 8, 16, 12
3_23_04 4, 12, 8
5_11_08 7, 15, 3, 11, 16
6_3_12 7, 15, 3, 11, 8, 16
6_17_00 1, 9, 13, 5, 2, 10
6_1_16 9, 1, 5, 13, 10, 2
8_17_12 7, 15, 3, 11, 8, 16, 4, 12
2_25_08 7, 15
5_17_04 3, 11, 15, 7, 4
4_20_18 10, 2, 6, 14
7_14_18 13, 5, 9, 1, 6, 14, 2
6_14_06 7, 15, 3, 11, 16, 8
6_27_16 11, 3, 7, 15, 12, 4
8_12_14 10, 2, 6, 14, 11, 3, 7, 15
7_4_22 12, 4, 8, 16, 1, 9, 13
4_16_14 11, 3, 7, 15
7_18_08 5, 13, 1, 9, 2, 10, 14
8_28_20 13, 5, 9, 1, 14, 6, 10, 2
6_30_20 14, 6, 10, 2, 7, 15
4_1_12 7, 15, 3, 11
6_10_12 9, 1, 5, 13, 6, 14
8_3_20 11, 3, 7, 15, 12, 4, 8, 16
2_2_18 6, 14
3_13_12 10, 2, 6
7_1_02 2, 10, 14, 6, 3, 11, 15
8_8_16 10, 2, 6, 14, 11, 3, 7, 15
7_2_14 8, 16, 4, 12, 5, 13, 1
2_1_02 2, 10
2_21_20 12, 4
8_29_02 5, 13, 1, 9, 2, 10, 14, 6
8_13_14 11, 3, 7, 15, 8, 16, 4, 12
7_29_14 11, 3, 7, 15, 8, 16, 4
7_27_06 6, 14, 2, 10, 15, 7, 11
4_6_10 7, 15, 3, 11
