2_1_00 1, 9
3_7_16 10, 2, 14
6_6_10 7, 15, 3, 11, 4, 12
3_16_10 5, 13, 9
2_22_22 9, 1
2_5_02 3, 11
3_20_16 5, 13, 9
2_19_02 2, 10
5_25_00 3, 11, 15, 7, 4
4_17_16 9, 1, 5, 13
1_2_16 5
5_16_00 4, 12, 16, 8, 5
3_27_08 7, 15, 11
1_17_16 9
1_8_14 13
5_29_16 12, 4, 8, 16, 9
2_4_18 6, 14
8_29_14 11, 3, 7, 15, 8, 16, 4, 12
2_24_16 6, 14
7_27_14 10, 2, 6, 14, 3, 11, 15
7_9_04 5, 13, 1, 9, 6, 14, 2
5_20_06 4, 12, 16, 8, 9
7_26_12 9, 1, 5, 13, 6, 14, 2
3_14_00 16, 8, 12
4_15_10 9, 1, 5, 13
5_9_18 12, 4, 8, 16, 13
1_2_18 6
6_18_18 10, 2, 6, 14, 7, 15
6_16_20 14, 6, 10, 2, 7, 15
2_13_18 13, 5
1_12_06 10
3_11_20 13, 5, 1
8_20_12 7, 15, 3, 11, 8, 16, 4, 12
3_1_10 6, 14, 2
5_11_12 9, 1, 5, 13, 2
1_18_14 4
3_15_20 14, 6, 2
5_14_12 10, 2, 6, 14, 3
2_15_12 10, 2
3_14_06 3, 11, 15
4_20_18 10, 2, 6, 14
8_16_14 11, 3, 7, 15, 8, 16, 4, 12
3_30_06 3, 11, 15
6_13_06 7, 15, 3, 11, 4, 12
3_26_02 16, 8, 12
5_12_16 11, 3, 7, 15, 16
8_21_16 10, 2, 6, 14, 11, 3, 7, 15
4_10_02 4, 12, 16, 8
6_1_10 6, 14, 2, 10, 7, 15
4_19_06 4, 12, 16, 8
1_15_14 3
8_16_04 6, 14, 2, 10, 3, 11, 15, 7
4_5_16 10, 2, 6, 14
1_31_02 13
8_14_04 6, 14, 2, 10, 3, 11, 15, 7
5_10_12 9, 1, 5, 13, 6
4_18_10 6, 14, 2, 10
1_9_22 14
8_18_04 3, 11, 15, 7, 4, 12, 16, 8
1_5_18 11
7_2_16 9, 1, 5, 13, 6, 14, 2
7_7_06 5, 13, 1, 9, 14, 6, 10
6_28_00 3, 11, 15, 7, 16, 8
6_10_18 12, 4, 8, 16, 9, 1
7_6_16 10, 2, 6, 14, 7, 15, 3
8_20_06 4, 12, 16, 8, 5, 13, 1, 9
2_10_06 2, 10
8_14_10 9, 1, 5, 13, 6, 14, 2, 10
1_27_00 11
8_11_08 7, 15, 3, 11, 8, 16, 4, 12
6_15_22 15, 7, 11, 3, 12, 4
6_8_02 3, 11, 15, 7, 16, 8
6_25_14 10, 2, 6, 14, 11, 3
3_19_00 1, 9, 5
2_14_18 9, 1
3_27_16 11, 3, 15
7_14_08 8, 16, 4, 12, 1, 9, 13
7_1_18 10, 2, 6, 14, 11, 3, 7
8_1_14 8, 16, 4, 12, 9, 1, 5, 13
3_14_14 7, 15, 3
1_22_06 1
8_8_10 7, 15, 3, 11, 8, 16, 4, 12
6_1_02 2, 10, 14, 6, 3, 11
2_23_16 10, 2
2_8_10 3, 11
6_30_18 13, 5, 9, 1, 6, 14
1_1_20 11
5_2_10 6, 14, 2, 10, 3
6_26_00 3, 11, 15, 7, 16, 8
2_5_00 2, 10
2_19_14 8, 16
1_28_02 8
8_24_00 2, 10, 14, 6, 3, 11, 15, 7
3_20_16 5, 13, 9
1_30_06 3
8_22_04 4, 12, 16, 8, 5, 13, 1, 9
5_17_18 10, 2, 6, 14, 11
4_6_16 10, 2, 6, 14
5_17_00 1, 9, 13, 5, 2
1_8_14 13
4_19_04 3, 11, 15, 7
7_17_16 9, 1, 5, 13, 10, 2, 6
7_26_16 11, 3, 7, 15, 8, 16, 4
4_22_08 6, 14, 2, 10
6_14_18 13, 5, 9, 1, 6, 14
4_18_04 3, 11, 15, 7
7_30_08 8, 16, 4, 12, 1, 9, 13
2_13_04 6, 14
6_24_02 3, 11, 15, 7, 16, 8
3_23_14 9, 1, 13
8_25_22 14, 6, 10, 2, 15, 7, 11, 3
4_2_18 10, 2, 6, 14
6_18_14 8, 16, 4, 12, 5, 13
7_30_20 14, 6, 10, 2, 7, 15, 3
8_3_04 3, 11, 15, 7, 4, 12, 16, 8
7_29_08 8, 16, 4, 12, 5, 13, 1
5_19_18 10, 2, 6, 14, 3
1_11_22 6
1_1_00 1
1_6_10 3
2_9_22 14, 6
6_18_10 6, 14, 2, 10, 3, 11
5_22_04 4, 12, 16, 8, 1
8_18_10 6, 14, 2, 10, 7, 15, 3, 11
3_5_22 13, 5, 9
4_1_02 2, 10, 14, 6
8_31_20 14, 6, 10, 2, 11, 3, 7, 15
4_18_14 8, 16, 4, 12
1_12_08 11
8_25_06 6, 14, 2, 10, 7, 15, 3, 11
1_9_22 14
4_3_16 9, 1, 5, 13
4_7_08 6, 14, 2, 10
5_19_08 5, 13, 1, 9, 14
7_29_16 12, 4, 8, 16, 9, 1, 5
3_13_16 12, 4, 8
2_25_10 8, 16
7_15_06 7, 15, 3, 11, 12, 4, 8
7_4_16 9, 1, 5, 13, 14, 6, 10
2_28_18 8, 16
1_11_16 3
3_23_04 4, 12, 8
6_31_02 5, 13, 1, 9, 2, 10
7_31_12 10, 2, 6, 14, 15, 7, 11
3_5_16 10, 2, 6
8_29_18 13, 5, 9, 1, 10, 2, 6, 14
3_13_12 10, 2, 6
6_12_22 14, 6, 10, 2, 11, 3
2_29_16 12, 4
7_24_16 10, 2, 6, 14, 15, 7, 11
3_16_00 16, 8, 4
3_14_04 2, 10, 14
7_23_06 5, 13, 1, 9, 14, 6, 10
5_10_18 12, 4, 8, 16, 9
5_29_18 13, 5, 9, 1, 10
6_24_12 8, 16, 4, 12, 5, 13
5_27_06 6, 14, 2, 10, 15
7_18_16 9, 1, 5, 13, 6, 14, 2
8_5_04 4, 12, 16, 8, 5, 13, 1, 9
6_2_10 6, 14, 2, 10, 3, 11
7_4_00 1, 9, 13, 5, 6, 14, 2
1_19_06 12
8_22_16 10, 2, 6, 14, 11, 3, 7, 15
1_22_16 6
6_31_02 5, 13, 1, 9, 2, 10
5_29_22 15, 7, 11, 3, 12
8_2_14 8, 16, 4, 12, 9, 1, 5, 13
8_28_00 3, 11, 15, 7, 4, 12, 16, 8
1_24_16 14
8_16_06 7, 15, 3, 11, 4, 12, 16, 8
8_12_08 7, 15, 3, 11, 8, 16, 4, 12
1_12_04 9
4_15_08 8, 16, 12
1_21_18 11
3_6_04 16, 8, 12
8_18_18 10, 2, 6, 14, 11, 3, 7, 15
3_22_18 7, 15, 3
3_9_22 14, 6, 10
6_11_00 3, 11, 15, 7, 4, 12
7_2_20 11, 3, 7, 15, 8, 16, 4
2_12_22 10, 2
7_12_00 3, 11, 15, 7, 8, 16, 4
5_1_08 5, 13, 1, 9, 6
2_31_18 13, 5
6_24_12 8, 16, 4, 12, 5, 13
8_28_02 4, 12, 16, 8, 5, 13, 1, 9
8_22_18 11, 3, 7, 15, 12, 4, 8, 16
4_13_22 15, 7, 11, 3
7_13_12 10, 2, 6, 14, 7, 15, 3
5_19_18 10, 2, 6, 14, 3
8_21_16 10, 2, 6, 14, 11, 3, 7, 15
6_9_02 4, 12, 16, 8, 5, 13
4_16_02 5, 13, 1, 9
7_3_08 5, 13, 1, 9, 14, 6, 10
7_29_10 9, 1, 5, 13, 6, 14, 2
8_23_20 12, 4, 8, 16, 13, 5, 9, 1
5_1_22 12, 4, 8, 16, 13
6_8_10 7, 15, 3, 11, 4, 12
3_3_00 1, 9, 5
2_16_06 3, 11
3_4_06 16, 8, 4
4_9_22 14, 6, 10, 2
7_24_22 13, 5, 9, 1, 2, 10, 14
4_6_14 9, 1, 5, 13
3_20_04 15, 7, 3
3_6_18 7, 15, 3
6_21_06 5, 13, 1, 9, 6, 14
3_16_08 4, 12, 8
3_26_18 8, 16, 4
5_18_18 10, 2, 6, 14, 7
4_8_18 11, 3, 7, 15
4_2_04 3, 11, 15, 7
6_28_10 8, 16, 4, 12, 5, 13
1_12_14 14
2_9_18 12, 4
7_1_00 1, 9, 13, 5, 2, 10, 14
6_29_08 8, 16, 4, 12, 5, 13
8_23_22 13, 5, 9, 1, 14, 6, 10, 2
1_17_02 2
3_6_20 8, 16, 4
4_7_00 2, 10, 14, 6
7_30_06 7, 15, 3, 11, 16, 8, 12
3_1_18 10, 2, 6
6_4_06 4, 12, 16, 8, 1, 9
5_10_04 5, 13, 1, 9, 2
8_20_18 10, 2, 6, 14, 11, 3, 7, 15
8_16_16 12, 4, 8, 16, 9, 1, 5, 13
4_14_20 14, 6, 10, 2
3_18_04 15, 7, 11
2_13_06 7, 15
8_5_14 9, 1, 5, 13, 10, 2, 6, 14
3_17_22 12, 4, 8
1_10_22 10
3_16_16 8, 16, 12
1_21_10 7
3_2_14 4, 12, 16
4_30_04 6, 14, 2, 10
7_10_10 8, 16, 4, 12, 5, 13, 1
4_21_12 8, 16, 4, 12
7_18_16 9, 1, 5, 13, 6, 14, 2
5_2_02 2, 10, 14, 6, 15
1_16_22 3
2_14_08 4, 12
6_15_06 7, 15, 3, 11, 4, 12
2_4_14 4, 12
4_5_02 3, 11, 15, 7
7_16_02 5, 13, 1, 9, 6, 14, 2
6_25_16 11, 3, 7, 15, 12, 4
1_27_08 15
2_25_14 10, 2
4_22_08 6, 14, 2, 10
3_2_06 16, 8, 12
4_23_16 10, 2, 6, 14
6_18_02 2, 10, 14, 6, 15, 7
2_23_04 4, 12
1_29_08 8
8_30_02 5, 13, 1, 9, 2, 10, 14, 6
4_7_00 2, 10, 14, 6
5_23_00 2, 10, 14, 6, 11
8_9_06 6, 14, 2, 10, 7, 15, 3, 11
2_23_08 6, 14
7_14_18 13, 5, 9, 1, 6, 14, 2
5_7_06 5, 13, 1, 9, 14
2_4_18 6, 14
1_21_02 3
8_29_22 15, 7, 11, 3, 12, 4, 8, 16
5_5_22 13, 5, 9, 1, 14
6_12_12 9, 1, 5, 13, 6, 14
1_8_04 8
6_8_22 13, 5, 9, 1, 10, 2
1_5_06 5
6_10_06 6, 14, 2, 10, 3, 11
4_10_00 3, 11, 15, 7
7_7_04 4, 12, 16, 8, 13, 5, 9
6_15_12 10, 2, 6, 14, 7, 15
1_14_14 7
4_30_10 9, 1, 5, 13
4_16_00 4,12, 16, 8
2_30_12 6, 14
6_22_10 7, 15, 3, 11, 4, 12
3_26_04 1, 9, 13
7_4_14 8, 16, 4, 12, 13, 5, 9
6_20_18 10, 2, 6, 14, 7, 15
5_31_06 7, 15, 3, 11, 12
3_3_06 4, 12, 8
5_3_16 9, 1, 5, 13, 2
4_25_08 7, 15, 3, 11
8_4_06 4, 12, 16, 8, 5, 13, 1, 9
4_1_22 12, 4, 8, 16
1_20_18 14
6_9_06 6, 14, 2, 10, 7, 15
5_12_20 13, 5, 9, 1, 2
7_3_02 2, 10, 14, 6, 11, 3, 7
3_19_08 5, 13, 9
2_30_14 7, 15
2_26_18 8, 16
1_9_12 9
5_23_14 9, 1, 5, 13, 2
5_15_02 5, 13, 1, 9, 10
4_29_20 14, 6, 10, 2
7_4_10 6, 14, 2, 10, 11, 3, 7
5_20_20 11, 3, 7, 15, 16
2_24_06 1, 9
6_21_22 13, 5, 9, 1, 14, 6
3_26_02 16, 8, 12
3_23_00 2, 10, 6
2_2_18 6, 14
1_17_04 3
3_24_22 9, 1, 13
8_11_12 9, 1, 5, 13, 10, 2, 6, 14
5_26_00 3, 11, 15, 7, 16
3_28_00 15, 7, 3
4_26_20 13, 5, 9, 1
3_22_10 3, 11, 15
8_27_22 14, 6, 10, 2, 15, 7, 11, 3
6_31_04 6, 14, 2, 10, 3, 11
8_26_04 5, 13, 1, 9, 6, 14, 2, 10
8_12_04 5, 13, 1, 9, 6, 14, 2, 10
6_29_06 7, 15, 3, 11, 4, 12
2_4_14 4, 12
7_28_00 3, 11, 15, 7, 8, 16, 4
8_24_14 9, 1, 5, 13, 10, 2, 6, 14
7_21_06 5, 13, 1, 9, 6, 14, 2
4_10_16 11, 3, 7, 15
3_6_16 6, 14, 2
8_16_04 6, 14, 2, 10, 3, 11, 15, 7
5_2_20 11, 3, 7, 15, 8
8_19_12 7, 15, 3, 11, 8, 16, 4, 12
8_17_00 1, 9, 13, 5, 2, 10, 14, 6
5_9_04 5, 13, 1, 9, 6
8_18_08 5, 13, 1, 9, 6, 14, 2, 10
5_24_00 2, 10, 14, 6, 7
8_4_04 3, 11, 15, 7, 4, 12, 16, 8
7_29_18 13, 5, 9, 1, 10, 2, 6
6_18_06 4, 12, 16, 8, 1, 9
5_30_20 14, 6, 10, 2, 7
8_7_20 12, 4, 8, 16, 13, 5, 9, 1
2_21_06 5, 13
3_2_18 6, 14, 2
4_30_08 8, 16, 4, 12
4_10_02 4, 12, 16, 8
1_7_20 4
5_6_08 6, 14, 2, 10, 3
4_2_14 8, 16, 4, 12
3_7_06 5, 13, 9
7_20_00 1, 9, 13, 5, 6, 14, 2
7_26_14 10, 2, 6, 14, 7, 15, 3
3_28_18 8, 16, 12
6_23_16 10, 2, 6, 14, 11, 3
2_31_16 12, 4
4_22_04 4, 12, 16, 8
7_3_12 7, 15, 3, 11, 16, 8, 12
1_27_18 4
1_2_14 4
2_13_18 13, 5
2_18_14 4, 12
4_4_00 1, 9, 13, 5
5_16_16 12, 4, 8, 16, 13
4_20_12 7, 15, 3, 11
3_5_10 7, 15, 3
7_25_00 3, 11, 15, 7, 4, 12, 16
7_6_06 5, 13, 1, 9, 2, 10, 14
8_16_10 9, 1, 5, 13, 6, 14, 2, 10
5_4_14 8, 16, 4, 12, 13
8_14_02 5, 13, 1, 9, 2, 10, 14, 6
6_16_12 10, 2, 6, 14, 3, 11
4_6_22 13, 5, 9, 1
8_6_08 6, 14, 2, 10, 7, 15, 3, 11
3_4_04 15, 7, 3
4_17_14 8, 16, 4, 12
4_6_22 13, 5, 9, 1
8_7_06 5, 13, 1, 9, 6, 14, 2, 10
6_18_06 4, 12, 16, 8, 1, 9
1_1_00 1
6_10_06 6, 14, 2, 10, 3, 11
7_5_08 6, 14, 2, 10, 7, 15, 3
4_25_10 8, 16, 4, 12
5_16_04 6, 14, 2, 10, 7
1_12_20 1
3_7_06 5, 13, 9
7_29_02 5, 13, 1, 9, 2, 10, 14
7_27_12 9, 1, 5, 13, 2, 10, 14
3_14_04 2, 10, 14
3_13_08 8, 16, 4
1_10_16 7
3_6_22 9, 1, 5
1_25_12 9
2_9_08 7, 15
3_10_16 7, 15, 3
7_14_18 13, 5, 9, 1, 6, 14, 2
3_28_16 7, 15, 11
2_8_02 15, 7
8_6_00 2, 10, 14, 6, 3, 11, 15, 7
4_6_08 6, 14, 2, 10
5_21_02 3, 11, 15, 7, 4
1_15_18 5
7_11_20 13, 5, 9, 1, 6, 14, 2
3_28_22 10, 2, 14
2_16_18 9, 1
5_16_04 6, 14, 2, 10, 7
4_10_00 3, 11, 15, 7
7_24_22 13, 5, 9, 1, 2, 10, 14
7_10_20 13, 5, 9, 1, 10, 2, 6
8_3_10 6, 14, 2, 10, 7, 15, 3, 11
8_20_04 3, 11, 15, 7, 4, 12, 16, 8
8_8_20 12, 4, 8, 16, 13, 5, 9, 1
6_9_08 7, 15, 3, 11, 8, 16
2_22_10 3, 11
7_18_06 4, 12, 16, 8, 1, 9, 13
8_13_02 5, 13, 1, 9, 2, 10, 14, 6
4_19_18 10, 2, 6, 14
6_8_06 5, 13, 1, 9, 2, 10
2_23_22 13, 5
5_10_10 8, 16, 4, 12, 5
5_12_22 14, 6, 10, 2, 3
3_6_18 7, 15, 3
5_5_10 7, 15, 3, 11, 8
3_4_16 5, 13, 9
2_29_22 15, 7
1_1_14 8
5_1_00 1, 9, 13, 5, 2
5_15_04 6, 14, 2, 10, 11
5_31_10 9, 1, 5, 13, 14
6_2_08 5, 13, 1, 9, 2, 10
7_30_10 9, 1, 5, 13, 2, 10, 14
3_3_22 12, 4, 16
4_3_16 9, 1, 5, 13
6_10_12 9, 1, 5, 13, 6, 14
1_8_20 16
1_31_08 16
5_27_12 9, 1, 5, 13, 2
3_4_02 14, 6, 2
1_5_20 12
1_1_08 5
1_30_18 9
2_24_08 2, 10
8_8_06 5, 13, 1, 9, 6, 14, 2, 10
8_19_20 11, 3, 7, 15, 12, 4, 8, 16
4_6_02 3, 11, 15, 7
2_11_02 4, 12
8_30_22 15, 7, 11, 3, 12, 4, 8, 16
7_9_18 12, 4, 8, 16, 13, 5, 9
5_3_20 11, 3, 7, 15, 4
7_4_04 3, 11, 15, 7, 8, 16, 4
8_22_10 7, 15, 3, 11, 8, 16, 4, 12
2_18_02 14, 6
3_20_02 14, 6, 2
5_21_16 10, 2, 6, 14, 11
3_22_04 16, 8, 12
1_30_08 4
8_21_18 11, 3, 7, 15, 12, 4, 8, 16
7_1_08 5, 13, 1, 9, 6, 14, 2
3_1_22 12, 4, 8
1_20_08 9
2_7_12 8, 16
7_20_04 3, 11, 15, 7, 8, 16, 4
1_12_12 13
2_6_14 5, 13
7_6_18 11, 3, 7, 15, 8, 16, 4
5_2_00 1, 9, 13, 5, 14
8_3_16 9, 1, 5, 13, 10, 2, 6, 14
2_2_00 13, 5
4_22_12 8, 16, 4, 12
6_11_14 10, 2, 6, 14, 11, 3
5_7_00 2, 10, 14, 6, 11
7_13_08 8, 16, 4, 12, 5, 13, 1
8_11_00 3, 11, 15, 7, 4, 12, 16, 8
2_16_00 16, 8
8_19_18 10, 2, 6, 14, 11, 3, 7, 15
6_8_12 8, 16, 4, 12, 5, 13
2_13_02 5, 13
1_23_00 10
2_18_08 1, 9
6_2_20 11, 3, 7, 15, 8, 16
7_7_02 3, 11, 15, 7, 12, 4, 8
8_13_20 14, 6, 10, 2, 11, 3, 7, 15
5_17_22 12, 4, 8, 16, 13
4_16_12 10, 2, 6, 14
3_2_08 1, 9, 13
1_21_10 7
3_23_12 8, 16, 12
7_7_12 8, 16, 4, 12, 1, 9, 13
3_23_16 10, 2, 14
6_31_20 14, 6, 10, 2, 11, 3
4_6_06 5, 13, 1, 9
5_15_08 8, 16, 4, 12, 13
3_1_20 11, 3, 7
6_11_22 14, 6, 10, 2, 15, 7
3_2_16 5, 13, 1
6_4_14 8, 16, 4, 12, 5, 13
5_31_10 9, 1, 5, 13, 14
5_28_04 5, 13, 1, 9, 10
7_28_12 9, 1, 5, 13, 14, 6, 10
8_14_20 14, 6, 10, 2, 11, 3, 7, 15
5_22_00 2, 10, 14, 6, 15
7_16_04 6, 14, 2, 10, 7, 15, 3
2_20_16 5, 13
2_31_10 9, 1
5_7_14 9, 1, 5, 13, 2
6_27_00 3, 11, 15, 7, 4, 12
