7_9_22 14, 6, 10, 2, 15, 7, 11
6_20_12 7, 15, 3, 11, 4, 12
8_22_00 2, 10, 14, 6, 3, 11, 15, 7
1_3_12 15
1_9_00 3
1_2_02 14
6_4_22 12, 4, 8, 16, 9, 1
1_29_18 13
2_15_16 12, 4
8_29_02 5, 13, 1, 9, 2, 10, 14, 6
4_11_08 7, 15, 3, 11
6_2_22 12, 4, 8, 16, 9, 1
2_1_00 1, 9
5_2_20 11, 3, 7, 15, 8
8_26_00 3, 11, 15, 7, 4, 12, 16, 8
1_28_10 12
6_27_02 4, 12, 16, 8, 5, 13
4_8_04 4, 12, 16, 8
6_6_20 12, 4, 8, 16, 9, 1
6_11_14 10, 2, 6, 14, 11, 3
5_20_20 11, 3, 7, 15, 16
6_4_22 12, 4, 8, 16, 9, 1
2_5_06 5, 13
6_20_12 7, 15, 3, 11, 4, 12
2_20_04 15, 7
5_3_06 4, 12, 16, 8, 13
7_24_02 3, 11, 15, 7, 8, 16, 4
3_11_10 8, 16, 12
2_27_20 13, 5
7_15_22 15, 7, 11, 3, 4, 12, 16
1_21_08 6
6_21_04 4, 12, 16, 8, 5, 13
2_9_18 12, 4
3_11_20 13, 5, 1
1_29_18 13
6_3_14 8, 16, 4, 12, 9, 1
7_23_00 2, 10, 14, 6, 11, 3, 7
7_19_20 11, 3, 7, 15, 4, 12, 16
5_28_00 3, 11, 15, 7, 8
2_28_22 10, 2
4_18_08 5, 13, 1, 9
2_22_14 5, 13
1_24_08 10
1_13_04 6
7_3_08 5, 13, 1, 9, 14, 6, 10
6_6_18 11, 3, 7, 15, 8, 16
4_14_08 8, 16, 4, 12
1_16_08 12
1_22_08 2
1_30_00 16
8_16_04 6, 14, 2, 10, 3, 11, 15, 7
8_13_04 6, 14, 2, 10, 3, 11, 15, 7
6_8_00 2, 10, 14, 6, 15, 7
8_2_22 12, 4, 8, 16, 13, 5, 9, 1
5_18_22 12, 4, 8, 16, 9
5_18_20 11, 3, 7, 15, 8
3_23_02 3, 11, 7
2_6_00 14, 6
7_16_00 4, 12, 16, 8, 5, 13, 1
5_26_08 7, 15, 3, 11, 4
7_2_02 2, 10, 14, 6, 15, 7, 11
7_9_22 14, 6, 10, 2, 15, 7, 11
6_9_14 10, 2, 6, 14, 11, 3
7_23_18 11, 3, 7, 15, 4, 12, 16
5_24_10 7, 15, 3, 11, 12
6_29_18 13, 5, 9, 1, 10, 2
7_29_12 10, 2, 6, 14, 7, 15, 3
7_8_16 10, 2, 6, 14, 15, 7, 11
1_10_10 4
7_13_12 10, 2, 6, 14, 7, 15, 3
2_10_16 7, 15
5_16_00 4, 12, 16, 8, 5
8_9_14 10, 2, 6, 14, 11, 3, 7, 15
4_5_20 12, 4, 8, 16
1_30_12 6
2_7_22 13, 5
6_2_22 12, 4, 8, 16, 9, 1
5_11_18 12, 4, 8, 16, 5
1_1_16 9
3_25_06 6, 14, 2
8_5_18 11, 3, 7, 15, 12, 4, 8, 16
6_9_12 9, 1, 5, 13, 10, 2
1_29_14 11
4_22_22 13, 5, 9, 1
1_22_12 4
1_13_12 10
1_11_18 4
1_2_10 2
5_17_02 2, 10, 14, 6, 3
2_14_14 7, 15
6_6_10 7, 15, 3, 11, 4, 12
3_17_08 5, 13, 1
4_29_20 14, 6, 10, 2
4_3_06 4, 12, 16, 8
4_17_04 3, 11, 15, 7
3_14_10 5, 13, 1
1_13_00 4
8_31_06 7, 15, 3, 11, 4, 12, 16, 8
5_2_18 10, 2, 6, 14, 7
5_23_22 13, 5, 9, 1, 6
4_7_20 12, 4, 8, 16
3_13_04 6, 14, 2
5_10_22 14, 6, 10, 2, 11
8_16_16 12, 4, 8, 16, 9, 1, 5, 13
4_2_04 3, 11, 15, 7
5_7_12 8, 16, 4, 12, 1
3_10_06 2, 10, 14
5_13_16 12, 4, 8, 16, 9
6_12_12 9, 1, 5, 13, 6, 14
8_12_22 14, 6, 10, 2, 15, 7, 11, 3
1_19_18 2
2_5_16 10, 2
8_1_06 4, 12, 16, 8, 5, 13, 1, 9
8_26_00 3, 11, 15, 7, 4, 12, 16, 8
7_21_04 4, 12, 16, 8, 5, 13, 1
7_12_18 12, 4, 8, 16, 1, 9, 13
1_9_08 7
1_26_16 7
5_23_08 6, 14, 2, 10, 15
4_3_06 4, 12, 16, 8
4_10_22 14, 6, 10, 2
2_26_00 15, 7
1_9_06 6
4_21_08 6, 14, 2, 10
2_24_06 1, 9
3_4_22 8, 16, 12
7_9_08 7, 15, 3, 11, 8, 16, 4
3_5_02 3, 11, 15
3_5_22 13, 5, 9
8_7_18 11, 3, 7, 15, 12, 4, 8, 16
2_30_20 10, 2
8_10_06 6, 14, 2, 10, 7, 15, 3, 11
3_30_18 9, 1, 5
6_16_08 8, 16, 4, 12, 1, 9
6_26_02 4, 12, 16, 8, 1, 9
7_5_22 13, 5, 9, 1, 14, 6, 10
6_31_00 4, 12, 16, 8, 1, 9
4_7_04 4, 12, 16, 8
1_16_04 10
6_4_20 11, 3, 7, 15, 8, 16
4_9_14 10, 2, 6, 14
5_6_16 10, 2, 6, 14, 7
7_2_04 3, 11, 15, 7, 16, 8, 12
3_31_18 13, 5, 1
8_18_02 2, 10, 14, 6, 3, 11, 15, 7
3_5_02 3, 11, 15
6_22_10 7, 15, 3, 11, 4, 12
5_31_14 11, 3, 7, 15, 16
1_18_18 6
3_10_12 5, 13, 1
6_31_08 8, 16, 4, 12, 5, 13
7_10_04 5, 13, 1, 9, 2, 10, 14
4_26_06 6, 14, 2, 10
3_8_08 2, 10, 6
1_12_10 12
3_15_14 11, 3, 15
5_26_02 4, 12, 16, 8, 1
4_5_14 9, 1, 5, 13
4_7_18 11, 3, 7, 15
2_6_02 15, 7
5_22_16 10, 2, 6, 14, 7
8_1_04 3, 11, 15, 7, 4, 12, 16, 8
1_16_08 12
1_19_14 16
7_28_08 7, 15, 3, 11, 12, 4, 8
3_24_22 9, 1, 13
1_4_06 8
3_29_12 10, 2, 6
7_27_16 11, 3, 7, 15, 4, 12, 16
5_26_12 9, 1, 5, 13, 6
4_15_12 10, 2, 6, 14
5_25_02 4, 12, 16, 8, 5
7_7_18 11, 3, 7, 15, 4, 12, 16
1_23_08 14
8_23_00 2, 10, 14, 6, 3, 11, 15, 7
5_11_04 5, 13, 1, 9, 14
3_8_02 15, 7, 3
1_20_18 14
1_20_20 15
8_8_02 3, 11, 15, 7, 4, 12, 16, 8
6_31_06 7, 15, 3, 11, 4, 12
1_7_22 5
5_19_08 5, 13, 1, 9, 14
7_18_16 9, 1, 5, 13, 6, 14, 2
8_3_22 12, 4, 8, 16, 13, 5, 9, 1
6_2_00 1, 9, 13, 5, 14, 6
5_10_14 10, 2, 6, 14, 7
6_12_02 4, 12, 16, 8, 1, 9
3_9_10 8, 16, 4
7_5_00 2, 10, 14, 6, 3, 11, 15
1_29_20 14
4_27_18 12, 4, 8, 16
5_25_12 9, 1, 5, 13, 10
1_10_12 5
3_23_04 4, 12, 8
3_9_10 8, 16, 4
3_28_14 6, 14, 10
5_20_22 12, 4, 8, 16, 1
6_18_20 11, 3, 7, 15, 8, 16
5_6_10 7, 15, 3, 11, 4
8_11_18 12, 4, 8, 16, 13, 5, 9, 1
5_2_08 5, 13, 1, 9, 2
3_7_04 4, 12, 8
8_29_14 11, 3, 7, 15, 8, 16, 4, 12
3_21_10 7, 15, 3
6_23_18 11, 3, 7, 15, 12, 4
6_10_16 11, 3, 7, 15, 8, 16
5_12_14 10, 2, 6, 14, 15
7_30_12 10, 2, 6, 14, 3, 11, 15
2_8_16 6, 14
7_14_20 14, 6, 10, 2, 7, 15, 3
1_11_20 5
6_3_04 3, 11, 15, 7, 4, 12
4_8_02 3, 11, 15, 7
4_30_16 12, 4, 8, 16
7_31_04 6, 14, 2, 10, 11, 3, 7
3_5_02 3, 11, 15
2_23_02 3, 11
8_10_22 14, 6, 10, 2, 15, 7, 11, 3
4_1_06 4, 12, 16, 8
2_29_14 11, 3
1_6_14 5
4_8_04 4, 12, 16, 8
4_19_20 11, 3, 7, 15
3_20_10 2, 10, 6
1_19_02 10
5_13_14 11, 3, 7, 15, 8
7_26_20 13, 5, 9, 1, 10, 2, 6
2_26_20 9, 1
5_3_10 6, 14, 2, 10, 15
6_31_00 4, 12, 16, 8, 1, 9
6_7_20 12, 4, 8, 16, 13, 5
4_19_06 4, 12, 16, 8
2_9_06 6, 14
2_29_10 9, 1
3_23_02 3, 11, 7
3_28_00 15, 7, 3
8_26_20 13, 5, 9, 1, 14, 6, 10, 2
2_22_06 1, 9
4_16_14 11, 3, 7, 15
2_14_10 5, 13
4_7_18 11, 3, 7, 15
2_12_00 15, 7
1_27_04 13
7_22_14 9, 1, 5, 13, 6, 14, 2
8_11_02 4, 12, 16, 8, 5, 13, 1, 9
4_3_22 12, 4, 8, 16
2_2_10 2, 10
6_29_12 10, 2, 6, 14, 7, 15
5_12_22 14, 6, 10, 2, 3
1_2_02 14
1_12_22 2
3_24_08 2, 10, 6
2_25_02 4, 12
1_3_08 13
3_3_12 7, 15, 11
1_12_04 9
4_10_14 10, 2, 6, 14
8_13_02 5, 13, 1, 9, 2, 10, 14, 6
4_1_12 7, 15, 3, 11
3_27_12 9, 1, 13
7_3_18 10, 2, 6, 14, 3, 11, 15
3_15_18 13, 5, 1
1_13_06 7
1_2_20 7
8_3_16 9, 1, 5, 13, 10, 2, 6, 14
7_19_12 7, 15, 3, 11, 16, 8, 12
4_31_18 13, 5, 9, 1
8_17_18 10, 2, 6, 14, 11, 3, 7, 15
2_1_12 7, 15
5_15_14 11, 3, 7, 15, 16
3_11_00 3, 11, 7
8_24_08 6, 14, 2, 10, 7, 15, 3, 11
8_22_22 13, 5, 9, 1, 14, 6, 10, 2
3_22_20 8, 16, 4
8_2_12 7, 15, 3, 11, 8, 16, 4, 12
6_3_18 10, 2, 6, 14, 11, 3
7_19_18 10, 2, 6, 14, 3, 11, 15
5_30_22 15, 7, 11, 3, 8
2_28_18 8, 16
2_16_20 10, 2
2_22_18 7, 15
4_25_00 3, 11, 15, 7
7_21_12 8, 16, 4, 12, 9, 1, 5
2_16_22 11, 3
7_8_00 2, 10, 14, 6, 7, 15, 3
1_15_06 15
3_27_14 10, 2, 14
2_4_22 8, 16
4_3_14 8, 16, 4, 12
5_1_12 7, 15, 3, 11, 8
6_16_00 4, 12, 16, 8, 13, 5
7_31_06 7, 15, 3, 11, 12, 4, 8
8_28_10 8, 16, 4, 12, 9, 1, 5, 13
1_5_06 5
7_6_22 13, 5, 9, 1, 10, 2, 6
6_9_22 14, 6, 10, 2, 15, 7
3_9_06 6, 14, 2
6_31_18 13, 5, 9, 1, 10, 2
2_30_02 1, 9
6_19_20 11, 3, 7, 15, 12, 4
8_2_08 5, 13, 1, 9, 6, 14, 2, 10
8_28_00 3, 11, 15, 7, 4, 12, 16, 8
7_31_08 8, 16, 4, 12, 13, 5, 9
8_24_10 7, 15, 3, 11, 8, 16, 4, 12
7_28_22 14, 6, 10, 2, 3, 11, 15
7_31_20 14, 6, 10, 2, 3, 11, 15
7_19_00 1, 9, 13, 5, 10, 2, 6
2_15_08 8, 16
6_25_08 7, 15, 3, 11, 8, 16
6_3_10 6, 14, 2, 10, 7, 15
1_24_16 14
5_18_22 12, 4, 8, 16, 9
5_15_20 14, 6, 10, 2, 3
4_4_10 6, 14, 2, 10
4_5_22 13, 5, 9, 1
1_17_18 10
5_6_10 7, 15, 3, 11, 4
4_30_06 7, 15, 3, 11
4_31_02 5, 13, 1, 9
3_26_18 8, 16, 4
8_2_14 8, 16, 4, 12, 9, 1, 5, 13
2_19_06 4, 12
2_7_08 6, 14
5_14_22 15, 7, 11, 3, 8
2_21_10 7, 15
2_3_10 6, 14
6_25_14 10, 2, 6, 14, 11, 3
2_1_08 5, 13
4_12_00 3, 11, 15, 7
7_18_22 12, 4, 8, 16, 9, 1, 5
7_1_00 1, 9, 13, 5, 2, 10, 14
8_26_06 6, 14, 2, 10, 7, 15, 3, 11
8_9_18 12, 4, 8, 16, 13, 5, 9, 1
1_30_00 16
1_9_12 9
3_10_22 10, 2, 6
6_22_12 8, 16, 4, 12, 5, 13
5_10_22 14, 6, 10, 2, 11
3_22_00 14, 6, 10
1_8_06 9
2_31_10 9, 1
6_23_14 9, 1, 5, 13, 10, 2
7_15_22 15, 7, 11, 3, 4, 12, 16
7_3_04 3, 11, 15, 7, 12, 4, 8
3_8_10 3, 11, 7
5_9_06 6, 14, 2, 10, 7
4_20_20 11, 3, 7, 15
2_13_02 5, 13
1_16_06 11
7_5_04 4, 12, 16, 8, 5, 13, 1
1_12_16 15
6_6_10 7, 15, 3, 11, 4, 12
2_15_20 14, 6
1_17_18 10
5_10_16 11, 3, 7, 15, 8
2_18_16 5, 13
7_9_16 11, 3, 7, 15, 12, 4, 8
3_18_06 16, 8, 12
8_17_06 4, 12, 16, 8, 5, 13, 1, 9
8_18_12 7, 15, 3, 11, 8, 16, 4, 12
6_21_04 4, 12, 16, 8, 5, 13
1_24_02 7
6_7_08 6, 14, 2, 10, 7, 15
5_11_14 10, 2, 6, 14, 3
8_28_20 13, 5, 9, 1, 14, 6, 10, 2
1_2_16 5
8_29_18 13, 5, 9, 1, 10, 2, 6, 14
5_27_08 7, 15, 3, 11, 16
2_4_18 6, 14
7_21_02 3, 11, 15, 7, 4, 12, 16
4_20_02 2, 10, 14, 6
7_4_18 10, 2, 6, 14, 15, 7, 11
3_11_20 13, 5, 1
2_9_02 4, 12
1_10_22 10
5_14_12 10, 2, 6, 14, 3
5_30_08 8, 16, 4, 12, 1
2_26_10 4, 12
6_5_06 5, 13, 1, 9, 6, 14
6_21_20 12, 4, 8, 16, 13, 5
8_14_08 8, 16, 4, 12, 5, 13, 1, 9
2_27_04 5, 13
1_8_16 14
8_16_10 9, 1, 5, 13, 6, 14, 2, 10
5_29_16 12, 4, 8, 16, 9
8_21_12 8, 16, 4, 12, 9, 1, 5, 13
1_24_06 9
7_20_18 10, 2, 6, 14, 15, 7, 11
1_19_22 4
7_1_20 11, 3, 7, 15, 12, 4, 8
8_8_22 13, 5, 9, 1, 14, 6, 10, 2
1_26_16 7
5_26_08 7, 15, 3, 11, 4
7_25_10 8, 16, 4, 12, 9, 1, 5
3_7_22 13, 5, 1
1_8_06 9
4_22_04 4, 12, 16, 8
7_2_12 7, 15, 3, 11, 4, 12, 16
5_8_10 7, 15, 3, 11, 12
5_31_16 12, 4, 8, 16, 1
8_18_02 2, 10, 14, 6, 3, 11, 15, 7
8_24_18 11, 3, 7, 15, 12, 4, 8, 16
2_17_10 6, 14
6_7_18 11, 3, 7, 15, 12, 4
2_27_18 12, 4
2_30_14 7, 15
5_14_00 4, 12, 16, 8, 13
2_22_20 8, 16
6_18_00 1, 9, 13, 5, 14, 6
4_4_22 12, 4, 8, 16
1_24_02 7
2_25_12 9, 1
6_13_08 8, 16, 4, 12, 5, 13
2_20_10 2, 10
5_5_08 6, 14, 2, 10, 7
1_7_14 1
6_15_12 10, 2, 6, 14, 7, 15
4_14_06 7, 15, 3, 11
6_7_10 7, 15, 3, 11, 8, 16
8_29_12 10, 2, 6, 14, 7, 15, 3, 11
3_31_20 14, 6, 2
3_2_18 6, 14, 2
4_15_20 14, 6, 10, 2
3_15_08 8, 16, 12
8_26_08 7, 15, 3, 11, 8, 16, 4, 12
5_8_02 3, 11, 15, 7, 8
6_5_00 2, 10, 14, 6, 3, 11
4_30_22 15, 7, 11, 3
6_13_00 4, 12, 16, 8, 1, 9
2_8_12 4, 12
1_4_12 11
7_6_12 8, 16, 4, 12, 5, 13, 1
2_12_22 10, 2
4_10_16 11, 3, 7, 15
8_28_00 3, 11, 15, 7, 4, 12, 16, 8
8_1_02 2, 10, 14, 6, 3, 11, 15, 7
1_12_18 16
8_5_02 3, 11, 15, 7, 4, 12, 16, 8
2_21_08 6, 14
1_9_08 7
5_18_20 11, 3, 7, 15, 8
8_19_16 9, 1, 5, 13, 10, 2, 6, 14
3_28_14 6, 14, 10
6_15_18 13, 5, 9, 1, 10, 2
2_9_08 7, 15
7_9_16 11, 3, 7, 15, 12, 4, 8
7_14_06 7, 15, 3, 11, 16, 8, 12
2_17_00 1, 9
2_1_14 8, 16
1_3_18 2
2_16_08 4, 12
2_23_20 12, 4
5_28_16 11, 3, 7, 15, 16
6_31_00 4, 12, 16, 8, 1, 9
7_21_10 7, 15, 3, 11, 8, 16, 4
3_2_08 1, 9, 13
5_5_04 4, 12, 16, 8, 5
1_1_22 12
3_20_18 6, 14, 10
4_31_04 6, 14, 2, 10
6_14_20 14, 6, 10, 2, 7, 15
7_6_08 6, 14, 2, 10, 3, 11, 15
8_17_14 8, 16, 4, 12, 9, 1, 5, 13
5_25_16 11, 3, 7, 15, 12
1_20_18 14
1_28_02 8
4_2_06 4, 12, 16, 8
2_20_10 2, 10
1_28_22 2
6_6_14 9, 1, 5, 13, 6, 14
4_23_04 4, 12, 16, 8
5_25_04 5, 13, 1, 9, 6
5_7_12 8, 16, 4, 12, 1
1_29_08 8
6_7_22 13, 5, 9, 1, 14, 6
3_15_06 7, 15, 11
5_29_06 7, 15, 3, 11, 4
1_26_16 7
1_24_02 7
4_8_08 6, 14, 2, 10
8_16_06 7, 15, 3, 11, 4, 12, 16, 8
4_20_20 11, 3, 7, 15
4_31_14 11, 3, 7, 15
3_15_22 15, 7, 3
5_2_12 7, 15, 3, 11, 4
3_1_16 9, 1, 5
5_3_20 11, 3, 7, 15, 4
1_30_04 2
6_29_08 8, 16, 4, 12, 5, 13
6_29_12 10, 2, 6, 14, 7, 15
8_31_20 14, 6, 10, 2, 11, 3, 7, 15
5_11_22 14, 6, 10, 2, 7
1_17_08 5
2_7_00 2, 10
3_8_22 9, 1, 13
3_17_00 1, 9, 13
7_20_16 9, 1, 5, 13, 14, 6, 10
5_25_10 8, 16, 4, 12, 9
5_23_04 4, 12, 16, 8, 13
7_4_18 10, 2, 6, 14, 15, 7, 11
4_26_18 12, 4, 8, 16
2_13_14 11, 3
2_25_06 6, 14
7_22_20 12, 4, 8, 16, 9, 1, 5
7_9_20 13, 5, 9, 1, 14, 6, 10
8_16_18 13, 5, 9, 1, 10, 2, 6, 14
5_7_12 8, 16, 4, 12, 1
5_1_00 1, 9, 13, 5, 2
2_22_02 15, 7
6_1_00 1, 9, 13, 5, 2, 10
7_26_06 6, 14, 2, 10, 3, 11, 15
7_2_14 8, 16, 4, 12, 5, 13, 1
4_31_22 15, 7, 11, 3
3_5_22 13, 5, 9
4_23_00 2, 10, 14, 6
1_17_20 11
2_28_18 8, 16
7_16_08 8, 16, 4, 12, 9, 1, 5
2_27_22 14, 6
2_30_08 4, 12
8_21_04 4, 12, 16, 8, 5, 13, 1, 9
4_6_02 3, 11, 15, 7
3_6_00 14, 6, 10
6_10_12 9, 1, 5, 13, 6, 14
3_9_04 5, 13, 1
1_3_00 9
1_28_08 11
4_20_00 1, 9, 13, 5
8_6_14 9, 1, 5, 13, 10, 2, 6, 14
2_14_08 4, 12
3_21_14 9, 1, 5
8_29_00 4, 12, 16, 8, 1, 9, 13, 5
3_28_22 10, 2, 14
4_14_06 7, 15, 3, 11
3_27_04 5, 13, 9
5_23_16 10, 2, 6, 14, 3
1_24_10 11
5_11_18 12, 4, 8, 16, 5
8_29_22 15, 7, 11, 3, 12, 4, 8, 16
8_18_12 7, 15, 3, 11, 8, 16, 4, 12
3_6_02 15, 7, 11
6_24_10 7, 15, 3, 11, 4, 12
4_21_20 12, 4, 8, 16
5_11_06 6, 14, 2, 10, 15
1_3_08 13
1_20_12 11
3_11_06 6, 14, 10
3_8_08 2, 10, 6
2_18_00 13, 5
8_20_02 2, 10, 14, 6, 3, 11, 15, 7
7_18_08 5, 13, 1, 9, 2, 10, 14
4_16_22 15, 7, 11, 3
3_6_06 1, 9, 13
3_8_06 1, 9, 5
3_14_02 1, 9, 13
2_6_02 15, 7
2_30_14 7, 15
3_30_22 11, 3, 7
4_23_00 2, 10, 14, 6
7_12_16 11, 3, 7, 15, 16, 8, 12
5_29_04 6, 14, 2, 10, 3
3_6_16 6, 14, 2
8_1_12 7, 15, 3, 11, 8, 16, 4, 12
3_25_12 9, 1, 5
2_4_02 14, 6
4_19_08 5, 13, 1, 9
5_16_22 15, 7, 11, 3, 16
8_7_08 6, 14, 2, 10, 7, 15, 3, 11
7_27_22 14, 6, 10, 2, 7, 15, 3
3_7_18 11, 3, 15
6_30_20 14, 6, 10, 2, 7, 15
5_22_06 5, 13, 1, 9, 2
4_31_14 11, 3, 7, 15
7_8_00 2, 10, 14, 6, 7, 15, 3
7_9_00 3, 11, 15, 7, 4, 12, 16
3_6_16 6, 14, 2
5_30_08 8, 16, 4, 12, 1
5_8_04 4, 12, 16, 8, 9
3_18_16 5, 13, 1
4_12_06 6, 14, 2, 10
2_5_00 2, 10
2_30_04 2, 10
6_26_12 9, 1, 5, 13, 6, 14
7_6_12 8, 16, 4, 12, 5, 13, 1
6_5_16 10, 2, 6, 14, 11, 3
4_14_16 12, 4, 8, 16
3_2_18 6, 14, 2
4_25_14 10, 2, 6, 14
8_17_10 6, 14, 2, 10, 7, 15, 3, 11
4_4_06 4, 12, 16, 8
7_25_06 6, 14, 2, 10, 7, 15, 3
5_4_08 5, 13, 1, 9, 10
6_23_02 3, 11, 15, 7, 4, 12
3_6_18 7, 15, 3
7_13_00 4, 12, 16, 8, 1, 9, 13
7_17_14 8, 16, 4, 12, 9, 1, 5
1_10_22 10
5_16_14 11, 3, 7, 15, 12
5_26_10 8, 16, 4, 12, 5
3_7_08 6, 14, 10
4_18_16 9, 1, 5, 13
5_1_04 3, 11, 15, 7, 4
6_27_10 8, 16, 4, 12, 9, 1
6_3_08 5, 13, 1, 9, 6, 14
5_1_08 5, 13, 1, 9, 6
6_24_20 12, 4, 8, 16, 9, 1
1_7_10 15
3_19_02 2, 10, 6
8_13_20 14, 6, 10, 2, 11, 3, 7, 15
1_21_10 7
8_29_12 10, 2, 6, 14, 7, 15, 3, 11
8_15_02 5, 13, 1, 9, 2, 10, 14, 6
6_17_04 3, 11, 15, 7, 4, 12
8_29_16 12, 4, 8, 16, 9, 1, 5, 13
2_15_12 10, 2
1_25_00 3
1_2_22 8
1_14_22 11
3_30_14 7, 15, 3
7_30_22 15, 7, 11, 3, 8, 16, 4
1_28_18 16
1_28_04 9
4_5_18 11, 3, 7, 15
7_20_08 5, 13, 1, 9, 10, 2, 6
2_25_04 5, 13
5_15_06 7, 15, 3, 11, 12
8_5_22 13, 5, 9, 1, 14, 6, 10, 2
5_23_10 7, 15, 3, 11, 16
3_1_06 4, 12, 16
4_1_22 12, 4, 8, 16
5_21_08 6, 14, 2, 10, 7
8_26_12 9, 1, 5, 13, 10, 2, 6, 14
3_14_12 6, 14, 2
7_11_20 13, 5, 9, 1, 6, 14, 2
3_31_08 8, 16, 12
5_23_12 8, 16, 4, 12, 1
8_21_16 10, 2, 6, 14, 11, 3, 7, 15
1_6_22 9
7_10_00 3, 11, 15, 7, 16, 8, 12
8_25_08 7, 15, 3, 11, 8, 16, 4, 12
4_2_18 10, 2, 6, 14
6_25_02 4, 12, 16, 8, 5, 13
2_1_16 9, 1
5_3_16 9, 1, 5, 13, 2
6_2_02 2, 10, 14, 6, 15, 7
3_17_04 3, 11, 15
4_6_10 7, 15, 3, 11
5_26_12 9, 1, 5, 13, 6
4_17_00 1, 9, 13, 5
3_18_00 13, 5, 9
3_26_04 1, 9, 13
8_9_00 3, 11, 15, 7, 4, 12, 16, 8
2_7_00 2, 10
3_27_20 13, 5, 1
1_7_20 4
5_13_16 12, 4, 8, 16, 9
4_31_14 11, 3, 7, 15
6_8_14 9, 1, 5, 13, 6, 14
1_30_14 7
2_29_06 7, 15
4_28_00 3, 11, 15, 7
2_27_20 13, 5
6_24_16 10, 2, 6, 14, 7, 15
5_18_16 9, 1, 5, 13, 6
6_3_20 11, 3, 7, 15, 12, 4
7_7_02 3, 11, 15, 7, 12, 4, 8
1_6_10 3
7_17_02 2, 10, 14, 6, 3, 11, 15
5_21_04 4, 12, 16, 8, 5
4_31_20 14, 6, 10, 2
4_24_18 11, 3, 7, 15
5_9_16 11, 3, 7, 15, 12
2_1_18 10, 2
7_1_22 12, 4, 8, 16, 13, 5, 9
3_4_06 16, 8, 4
2_24_20 8, 16
8_30_12 10, 2, 6, 14, 7, 15, 3, 11
1_3_08 13
8_17_00 1, 9, 13, 5, 2, 10, 14, 6
3_11_12 9, 1, 13
2_3_22 12, 4
7_19_14 8, 16, 4, 12, 1, 9, 13
3_29_06 7, 15, 3
5_6_04 4, 12, 16, 8, 1
3_29_22 15, 7, 11
5_27_06 6, 14, 2, 10, 15
3_9_00 3, 11, 15
6_24_18 11, 3, 7, 15, 8, 16
4_5_14 9, 1, 5, 13
6_28_06 6, 14, 2, 10, 3, 11
3_2_22 8, 16, 4
4_3_20 11, 3, 7, 15
2_6_04 16, 8
1_12_14 14
3_2_22 8, 16, 4
5_30_18 13, 5, 9, 1, 6
7_24_22 13, 5, 9, 1, 2, 10, 14
8_12_02 4, 12, 16, 8, 5, 13, 1, 9
1_30_06 3
6_15_02 5, 13, 1, 9, 2, 10
1_28_18 16
2_6_04 16, 8
3_29_02 5, 13, 1
1_29_22 15
5_5_10 7, 15, 3, 11, 8
7_22_14 9, 1, 5, 13, 6, 14, 2
2_17_16 9, 1
4_3_14 8, 16, 4, 12
2_25_14 10, 2
3_26_08 3, 11, 15
6_11_10 8, 16, 4, 12, 9, 1
5_15_06 7, 15, 3, 11, 12
1_11_14 2
5_17_20 11, 3, 7, 15, 12
5_14_14 11, 3, 7, 15, 4
8_26_10 8, 16, 4, 12, 9, 1, 5, 13
2_30_14 7, 15
1_27_18 4
5_15_16 12, 4, 8, 16, 1
8_31_22 15, 7, 11, 3, 12, 4, 8, 16
5_10_02 4, 12, 16, 8, 1
8_12_14 10, 2, 6, 14, 11, 3, 7, 15
3_24_02 15, 7, 3
4_9_10 8, 16, 4, 12
7_22_06 5, 13, 1, 9, 2, 10, 14
3_22_02 15, 7, 11
3_13_18 13, 5, 9
7_8_14 9, 1, 5, 13, 14, 6, 10
5_23_22 13, 5, 9, 1, 6
4_13_02 5, 13, 1, 9
5_17_06 4, 12, 16, 8, 5
2_19_02 2, 10
8_21_00 2, 10, 14, 6, 3, 11, 15, 7
6_16_16 12, 4, 8, 16, 5, 13
4_30_14 11, 3, 7, 15
7_15_18 13, 5, 9, 1, 2, 10, 14
1_21_10 7
5_11_22 14, 6, 10, 2, 7
6_26_18 12, 4, 8, 16, 9, 1
2_3_22 12, 4
2_28_04 1, 9
3_12_14 6, 14, 10
6_28_20 13, 5, 9, 1, 10, 2
1_20_14 12
2_7_20 12, 4
7_3_06 4, 12, 16, 8, 13, 5, 9
5_18_20 11, 3, 7, 15, 8
6_7_08 6, 14, 2, 10, 7, 15
4_25_02 4, 12, 16, 8
7_3_02 2, 10, 14, 6, 11, 3, 7
3_19_14 8, 16, 12
8_11_12 9, 1, 5, 13, 10, 2, 6, 14
8_7_08 6, 14, 2, 10, 7, 15, 3, 11
1_3_10 14
7_13_12 10, 2, 6, 14, 7, 15, 3
1_31_00 12
7_21_16 10, 2, 6, 14, 11, 3, 7
7_16_10 9, 1, 5, 13, 10, 2, 6
7_30_08 8, 16, 4, 12, 1, 9, 13
6_8_18 11, 3, 7, 15, 8, 16
7_29_22 15, 7, 11, 3, 12, 4, 8
1_12_14 14
7_28_04 5, 13, 1, 9, 10, 2, 6
2_4_10 2, 10
6_17_20 11, 3, 7, 15, 12, 4
6_5_10 7, 15, 3, 11, 8, 16
1_8_18 15
7_24_08 6, 14, 2, 10, 11, 3, 7
2_18_14 4, 12
2_20_20 7, 15
6_10_08 7, 15, 3, 11, 4, 12
4_24_06 5, 13, 1, 9
6_7_06 5, 13, 1, 9, 6, 14
7_27_04 5, 13, 1, 9, 14, 6, 10
7_29_12 10, 2, 6, 14, 7, 15, 3
3_4_16 5, 13, 9
8_27_10 8, 16, 4, 12, 9, 1, 5, 13
4_4_08 5, 13, 1, 9
1_16_18 1
3_14_10 5, 13, 1
7_29_08 8, 16, 4, 12, 5, 13, 1
4_12_02 4, 12, 16, 8
5_3_08 5, 13, 1, 9, 14
3_23_08 6, 14, 10
3_27_10 8, 16, 12
3_21_20 12, 4, 8
4_4_00 1, 9, 13, 5
1_8_04 8
2_23_18 11, 3
5_5_10 7, 15, 3, 11, 8
5_19_18 10, 2, 6, 14, 3
8_6_02 3, 11, 15, 7, 4, 12, 16, 8
1_3_20 3
5_25_22 14, 6, 10, 2, 15
8_20_18 10, 2, 6, 14, 11, 3, 7, 15
7_29_06 7, 15, 3, 11, 4, 12, 16
2_13_20 14, 6
6_10_00 3, 11, 15, 7, 16, 8
2_15_08 8, 16
1_31_04 14
1_27_12 1
1_16_16 16
3_5_04 4, 12, 16
8_26_04 5, 13, 1, 9, 6, 14, 2, 10
1_28_06 10
2_24_00 14, 6
7_28_22 14, 6, 10, 2, 3, 11, 15
7_3_06 4, 12, 16, 8, 13, 5, 9
1_15_10 1
8_30_14 11, 3, 7, 15, 8, 16, 4, 12
4_21_04 4, 12, 16, 8
5_26_14 10, 2, 6, 14, 7
2_13_20 14, 6
1_16_10 13
5_16_12 10, 2, 6, 14, 11
4_31_02 5, 13, 1, 9
6_13_20 14, 6, 10, 2, 11, 3
3_27_04 5, 13, 9
5_31_02 5, 13, 1, 9, 10
6_1_06 4, 12, 16, 8, 5, 13
3_25_06 6, 14, 2
4_3_02 2, 10, 14, 6
8_2_00 1, 9, 13, 5, 2, 10, 14, 6
1_13_04 6
8_28_02 4, 12, 16, 8, 5, 13, 1, 9
8_25_02 4, 12, 16, 8, 5, 13, 1, 9
3_23_04 4, 12, 8
7_1_18 10, 2, 6, 14, 11, 3, 7
7_5_14 9, 1, 5, 13, 10, 2, 6
3_27_14 10, 2, 14
3_31_06 7, 15, 11
5_6_12 8, 16, 4, 12, 5
6_28_10 8, 16, 4, 12, 5, 13
7_29_02 5, 13, 1, 9, 2, 10, 14
6_7_12 8, 16, 4, 12, 9, 1
7_24_04 4, 12, 16, 8, 9, 1, 5
2_4_14 4, 12
4_17_00 1, 9, 13, 5
1_13_22 15
6_22_22 13, 5, 9, 1, 10, 2
2_15_14 11, 3
3_22_04 16, 8, 12
5_25_06 6, 14, 2, 10, 7
5_2_18 10, 2, 6, 14, 7
1_10_20 9
4_23_14 9, 1, 5, 13
3_31_20 14, 6, 2
3_17_12 7, 15, 3
7_2_22 12, 4, 8, 16, 9, 1, 5
6_26_20 13, 5, 9, 1, 10, 2
3_4_20 7, 15, 11
3_2_10 2, 10, 14
1_5_10 7
5_30_04 6, 14, 2, 10, 15
4_29_22 15, 7, 11, 3
3_10_08 3, 11, 15
4_1_10 6, 14, 2, 10
1_16_16 16
4_26_14 10, 2, 6, 14
5_19_14 8, 16, 4, 12, 1
1_26_02 16
2_25_02 4, 12
2_3_08 5, 13
6_22_18 11, 3, 7, 15, 8, 16
8_10_16 11, 3, 7, 15, 12, 4, 8, 16
7_16_22 15, 7, 11, 3, 16, 8, 12
3_24_10 3, 11, 7
4_5_00 2, 10, 14, 6
5_1_16 9, 1, 5, 13, 10
3_10_14 6, 14, 2
3_3_04 3, 11, 7
3_7_08 6, 14, 10
6_19_02 2, 10, 14, 6, 3, 11
5_23_10 7, 15, 3, 11, 16
4_28_10 8, 16, 4, 12
6_14_08 8, 16, 4, 12, 1, 9
2_16_04 2, 10
6_3_12 7, 15, 3, 11, 8, 16
5_15_22 15, 7, 11, 3, 4
6_25_00 3, 11, 15, 7, 4, 12
5_28_18 12, 4, 8, 16, 1
4_18_12 7, 15, 3, 11
2_25_14 10, 2
5_4_08 5, 13, 1, 9, 10
3_31_18 13, 5, 1
5_22_18 11, 3, 7, 15, 8
8_25_00 3, 11, 15, 7, 4, 12, 16, 8
6_16_02 5, 13, 1, 9, 14, 6
3_20_02 14, 6, 2
5_1_10 6, 14, 2, 10, 7
5_4_02 2, 10, 14, 6, 7
8_30_06 7, 15, 3, 11, 4, 12, 16, 8
5_23_14 9, 1, 5, 13, 2
1_4_16 13
7_16_10 9, 1, 5, 13, 10, 2, 6
1_22_14 5
6_13_12 10, 2, 6, 14, 7, 15
2_8_22 9, 1
4_29_12 10, 2, 6, 14
3_24_14 5, 13, 9
3_13_08 8, 16, 4
3_9_16 11, 3, 7
7_25_04 5, 13, 1, 9, 6, 14, 2
1_20_16 13
3_11_04 5, 13, 9
7_29_16 12, 4, 8, 16, 9, 1, 5
4_1_22 12, 4, 8, 16
6_21_14 9, 1, 5, 13, 10, 2
8_13_14 11, 3, 7, 15, 8, 16, 4, 12
7_21_22 13, 5, 9, 1, 14, 6, 10
7_27_00 3, 11, 15, 7, 12, 4, 8
5_10_06 6, 14, 2, 10, 3
8_5_16 10, 2, 6, 14, 11, 3, 7, 15
4_30_10 9, 1, 5, 13
4_9_02 4, 12, 16, 8
8_23_04 4, 12, 16, 8, 5, 13, 1, 9
2_28_08 3, 11
1_25_04 5
3_28_20 9, 1, 13
5_21_20 12, 4, 8, 16, 13
7_23_16 10, 2, 6, 14, 3, 11, 15
2_21_22 13, 5
3_22_02 15, 7, 11
2_8_14 5, 13
3_4_08 1, 9, 5
1_31_14 3
2_15_18 13, 5
4_15_14 11, 3, 7, 15
5_23_14 9, 1, 5, 13, 2
3_5_04 4, 12, 16
1_5_02 3
3_27_14 10, 2, 14
8_28_18 12, 4, 8, 16, 13, 5, 9, 1
2_12_00 15, 7
3_29_00 4,12, 16
1_22_20 8
8_22_06 5, 13, 1, 9, 6, 14, 2, 10
2_25_12 9, 1
8_27_20 13, 5, 9, 1, 14, 6, 10, 2
1_18_20 7
3_31_22 15, 7, 3
5_24_10 7, 15, 3, 11, 12
8_2_02 2, 10, 14, 6, 3, 11, 15, 7
2_29_06 7, 15
1_29_08 8
5_27_08 7, 15, 3, 11, 16
2_9_00 3, 11
3_17_22 12, 4, 8
7_30_00 4, 12, 16, 8, 13, 5, 9
5_10_06 6, 14, 2, 10, 3
5_22_10 7, 15, 3, 11, 4
4_4_02 2, 10, 14, 6
4_9_18 12, 4, 8, 16
6_1_00 1, 9, 13, 5, 2, 10
8_19_16 9, 1, 5, 13, 10, 2, 6, 14
4_26_08 7, 15, 3, 11
4_26_06 6, 14, 2, 10
1_19_04 11
8_3_20 11, 3, 7, 15, 12, 4, 8, 16
8_11_02 4, 12, 16, 8, 5, 13, 1, 9
6_3_06 4, 12, 16, 8, 5, 13
7_13_20 14, 6, 10, 2, 11, 3, 7
8_7_12 8, 16, 4, 12, 9, 1, 5, 13
3_26_00 15, 7, 11
7_9_22 14, 6, 10, 2, 15, 7, 11
5_25_22 14, 6, 10, 2, 15
8_8_02 3, 11, 15, 7, 4, 12, 16, 8
6_12_10 8, 16, 4, 12, 5, 13
8_18_00 1, 9, 13, 5, 2, 10, 14, 6
6_20_02 2, 10, 14, 6, 15, 7
2_29_10 9, 1
4_20_22 12, 4, 8, 16
2_26_22 10, 2
7_24_02 3, 11, 15, 7, 8, 16, 4
7_7_04 4, 12, 16, 8, 13, 5, 9
4_3_10 6, 14, 2, 10
6_21_02 3, 11, 15, 7, 4, 12
5_11_00 3, 11, 15, 7, 12
4_7_02 3, 11, 15, 7
8_24_12 8, 16, 4, 12, 9, 1, 5, 13
5_2_04 3, 11, 15, 7, 16
3_30_18 9, 1, 5
2_25_20 13, 5
6_22_18 11, 3, 7, 15, 8, 16
3_25_06 6, 14, 2
3_16_16 8, 16, 12
6_9_20 13, 5, 9, 1, 14, 6
1_12_20 1
2_19_16 9, 1
7_3_14 8, 16, 4, 12, 1, 9, 13
3_30_02 1, 9, 13
7_6_02 3, 11, 15, 7, 16, 8, 12
5_16_20 14, 6, 10, 2, 15
5_23_10 7, 15, 3, 11, 16
2_24_16 6, 14
5_12_06 6, 14, 2, 10, 11
2_5_00 2, 10
8_31_02 5, 13, 1, 9, 2, 10, 14, 6
3_19_00 1, 9, 5
8_4_00 1, 9, 13, 5, 2, 10, 14, 6
8_29_08 8, 16, 4, 12, 5, 13, 1, 9
8_23_14 9, 1, 5, 13, 10, 2, 6, 14
6_5_02 3, 11, 15, 7, 4, 12
5_7_00 2, 10, 14, 6, 11
2_4_18 6, 14
5_31_22 15, 7, 11, 3, 4
3_12_22 10, 2, 14
4_11_12 9, 1, 5, 13
2_20_14 4, 12
3_27_16 11, 3, 15
2_1_12 7, 15
2_12_00 15, 7
8_24_14 9, 1, 5, 13, 10, 2, 6, 14
2_21_18 11, 3
2_23_16 10, 2
4_3_18 10, 2, 6, 14
1_20_04 7
2_26_12 5, 13
1_4_02 6
3_21_10 7, 15, 3
2_31_00 4,12
5_2_22 12, 4, 8, 16, 9
3_21_08 6, 14, 2
2_18_08 1, 9
3_17_12 7, 15, 3
5_28_14 10, 2, 6, 14, 15
7_26_16 11, 3, 7, 15, 8, 16, 4
6_14_08 8, 16, 4, 12, 1, 9
7_21_14 9, 1, 5, 13, 10, 2, 6
7_5_08 6, 14, 2, 10, 7, 15, 3
5_21_22 13, 5, 9, 1, 14
1_2_10 2
2_21_00 2, 10
2_27_10 8, 16
5_4_20 11, 3, 7, 15, 16
1_14_08 4
5_18_16 9, 1, 5, 13, 6
3_1_14 8, 16, 4
5_3_14 8, 16, 4, 12, 1
2_22_20 8, 16
8_19_22 12, 4, 8, 16, 13, 5, 9, 1
2_14_02 1, 9
5_13_12 10, 2, 6, 14, 7
8_19_08 5, 13, 1, 9, 6, 14, 2, 10
2_10_08 3, 11
1_17_00 1
7_29_12 10, 2, 6, 14, 7, 15, 3
7_28_22 14, 6, 10, 2, 3, 11, 15
3_31_02 5, 13, 9
6_28_04 5, 13, 1, 9, 2, 10
4_17_14 8, 16, 4, 12
3_18_20 7, 15, 3
5_9_10 8, 16, 4, 12, 9
1_12_08 11
7_16_18 13, 5, 9, 1, 14, 6, 10
6_25_04 5, 13, 1, 9, 6, 14
4_2_08 5, 13, 1, 9
6_27_08 7, 15, 3, 11, 8, 16
5_3_14 8, 16, 4, 12, 1
7_20_10 6, 14, 2, 10, 11, 3, 7
2_8_10 3, 11
5_16_06 7, 15, 3, 11, 8
2_13_12 10, 2
8_17_02 2, 10, 14, 6, 3, 11, 15, 7
8_10_14 10, 2, 6, 14, 11, 3, 7, 15
2_7_06 5, 13
8_4_10 6, 14, 2, 10, 7, 15, 3, 11
7_20_06 4, 12, 16, 8, 9, 1, 5
1_28_22 2
6_18_02 2, 10, 14, 6, 15, 7
2_4_14 4, 12
2_23_02 3, 11
4_19_10 6, 14, 2, 10
7_2_18 10, 2, 6, 14, 7, 15, 3
6_16_20 14, 6, 10, 2, 7, 15
6_18_14 8, 16, 4, 12, 5, 13
8_8_14 9, 1, 5, 13, 10, 2, 6, 14
5_5_02 3, 11, 15, 7, 4
5_19_14 8, 16, 4, 12, 1
4_30_12 10, 2, 6, 14
5_29_00 4, 12, 16, 8, 1
6_1_18 10, 2, 6, 14, 11, 3
3_22_12 4, 12, 16
5_23_02 3, 11, 15, 7, 12
1_3_02 10
7_3_08 5, 13, 1, 9, 14, 6, 10
7_1_08 5, 13, 1, 9, 6, 14, 2
7_18_02 2, 10, 14, 6, 15, 7, 11
3_9_10 8, 16, 4
4_10_20 13, 5, 9, 1
8_9_22 14, 6, 10, 2, 15, 7, 11, 3
1_11_06 14
4_20_04 3, 11, 15, 7
1_7_22 5
5_19_02 2, 10, 14, 6, 11
4_11_08 7, 15, 3, 11
2_31_08 8, 16
8_24_00 2, 10, 14, 6, 3, 11, 15, 7
7_14_06 7, 15, 3, 11, 16, 8, 12
7_5_22 13, 5, 9, 1, 14, 6, 10
5_21_02 3, 11, 15, 7, 4
8_2_20 11, 3, 7, 15, 12, 4, 8, 16
4_27_06 6, 14, 2, 10
7_13_10 9, 1, 5, 13, 6, 14, 2
2_6_08 2, 10
1_1_08 5
1_27_10 16
3_22_00 14, 6, 10
3_3_00 1, 9, 5
6_26_22 14, 6, 10, 2, 11, 3
8_9_06 6, 14, 2, 10, 7, 15, 3, 11
6_16_14 11, 3, 7, 15, 4, 12
3_25_22 14, 6, 10
8_16_10 9, 1, 5, 13, 6, 14, 2, 10
2_13_10 9, 1
5_17_02 2, 10, 14, 6, 3
4_14_10 9, 1, 5, 13
3_17_18 10, 2, 6
2_8_10 3, 11
4_12_00 3, 11, 15, 7
1_8_22 1
3_29_04 6, 14, 2
8_24_18 11, 3, 7, 15, 12, 4, 8, 16
6_12_04 5, 13, 1, 9, 2, 10
3_26_08 3, 11, 15
7_13_14 11, 3, 7, 15, 8, 16, 4
3_10_02 16, 8, 12
3_28_12 5, 13, 9
1_3_02 10
1_9_06 6
6_2_16 9, 1, 5, 13, 6, 14
8_12_06 6, 14, 2, 10, 7, 15, 3, 11
6_10_12 9, 1, 5, 13, 6, 14
4_15_08 8, 16, 12
8_7_08 6, 14, 2, 10, 7, 15, 3, 11
8_6_20 12, 4, 8, 16, 13, 5, 9, 1
3_12_22 10, 2, 14
3_5_12 8, 16, 4
3_16_08 4, 12, 8
2_31_10 9, 1
6_19_14 8, 16, 4, 12, 9, 1
2_2_18 6, 14
8_16_08 8, 16, 4, 12, 5, 13, 1, 9
2_22_18 7, 15
4_2_20 11, 3, 7, 15
8_7_02 3, 11, 15, 7, 4, 12, 16, 8
1_27_02 12
8_29_02 5, 13, 1, 9, 2, 10, 14, 6
8_1_16 9, 1, 5, 13, 10, 2, 6, 14
3_16_20 10, 2, 14
2_4_06 16, 8
2_29_10 9, 1
5_6_22 13, 5, 9, 1, 10
2_4_20 7, 15
3_5_02 3, 11, 15
1_12_16 15
8_20_10 6, 14, 2, 10, 7, 15, 3, 11
5_2_12 7, 15, 3, 11, 4
7_21_18 11, 3, 7, 15, 12, 4, 8
3_28_22 10, 2, 14
1_4_08 9
4_24_14 9, 1, 5, 13
4_14_10 9, 1, 5, 13
3_14_02 1, 9, 13
2_14_16 8, 16
1_26_16 7
8_29_20 14, 6, 10, 2, 11, 3, 7, 15
3_18_14 4, 12, 16
3_4_22 8, 16, 12
7_7_08 6, 14, 2, 10, 15, 7, 11
5_22_00 2, 10, 14, 6, 15
2_26_02 16, 8
6_12_04 5, 13, 1, 9, 2, 10
3_26_06 2, 10, 14
2_4_12 3, 11
7_4_22 12, 4, 8, 16, 1, 9, 13
7_22_08 6, 14, 2, 10, 3, 11, 15
4_16_04 6, 14, 2, 10
4_14_14 11, 3, 7, 15
4_30_00 4,12, 16, 8
7_1_20 11, 3, 7, 15, 12, 4, 8
5_24_14 9, 1, 5, 13, 14
6_22_16 10, 2, 6, 14, 7, 15
1_26_18 8
7_17_08 5, 13, 1, 9, 6, 14, 2
1_25_04 5
8_7_06 5, 13, 1, 9, 6, 14, 2, 10
8_18_22 12, 4, 8, 16, 13, 5, 9, 1
1_12_08 11
8_21_20 12, 4, 8, 16, 13, 5, 9, 1
6_21_16 10, 2, 6, 14, 11, 3
4_16_12 10, 2, 6, 14
7_28_02 4, 12, 16, 8, 9, 1, 5
3_19_10 6, 14, 10
8_5_04 4, 12, 16, 8, 5, 13, 1, 9
5_31_02 5, 13, 1, 9, 10
4_27_22 14, 6, 10, 2
3_22_00 14, 6, 10
3_29_20 14, 6, 10
8_23_02 3, 11, 15, 7, 4, 12, 16, 8
1_30_00 16
6_6_10 7, 15, 3, 11, 4, 12
7_11_18 12, 4, 8, 16, 5, 13, 1
8_5_14 9, 1, 5, 13, 10, 2, 6, 14
4_10_08 7, 15, 3, 11
7_29_06 7, 15, 3, 11, 4, 12, 16
5_6_18 11, 3, 7, 15, 8
4_2_18 10, 2, 6, 14
1_24_14 13
6_5_08 6, 14, 2, 10, 7, 15
7_13_06 7, 15, 3, 11, 4, 12, 16
2_15_00 4,12
6_8_06 5, 13, 1, 9, 2, 10
6_16_00 4, 12, 16, 8, 13, 5
3_2_20 7, 15, 3
8_28_02 4, 12, 16, 8, 5, 13, 1, 9
1_14_02 1
5_5_04 4, 12, 16, 8, 5
3_25_14 10, 2, 6
1_25_08 7
2_29_08 8, 16
8_6_20 12, 4, 8, 16, 13, 5, 9, 1
6_30_10 9, 1, 5, 13, 2, 10
3_20_00 13, 5, 1
3_30_14 7, 15, 3
7_17_20 11, 3, 7, 15, 12, 4, 8
7_8_16 10, 2, 6, 14, 15, 7, 11
3_8_08 2, 10, 6
7_12_14 10, 2, 6, 14, 15, 7, 11
7_28_08 7, 15, 3, 11, 12, 4, 8
3_1_20 11, 3, 7
5_14_00 4, 12, 16, 8, 13
2_9_14 10, 2
8_11_20 13, 5, 9, 1, 14, 6, 10, 2
1_29_20 14
2_9_00 3, 11
3_17_00 1, 9, 13
7_27_12 9, 1, 5, 13, 2, 10, 14
7_1_14 8, 16, 4, 12, 9, 1, 5
7_21_14 9, 1, 5, 13, 10, 2, 6
4_22_02 3, 11, 15, 7
8_20_04 3, 11, 15, 7, 4, 12, 16, 8
2_18_18 6, 14
8_21_12 8, 16, 4, 12, 9, 1, 5, 13
6_31_22 15, 7, 11, 3, 12, 4
2_9_08 7, 15
7_4_18 10, 2, 6, 14, 15, 7, 11
5_3_12 7, 15, 3, 11, 16
2_13_08 8, 16
7_12_20 13, 5, 9, 1, 2, 10, 14
2_22_10 3, 11
4_28_00 3, 11, 15, 7
6_29_16 12, 4, 8, 16, 9, 1
2_14_00 16, 8
3_22_22 9, 1, 5
7_13_12 10, 2, 6, 14, 7, 15, 3
7_19_18 10, 2, 6, 14, 3, 11, 15
7_1_04 3, 11, 15, 7, 4, 12, 16
3_21_12 8, 16, 4
6_6_12 8, 16, 4, 12, 5, 13
4_8_04 4, 12, 16, 8
7_5_16 10, 2, 6, 14, 11, 3, 7
4_16_04 6, 14, 2, 10
5_31_18 13, 5, 9, 1, 2
1_17_00 1
3_31_04 6, 14, 10
5_14_06 7, 15, 3, 11, 16
2_25_12 9, 1
2_12_08 3, 11
8_18_12 7, 15, 3, 11, 8, 16, 4, 12
7_10_16 11, 3, 7, 15, 8, 16, 4
4_22_08 6, 14, 2, 10
5_8_14 9, 1, 5, 13, 14
3_22_04 16, 8, 12
4_9_22 14, 6, 10, 2
7_31_02 5, 13, 1, 9, 10, 2, 6
2_20_16 5, 13
8_8_06 5, 13, 1, 9, 6, 14, 2, 10
5_9_10 8, 16, 4, 12, 9
3_16_10 5, 13, 9
6_14_18 13, 5, 9, 1, 6, 14
4_3_08 5, 13, 1, 9
1_18_18 6
3_18_00 13, 5, 9
7_26_00 3, 11, 15, 7, 16, 8, 12
6_22_16 10, 2, 6, 14, 7, 15
2_3_14 8, 16
8_7_00 2, 10, 14, 6, 3, 11, 15, 7
3_10_18 8, 16, 4
6_27_12 9, 1, 5, 13, 10, 2
1_25_04 5
4_10_00 3, 11, 15, 7
8_24_20 12, 4, 8, 16, 13, 5, 9, 1
8_22_18 11, 3, 7, 15, 12, 4, 8, 16
1_6_12 4
1_17_18 10
7_11_14 10, 2, 6, 14, 3, 11, 15
5_8_12 8, 16, 4, 12, 13
2_4_02 14, 6
6_14_20 14, 6, 10, 2, 7, 15
3_12_08 3, 11, 7
2_29_04 6, 14
8_11_00 3, 11, 15, 7, 4, 12, 16, 8
4_30_12 10, 2, 6, 14
3_5_06 5, 13, 1
7_29_20 14, 6, 10, 2, 11, 3, 7
4_30_04 6, 14, 2, 10
2_8_10 3, 11
5_28_02 4, 12, 16, 8, 9
7_19_22 12, 4, 8, 16, 5, 13, 1
3_5_02 3, 11, 15
5_18_18 10, 2, 6, 14, 7
4_1_14 8, 16, 4, 12
8_1_06 4, 12, 16, 8, 5, 13, 1, 9
2_1_14 8, 16
1_13_00 4
1_3_22 4
4_29_00 4,12, 16, 8
4_23_02 3, 11, 15, 7
7_14_14 11, 3, 7, 15, 4, 12, 16
6_17_08 5, 13, 1, 9, 6, 14
2_17_18 10, 2
5_18_02 2, 10, 14, 6, 15
6_15_02 5, 13, 1, 9, 2, 10
2_13_18 13, 5
6_16_12 10, 2, 6, 14, 3, 11
1_31_16 4
4_19_18 10, 2, 6, 14
5_18_16 9, 1, 5, 13, 6
2_16_20 10, 2
5_17_12 7, 15, 3, 11, 8
7_4_16 9, 1, 5, 13, 14, 6, 10
5_1_12 7, 15, 3, 11, 8
5_17_04 3, 11, 15, 7, 4
8_7_02 3, 11, 15, 7, 4, 12, 16, 8
7_15_20 14, 6, 10, 2, 3, 11, 15
6_9_20 13, 5, 9, 1, 14, 6
3_7_08 6, 14, 10
1_28_16 15
1_28_00 7
7_22_14 9, 1, 5, 13, 6, 14, 2
6_3_04 3, 11, 15, 7, 4, 12
7_6_08 6, 14, 2, 10, 3, 11, 15
6_22_06 5, 13, 1, 9, 2, 10
6_15_20 14, 6, 10, 2, 11, 3
8_2_00 1, 9, 13, 5, 2, 10, 14, 6
3_7_22 13, 5, 1
1_29_04 6
5_16_16 12, 4, 8, 16, 13
4_18_04 3, 11, 15, 7
5_9_04 5, 13, 1, 9, 6
1_3_08 13
6_18_22 12, 4, 8, 16, 9, 1
3_9_14 10, 2, 6
2_14_12 6, 14
3_21_14 9, 1, 5
3_3_12 7, 15, 11
8_28_08 7, 15, 3, 11, 8, 16, 4, 12
1_1_04 3
8_20_22 12, 4, 8, 16, 13, 5, 9, 1
7_6_22 13, 5, 9, 1, 10, 2, 6
6_25_16 11, 3, 7, 15, 12, 4
1_20_20 15
3_3_14 8, 16, 12
5_31_18 13, 5, 9, 1, 2
3_13_22 15, 7, 11
8_13_16 12, 4, 8, 16, 9, 1, 5, 13
5_8_12 8, 16, 4, 12, 13
1_25_16 11
2_29_06 7, 15
3_30_14 7, 15, 3
8_19_00 1, 9, 13, 5, 2, 10, 14, 6
2_30_14 7, 15
7_22_00 2, 10, 14, 6, 15, 7, 11
7_16_10 9, 1, 5, 13, 10, 2, 6
5_11_04 5, 13, 1, 9, 14
8_30_02 5, 13, 1, 9, 2, 10, 14, 6
4_2_20 11, 3, 7, 15
2_22_22 9, 1
7_24_10 7, 15, 3, 11, 12, 4, 8
8_9_02 4, 12, 16, 8, 5, 13, 1, 9
1_28_02 8
6_15_14 11, 3, 7, 15, 8, 16
6_31_20 14, 6, 10, 2, 11, 3
7_7_06 5, 13, 1, 9, 14, 6, 10
3_23_16 10, 2, 14
4_20_06 4, 12, 16, 8
8_24_04 4, 12, 16, 8, 5, 13, 1, 9
8_11_18 12, 4, 8, 16, 13, 5, 9, 1
6_14_14 11, 3, 7, 15, 4, 12
1_29_02 5
8_1_22 12, 4, 8, 16, 13, 5, 9, 1
8_24_02 3, 11, 15, 7, 4, 12, 16, 8
2_28_04 1, 9
7_9_20 13, 5, 9, 1, 14, 6, 10
5_5_02 3, 11, 15, 7, 4
4_30_14 11, 3, 7, 15
8_18_04 3, 11, 15, 7, 4, 12, 16, 8
6_28_08 7, 15, 3, 11, 4, 12
4_25_00 3, 11, 15, 7
5_25_00 3, 11, 15, 7, 4
4_19_12 7, 15, 3, 11
2_31_18 13, 5
1_2_14 4
4_9_16 11, 3, 7, 15
5_21_00 2, 10, 14, 6, 3
6_9_04 5, 13, 1, 9, 6, 14
8_27_20 13, 5, 9, 1, 14, 6, 10, 2
3_15_16 12, 4, 16
5_1_20 11, 3, 7, 15, 12
2_29_02 5, 13
8_8_16 10, 2, 6, 14, 11, 3, 7, 15
4_18_04 3, 11, 15, 7
2_30_20 10, 2
6_11_18 12, 4, 8, 16, 13, 5
7_3_20 11, 3, 7, 15, 4, 12, 16
4_19_10 6, 14, 2, 10
4_20_04 3, 11, 15, 7
2_8_14 5, 13
1_18_10 2
6_3_02 2, 10, 14, 6, 3, 11
5_25_18 12, 4, 8, 16, 13
7_16_02 5, 13, 1, 9, 6, 14, 2
3_18_06 16, 8, 12
7_1_12 7, 15, 3, 11, 8, 16, 4
8_15_12 10, 2, 6, 14, 7, 15, 3, 11
8_14_18 13, 5, 9, 1, 10, 2, 6, 14
3_14_10 5, 13, 1
6_15_04 6, 14, 2, 10, 3, 11
7_10_10 8, 16, 4, 12, 5, 13, 1
8_11_04 5, 13, 1, 9, 6, 14, 2, 10
6_21_00 2, 10, 14, 6, 3, 11
4_22_12 8, 16, 4, 12
7_10_04 5, 13, 1, 9, 2, 10, 14
8_3_10 6, 14, 2, 10, 7, 15, 3, 11
1_11_06 14
8_1_06 4, 12, 16, 8, 5, 13, 1, 9
7_22_22 13, 5, 9, 1, 10, 2, 6
8_22_04 4, 12, 16, 8, 5, 13, 1, 9
4_19_02 2, 10, 14, 6
4_2_18 10, 2, 6, 14
5_25_22 14, 6, 10, 2, 15
5_16_14 11, 3, 7, 15, 12
7_29_08 8, 16, 4, 12, 5, 13, 1
6_4_14 8, 16, 4, 12, 5, 13
4_27_00 3, 11, 15, 7
2_2_08 1, 9
1_18_12 3
6_13_18 13, 5, 9, 1, 10, 2
5_1_22 12, 4, 8, 16, 13
4_15_10 9, 1, 5, 13
8_28_18 12, 4, 8, 16, 13, 5, 9, 1
4_12_00 3, 11, 15, 7
6_19_14 8, 16, 4, 12, 9, 1
7_6_00 2, 10, 14, 6, 15, 7, 11
5_16_00 4, 12, 16, 8, 5
2_3_14 8, 16
1_14_12 6
1_14_14 7
7_17_10 6, 14, 2, 10, 7, 15, 3
2_1_04 3, 11
8_31_12 10, 2, 6, 14, 7, 15, 3, 11
1_19_04 11
2_13_00 4,12
4_13_22 15, 7, 11, 3
4_18_10 6, 14, 2, 10
8_26_04 5, 13, 1, 9, 6, 14, 2, 10
2_13_16 12, 4
5_24_08 6, 14, 2, 10, 11
6_9_18 12, 4, 8, 16, 13, 5
6_15_14 11, 3, 7, 15, 8, 16
3_29_16 12, 4, 8
3_30_08 4, 12, 16
3_20_16 5, 13, 9
7_13_18 13, 5, 9, 1, 10, 2, 6
6_8_20 12, 4, 8, 16, 9, 1
5_23_06 5, 13, 1, 9, 14
1_3_12 15
6_25_06 6, 14, 2, 10, 7, 15
4_16_20 14, 6, 10, 2
2_30_08 4, 12
2_20_16 5, 13
4_19_12 7, 15, 3, 11
6_16_14 11, 3, 7, 15, 4, 12
3_14_22 11, 3, 7
5_1_16 9, 1, 5, 13, 10
6_18_16 9, 1, 5, 13, 6, 14
6_26_12 9, 1, 5, 13, 6, 14
4_20_10 6, 14, 2, 10
8_8_22 13, 5, 9, 1, 14, 6, 10, 2
1_22_04 16
4_29_08 8, 16, 4, 12
6_24_12 8, 16, 4, 12, 5, 13
3_2_14 4, 12, 16
4_12_10 8, 16, 4, 12
4_19_22 12, 4, 8, 16
5_19_16 9, 1, 5, 13, 2
2_21_02 3, 11
8_29_18 13, 5, 9, 1, 10, 2, 6, 14
8_24_16 10, 2, 6, 14, 11, 3, 7, 15
4_7_20 12, 4, 8, 16
4_26_20 13, 5, 9, 1
2_25_18 12, 4
8_9_08 7, 15, 3, 11, 8, 16, 4, 12
6_4_00 1, 9, 13, 5, 14, 6
2_7_14 9, 1
6_5_04 4, 12, 16, 8, 5, 13
8_29_14 11, 3, 7, 15, 8, 16, 4, 12
8_2_00 1, 9, 13, 5, 2, 10, 14, 6
6_10_12 9, 1, 5, 13, 6, 14
3_13_14 11, 3, 7
3_24_02 15, 7, 3
6_4_22 12, 4, 8, 16, 9, 1
6_2_02 2, 10, 14, 6, 15, 7
8_23_20 12, 4, 8, 16, 13, 5, 9, 1
5_17_06 4, 12, 16, 8, 5
7_16_00 4, 12, 16, 8, 5, 13, 1
6_19_12 7, 15, 3, 11, 8, 16
2_14_06 3, 11
7_27_10 8, 16, 4, 12, 1, 9, 13
2_17_22 12, 4
2_18_04 15, 7
2_31_06 7, 15
5_19_18 10, 2, 6, 14, 3
6_26_10 8, 16, 4, 12, 5, 13
6_24_14 9, 1, 5, 13, 6, 14
7_8_02 3, 11, 15, 7, 8, 16, 4
6_26_18 12, 4, 8, 16, 9, 1
1_8_00 6
4_16_22 15, 7, 11, 3
8_19_08 5, 13, 1, 9, 6, 14, 2, 10
8_28_12 9, 1, 5, 13, 10, 2, 6, 14
2_8_08 2, 10
1_8_06 9
3_10_00 15, 7, 11
2_31_16 12, 4
7_14_18 13, 5, 9, 1, 6, 14, 2
7_17_16 9, 1, 5, 13, 10, 2, 6
3_8_20 8, 16, 12
5_6_22 13, 5, 9, 1, 10
7_15_10 9, 1, 5, 13, 14, 6, 10
1_11_10 16
7_13_06 7, 15, 3, 11, 4, 12, 16
4_1_02 2, 10, 14, 6
1_13_04 6
8_13_02 5, 13, 1, 9, 2, 10, 14, 6
6_3_04 3, 11, 15, 7, 4, 12
2_22_14 5, 13
8_5_00 2, 10, 14, 6, 3, 11, 15, 7
7_5_14 9, 1, 5, 13, 10, 2, 6
3_12_04 1, 9, 5
8_16_14 11, 3, 7, 15, 8, 16, 4, 12
3_21_04 4, 12, 16
8_17_16 9, 1, 5, 13, 10, 2, 6, 14
5_21_20 12, 4, 8, 16, 13
7_28_20 13, 5, 9, 1, 2, 10, 14
5_7_12 8, 16, 4, 12, 1
8_30_00 4, 12, 16, 8, 1, 9, 13, 5
1_12_16 15
8_8_02 3, 11, 15, 7, 4, 12, 16, 8
5_25_06 6, 14, 2, 10, 7
6_7_16 10, 2, 6, 14, 11, 3
3_21_00 2, 10, 14
6_24_18 11, 3, 7, 15, 8, 16
2_31_20 14, 6
5_11_16 11, 3, 7, 15, 4
5_20_06 4, 12, 16, 8, 9
6_11_08 7, 15, 3, 11, 8, 16
8_15_22 15, 7, 11, 3, 12, 4, 8, 16
2_3_02 2, 10
6_22_20 12, 4, 8, 16, 9, 1
3_31_22 15, 7, 3
2_31_00 4,12
6_4_02 2, 10, 14, 6, 15, 7
7_8_08 6, 14, 2, 10, 11, 3, 7
2_13_20 14, 6
3_24_22 9, 1, 13
4_5_08 6, 14, 2, 10
6_21_12 8, 16, 4, 12, 9, 1
7_4_18 10, 2, 6, 14, 15, 7, 11
3_24_06 1, 9, 5
8_5_12 8, 16, 4, 12, 9, 1, 5, 13
1_1_06 4
3_6_16 6, 14, 2
3_28_18 8, 16, 12
3_2_04 15, 7, 11
4_6_16 10, 2, 6, 14
5_22_20 12, 4, 8, 16, 9
8_28_02 4, 12, 16, 8, 5, 13, 1, 9
5_23_18 11, 3, 7, 15, 4
5_19_18 10, 2, 6, 14, 3
4_29_20 14, 6, 10, 2
4_21_08 6, 14, 2, 10
5_20_02 2, 10, 14, 6, 7
1_6_12 4
2_14_06 3, 11
5_19_22 12, 4, 8, 16, 5
7_19_12 7, 15, 3, 11, 16, 8, 12
4_10_22 14, 6, 10, 2
1_6_18 7
3_15_08 8, 16, 12
6_17_20 11, 3, 7, 15, 12, 4
2_16_00 16, 8
5_11_08 7, 15, 3, 11, 16
5_10_02 4, 12, 16, 8, 1
4_22_08 6, 14, 2, 10
3_2_16 5, 13, 1
5_22_06 5, 13, 1, 9, 2
6_24_22 13, 5, 9, 1, 10, 2
3_28_18 8, 16, 12
2_11_20 13, 5
8_4_04 3, 11, 15, 7, 4, 12, 16, 8
5_9_22 14, 6, 10, 2, 15
1_7_16 2
4_11_00 3, 11, 15, 7
2_4_16 5, 13
2_5_06 5, 13
8_31_10 9, 1, 5, 13, 6, 14, 2, 10
2_29_06 7, 15
7_4_12 7, 15, 3, 11, 12, 4, 8
5_15_18 13, 5, 9, 1, 2
7_28_10 8, 16, 4, 12, 13, 5, 9
1_30_14 7
6_23_00 2, 10, 14, 6, 3, 11
7_13_14 11, 3, 7, 15, 8, 16, 4
2_30_18 9, 1
5_14_18 13, 5, 9, 1, 6
3_29_22 15, 7, 11
3_23_14 9, 1, 13
1_28_12 13
1_31_00 12
1_15_08 16
8_27_06 6, 14, 2, 10, 7, 15, 3, 11
2_2_20 7, 15
3_30_20 10, 2, 6
7_2_08 5, 13, 1, 9, 2, 10, 14
8_1_08 5, 13, 1, 9, 6, 14, 2, 10
6_17_02 2, 10, 14, 6, 3, 11
4_26_08 7, 15, 3, 11
2_21_14 9, 1
5_23_12 8, 16, 4, 12, 1
6_14_22 15, 7, 11, 3, 8, 16
5_26_00 3, 11, 15, 7, 16
7_15_02 5, 13, 1, 9, 10, 2, 6
6_10_00 3, 11, 15, 7, 16, 8
7_29_08 8, 16, 4, 12, 5, 13, 1
4_29_06 7, 15, 3, 11
6_29_16 12, 4, 8, 16, 9, 1
2_7_02 3, 11
5_3_20 11, 3, 7, 15, 4
2_28_18 8, 16
8_16_22 15, 7, 11, 3, 12, 4, 8, 16
1_15_20 6
4_4_18 10, 2, 6, 14
7_12_08 7, 15, 3, 11, 12, 4, 8
7_3_20 11, 3, 7, 15, 4, 12, 16
2_27_00 3, 11
6_6_02 3, 11, 15, 7, 16, 8
3_6_08 2, 10, 14
5_26_12 9, 1, 5, 13, 6
4_14_14 11, 3, 7, 15
4_8_06 5, 13, 1, 9
7_8_08 6, 14, 2, 10, 11, 3, 7
5_23_08 6, 14, 2, 10, 15
2_15_16 12, 4
2_16_08 4, 12
6_9_02 4, 12, 16, 8, 5, 13
1_10_06 2
2_1_06 4, 12
1_24_04 8
1_27_10 16
5_13_06 7, 15, 3, 11, 4
3_27_16 11, 3, 15
8_23_04 4, 12, 16, 8, 5, 13, 1, 9
4_21_02 3, 11, 15, 7
8_12_16 11, 3, 7, 15, 12, 4, 8, 16
5_19_10 6, 14, 2, 10, 15
4_15_18 13, 5, 9, 1
8_5_20 12, 4, 8, 16, 13, 5, 9, 1
2_5_02 3, 11
5_24_12 8, 16, 4, 12, 13
1_24_06 9
1_11_06 14
1_8_10 11
5_12_16 11, 3, 7, 15, 16
4_5_12 8, 16, 4, 12
8_1_18 10, 2, 6, 14, 11, 3, 7, 15
7_9_10 8, 16, 4, 12, 9, 1, 5
6_25_14 10, 2, 6, 14, 11, 3
2_27_18 12, 4
3_31_00 4,12, 8
3_1_18 10, 2, 6
7_9_00 3, 11, 15, 7, 4, 12, 16
7_10_08 7, 15, 3, 11, 4, 12, 16
4_9_08 7, 15, 3, 11
6_22_22 13, 5, 9, 1, 10, 2
2_12_22 10, 2
4_21_22 13, 5, 9, 1
3_24_02 15, 7, 3
1_16_14 15
8_6_10 7, 15, 3, 11, 8, 16, 4, 12
4_23_02 3, 11, 15, 7
2_24_06 1, 9
2_1_18 10, 2
2_20_12 3, 11
6_20_20 11, 3, 7, 15, 8, 16
5_17_10 6, 14, 2, 10, 7
5_2_16 9, 1, 5, 13, 6
3_21_22 13, 5, 9
7_20_10 6, 14, 2, 10, 11, 3, 7
1_22_00 14
8_24_12 8, 16, 4, 12, 9, 1, 5, 13
2_12_02 16, 8
4_29_04 6, 14, 2, 10
8_23_18 11, 3, 7, 15, 12, 4, 8, 16
6_7_00 2, 10, 14, 6, 3, 11
7_13_02 5, 13, 1, 9, 2, 10, 14
5_12_08 7, 15, 3, 11, 12
5_22_04 4, 12, 16, 8, 1
1_8_08 10
2_17_04 3, 11
6_11_14 10, 2, 6, 14, 11, 3
2_20_20 7, 15
1_28_18 16
6_3_06 4, 12, 16, 8, 5, 13
5_13_20 14, 6, 10, 2, 11
8_2_02 2, 10, 14, 6, 3, 11, 15, 7
2_15_16 12, 4
8_20_20 11, 3, 7, 15, 12, 4, 8, 16
3_2_06 16, 8, 12
8_27_18 12, 4, 8, 16, 13, 5, 9, 1
4_3_16 9, 1, 5, 13
1_25_20 13
1_3_12 15
3_19_18 10, 2, 14
2_10_22 10, 2
4_19_00 1, 9, 13, 5
7_1_12 7, 15, 3, 11, 8, 16, 4
7_19_18 10, 2, 6, 14, 3, 11, 15
1_17_08 5
7_15_18 13, 5, 9, 1, 2, 10, 14
4_6_08 6, 14, 2, 10
3_5_22 13, 5, 9
5_14_04 6, 14, 2, 10, 15
7_12_20 13, 5, 9, 1, 2, 10, 14
3_24_06 1, 9, 5
1_8_22 1
8_17_10 6, 14, 2, 10, 7, 15, 3, 11
1_12_08 11
