2_12_02 16, 8
2_11_20 13, 5
8_2_10 6, 14, 2, 10, 7, 15, 3, 11
1_22_00 14
8_20_12 7, 15, 3, 11, 8, 16, 4, 12
4_5_08 6, 14, 2, 10
6_15_00 4, 12, 16, 8, 1, 9
7_1_12 7, 15, 3, 11, 8, 16, 4
4_16_02 5, 13, 1, 9
5_21_16 10, 2, 6, 14, 11
3_10_16 7, 15, 3
3_15_12 10, 2, 14
7_2_22 12, 4, 8, 16, 9, 1, 5
6_17_18 10, 2, 6, 14, 11, 3
7_26_14 10, 2, 6, 14, 7, 15, 3
2_4_14 4, 12
1_21_02 3
6_25_22 14, 6, 10, 2, 15, 7
5_3_08 5, 13, 1, 9, 14
5_3_16 9, 1, 5, 13, 2
1_12_14 14
2_16_02 1, 9
8_2_04 3, 11, 15, 7, 4, 12, 16, 8
2_24_10 3, 11
6_29_18 13, 5, 9, 1, 10, 2
6_7_10 7, 15, 3, 11, 8, 16
6_12_02 4, 12, 16, 8, 1, 9
7_18_10 6, 14, 2, 10, 3, 11, 15
2_8_06 1, 9
6_28_16 11, 3, 7, 15, 8, 16
4_21_20 12, 4, 8, 16
3_23_12 8, 16, 12
7_28_22 14, 6, 10, 2, 3, 11, 15
2_9_22 14, 6
2_20_16 5, 13
5_1_00 1, 9, 13, 5, 2
8_26_06 6, 14, 2, 10, 7, 15, 3, 11
3_27_20 13, 5, 1
8_14_08 8, 16, 4, 12, 5, 13, 1, 9
4_16_08 8, 16, 4, 12
1_20_04 7
1_6_20 8
7_5_20 12, 4, 8, 16, 13, 5, 9
5_25_22 14, 6, 10, 2, 15
8_21_16 10, 2, 6, 14, 11, 3, 7, 15
4_11_16 11, 3, 7, 15
1_23_12 16
8_17_16 9, 1, 5, 13, 10, 2, 6, 14
1_29_16 12
5_13_04 6, 14, 2, 10, 3
1_20_08 9
5_27_20 13, 5, 9, 1, 6
2_6_02 15, 7
5_18_22 12, 4, 8, 16, 9
8_17_12 7, 15, 3, 11, 8, 16, 4, 12
3_10_22 10, 2, 6
2_11_16 11, 3
2_2_02 14, 6
1_19_02 10
7_30_10 9, 1, 5, 13, 2, 10, 14
4_22_22 13, 5, 9, 1
1_23_20 4
7_12_00 3, 11, 15, 7, 8, 16, 4
5_15_16 12, 4, 8, 16, 1
5_8_04 4, 12, 16, 8, 9
3_29_14 11, 3, 7
5_25_14 10, 2, 6, 14, 11
3_2_18 6, 14, 2
4_28_00 3, 11, 15, 7
2_3_02 2, 10
8_13_10 9, 1, 5, 13, 6, 14, 2, 10
3_12_22 10, 2, 14
8_31_06 7, 15, 3, 11, 4, 12, 16, 8
3_8_18 7, 15, 11
3_30_02 1, 9, 13
6_12_08 7, 15, 3, 11, 4, 12
4_13_22 15, 7, 11, 3
6_2_04 3, 11, 15, 7, 16, 8
5_16_20 14, 6, 10, 2, 15
2_9_04 5, 13
1_12_22 2
7_11_06 6, 14, 2, 10, 15, 7, 11
6_6_02 3, 11, 15, 7, 16, 8
7_5_10 7, 15, 3, 11, 8, 16, 4
4_27_08 7, 15, 3, 11
1_23_08 14
6_2_12 7, 15, 3, 11, 4, 12
3_29_18 13, 5, 9
5_8_02 3, 11, 15, 7, 8
4_1_06 4, 12, 16, 8
4_12_18 12, 4, 8, 16
2_12_02 16, 8
4_2_14 8, 16, 4, 12
6_9_00 3, 11, 15, 7, 4, 12
4_31_08 8, 16, 12
6_9_18 12, 4, 8, 16, 13, 5
7_22_06 5, 13, 1, 9, 2, 10, 14
3_31_16 12, 4, 16
8_24_14 9, 1, 5, 13, 10, 2, 6, 14
1_26_04 1
7_3_22 12, 4, 8, 16, 5, 13, 1
3_18_00 13, 5, 9
1_27_22 6
4_18_10 6, 14, 2, 10
4_15_14 11, 3, 7, 15
1_10_00 15
4_9_20 13, 5, 9, 1
8_14_00 4, 12, 16, 8, 1, 9, 13, 5
7_27_02 4, 12, 16, 8, 13, 5, 9
5_23_08 6, 14, 2, 10, 15
4_14_08 8, 16, 4, 12
8_6_00 2, 10, 14, 6, 3, 11, 15, 7
7_21_16 10, 2, 6, 14, 11, 3, 7
1_16_06 11
3_9_08 7, 15, 3
6_13_18 13, 5, 9, 1, 10, 2
6_9_16 11, 3, 7, 15, 12, 4
2_18_22 8, 16
6_10_04 5, 13, 1, 9, 2, 10
3_21_10 7, 15, 3
8_7_00 2, 10, 14, 6, 3, 11, 15, 7
6_2_12 7, 15, 3, 11, 4, 12
5_18_02 2, 10, 14, 6, 15
4_23_04 4, 12, 16, 8
3_5_16 10, 2, 6
1_5_08 6
7_13_12 10, 2, 6, 14, 7, 15, 3
6_28_00 3, 11, 15, 7, 16, 8
5_28_04 5, 13, 1, 9, 10
1_8_08 10
7_14_02 5, 13, 1, 9, 14, 6, 10
1_9_14 10
8_25_18 12, 4, 8, 16, 13, 5, 9, 1
1_9_16 11
4_12_08 7, 15, 3, 11
6_21_14 9, 1, 5, 13, 10, 2
8_26_18 12, 4, 8, 16, 13, 5, 9, 1
4_17_14 8, 16, 4, 12
1_6_12 4
1_4_00 5
7_9_00 3, 11, 15, 7, 4, 12, 16
8_2_10 6, 14, 2, 10, 7, 15, 3, 11
6_1_10 6, 14, 2, 10, 7, 15
5_21_22 13, 5, 9, 1, 14
7_31_12 10, 2, 6, 14, 15, 7, 11
6_11_20 13, 5, 9, 1, 14, 6
7_13_02 5, 13, 1, 9, 2, 10, 14
5_29_20 14, 6, 10, 2, 11
3_20_04 15, 7, 3
1_2_10 2
1_30_00 16
8_3_04 3, 11, 15, 7, 4, 12, 16, 8
3_18_04 15, 7, 11
2_22_20 8, 16
8_26_06 6, 14, 2, 10, 7, 15, 3, 11
7_12_22 14, 6, 10, 2, 3, 11, 15
2_1_04 3, 11
2_25_00 3, 11
4_12_16 11, 3, 7, 15
6_10_16 11, 3, 7, 15, 8, 16
4_13_04 6, 14, 2, 10
7_21_02 3, 11, 15, 7, 4, 12, 16
2_12_18 8, 16
2_21_04 4, 12
6_25_10 8, 16, 4, 12, 9, 1
4_1_12 7, 15, 3, 11
7_18_20 11, 3, 7, 15, 8, 16, 4
3_7_18 11, 3, 15
7_16_20 14, 6, 10, 2, 15, 7, 11
7_10_18 12, 4, 8, 16, 9, 1, 5
6_25_18 12, 4, 8, 16, 13, 5
5_7_04 4, 12, 16, 8, 13
3_27_12 9, 1, 13
1_2_04 15
3_20_10 2, 10, 6
6_13_10 9, 1, 5, 13, 6, 14
5_17_04 3, 11, 15, 7, 4
6_10_14 10, 2, 6, 14, 7, 15
1_5_08 6
7_14_18 13, 5, 9, 1, 6, 14, 2
3_18_18 6, 14, 2
6_12_12 9, 1, 5, 13, 6, 14
6_27_06 6, 14, 2, 10, 7, 15
6_7_18 11, 3, 7, 15, 12, 4
8_14_18 13, 5, 9, 1, 10, 2, 6, 14
8_19_20 11, 3, 7, 15, 12, 4, 8, 16
6_18_22 12, 4, 8, 16, 9, 1
3_30_10 5, 13, 1
6_17_16 9, 1, 5, 13, 10, 2
2_2_00 13, 5
1_6_18 7
2_13_18 13, 5
2_17_12 7, 15
3_3_12 7, 15, 11
4_21_18 11, 3, 7, 15
6_21_16 10, 2, 6, 14, 11, 3
6_21_18 11, 3, 7, 15, 12, 4
7_4_16 9, 1, 5, 13, 14, 6, 10
1_2_16 5
1_15_04 14
2_25_22 14, 6
7_4_22 12, 4, 8, 16, 1, 9, 13
7_14_14 11, 3, 7, 15, 4, 12, 16
4_6_06 5, 13, 1, 9
8_26_22 14, 6, 10, 2, 15, 7, 11, 3
3_17_10 6, 14, 2
7_26_06 6, 14, 2, 10, 3, 11, 15
3_11_14 10, 2, 14
3_13_20 14, 6, 10
2_25_10 8, 16
3_13_20 14, 6, 10
1_9_20 13
4_14_14 11, 3, 7, 15
4_8_14 9, 1, 5, 13
1_24_12 12
6_27_00 3, 11, 15, 7, 4, 12
7_31_22 15, 7, 11, 3, 4, 12, 16
2_3_12 7, 15
7_17_14 8, 16, 4, 12, 9, 1, 5
7_8_04 4, 12, 16, 8, 9, 1, 5
3_11_18 12, 4, 16
6_30_04 6, 14, 2, 10, 15, 7
6_21_00 2, 10, 14, 6, 3, 11
3_8_10 3, 11, 7
2_11_20 13, 5
5_30_02 5, 13, 1, 9, 14
4_11_16 11, 3, 7, 15
1_9_04 5
4_1_20 11, 3, 7, 15
8_24_22 13, 5, 9, 1, 14, 6, 10, 2
1_11_08 15
5_9_20 13, 5, 9, 1, 14
6_24_22 13, 5, 9, 1, 10, 2
7_9_02 4, 12, 16, 8, 5, 13, 1
7_27_16 11, 3, 7, 15, 4, 12, 16
6_9_18 12, 4, 8, 16, 13, 5
3_5_06 5, 13, 1
4_18_20 11, 3, 7, 15
6_23_22 13, 5, 9, 1, 14, 6
8_25_16 11, 3, 7, 15, 12, 4, 8, 16
3_30_02 1, 9, 13
6_7_22 13, 5, 9, 1, 14, 6
5_29_04 6, 14, 2, 10, 3
2_29_06 7, 15
5_29_20 14, 6, 10, 2, 11
5_16_02 5, 13, 1, 9, 6
2_18_08 1, 9
3_4_06 16, 8, 4
6_31_12 10, 2, 6, 14, 7, 15
1_26_18 8
8_12_18 12, 4, 8, 16, 13, 5, 9, 1
6_11_10 8, 16, 4, 12, 9, 1
5_4_04 3, 11, 15, 7, 8
1_25_20 13
5_19_04 3, 11, 15, 7, 12
1_19_14 16
7_8_12 8, 16, 4, 12, 13, 5, 9
2_15_10 9, 1
1_12_12 13
2_25_10 8, 16
