2_6_22 9, 1
5_8_06 5, 13, 1, 9, 10
2_19_20 11, 3
6_22_18 11, 3, 7, 15, 8, 16
6_31_04 6, 14, 2, 10, 3, 11
6_15_06 7, 15, 3, 11, 4, 12
2_20_22 8, 16
1_30_18 9
4_31_08 8, 16, 12
3_14_06 3, 11, 15
5_20_14 8, 16, 4, 12, 13
7_12_00 3, 11, 15, 7, 8, 16, 4
6_1_20 11, 3, 7, 15, 12, 4
8_19_00 1, 9, 13, 5, 2, 10, 14, 6
8_15_06 7, 15, 3, 11, 4, 12, 16, 8
2_31_00 4,12
7_14_06 7, 15, 3, 11, 16, 8, 12
3_14_00 16, 8, 12
5_3_14 8, 16, 4, 12, 1
8_13_02 5, 13, 1, 9, 2, 10, 14, 6
2_15_14 11, 3
2_6_04 16, 8
1_25_06 6
2_22_22 9, 1
3_6_22 9, 1, 5
4_4_22 12, 4, 8, 16
5_24_16 10, 2, 6, 14, 15
3_28_06 2, 10, 6
5_31_18 13, 5, 9, 1, 2
6_4_06 4, 12, 16, 8, 1, 9
5_14_02 5, 13, 1, 9, 14
3_15_22 15, 7, 3
3_1_12 7, 15, 3
8_28_04 5, 13, 1, 9, 6, 14, 2, 10
3_31_06 7, 15, 11
8_20_16 9, 1, 5, 13, 10, 2, 6, 14
6_2_18 10, 2, 6, 14, 7, 15
5_25_18 12, 4, 8, 16, 13
6_5_06 5, 13, 1, 9, 6, 14
5_15_08 8, 16, 4, 12, 13
4_18_14 8, 16, 4, 12
2_15_04 6, 14
1_4_00 5
6_12_02 4, 12, 16, 8, 1, 9
3_10_02 16, 8, 12
8_18_12 7, 15, 3, 11, 8, 16, 4, 12
2_3_18 10, 2
2_2_20 7, 15
5_14_08 8, 16, 4, 12, 1
8_15_02 5, 13, 1, 9, 2, 10, 14, 6
4_8_10 7, 15, 3, 11
3_25_00 3, 11, 15
3_4_22 8, 16, 12
7_10_02 4, 12, 16, 8, 1, 9, 13
5_30_02 5, 13, 1, 9, 14
5_26_14 10, 2, 6, 14, 7
2_18_18 6, 14
5_25_22 14, 6, 10, 2, 15
8_5_10 7, 15, 3, 11, 8, 16, 4, 12
2_14_20 10, 2
7_4_18 10, 2, 6, 14, 15, 7, 11
8_13_18 13, 5, 9, 1, 10, 2, 6, 14
3_31_22 15, 7, 3
2_21_16 10, 2
8_5_14 9, 1, 5, 13, 10, 2, 6, 14
4_18_20 11, 3, 7, 15
2_7_06 5, 13
4_29_04 6, 14, 2, 10
8_15_04 6, 14, 2, 10, 3, 11, 15, 7
6_30_02 5, 13, 1, 9, 14, 6
1_24_14 13
6_21_12 8, 16, 4, 12, 9, 1
5_17_06 4, 12, 16, 8, 5
8_7_08 6, 14, 2, 10, 7, 15, 3, 11
4_12_08 7, 15, 3, 11
6_28_14 10, 2, 6, 14, 7, 15
8_23_06 5, 13, 1, 9, 6, 14, 2, 10
6_5_00 2, 10, 14, 6, 3, 11
7_21_02 3, 11, 15, 7, 4, 12, 16
6_12_04 5, 13, 1, 9, 2, 10
6_15_06 7, 15, 3, 11, 4, 12
7_28_10 8, 16, 4, 12, 13, 5, 9
6_7_02 3, 11, 15, 7, 4, 12
6_8_12 8, 16, 4, 12, 5, 13
6_21_16 10, 2, 6, 14, 11, 3
2_10_10 4, 12
1_5_12 8
8_26_22 14, 6, 10, 2, 15, 7, 11, 3
6_13_04 6, 14, 2, 10, 3, 11
5_2_12 7, 15, 3, 11, 4
7_6_08 6, 14, 2, 10, 3, 11, 15
1_25_06 6
7_23_20 12, 4, 8, 16, 5, 13, 1
6_13_12 10, 2, 6, 14, 7, 15
5_19_12 7, 15, 3, 11, 16
7_10_16 11, 3, 7, 15, 8, 16, 4
2_7_02 3, 11
1_3_00 9
6_29_22 15, 7, 11, 3, 12, 4
4_29_14 11, 3, 7, 15
7_21_04 4, 12, 16, 8, 5, 13, 1
5_31_02 5, 13, 1, 9, 10
8_19_14 8, 16, 4, 12, 9, 1, 5, 13
6_15_12 10, 2, 6, 14, 7, 15
6_16_20 14, 6, 10, 2, 7, 15
4_2_04 3, 11, 15, 7
7_15_18 13, 5, 9, 1, 2, 10, 14
4_16_14 11, 3, 7, 15
3_24_06 1, 9, 5
8_27_22 14, 6, 10, 2, 15, 7, 11, 3
7_20_12 7, 15, 3, 11, 12, 4, 8
8_4_22 12, 4, 8, 16, 13, 5, 9, 1
6_8_02 3, 11, 15, 7, 16, 8
6_8_22 13, 5, 9, 1, 10, 2
3_15_16 12, 4, 16
8_13_16 12, 4, 8, 16, 9, 1, 5, 13
5_1_00 1, 9, 13, 5, 2
3_31_14 11, 3, 15
7_23_04 4, 12, 16, 8, 13, 5, 9
2_20_16 5, 13
4_5_20 12, 4, 8, 16
4_2_02 2, 10, 14, 6
4_11_16 11, 3, 7, 15
3_27_18 12, 4, 16
4_13_02 5, 13, 1, 9
6_24_22 13, 5, 9, 1, 10, 2
2_9_08 7, 15
4_28_06 6, 14, 2, 10
6_19_02 2, 10, 14, 6, 3, 11
5_29_06 7, 15, 3, 11, 4
7_20_04 3, 11, 15, 7, 8, 16, 4
6_3_20 11, 3, 7, 15, 12, 4
4_16_12 10, 2, 6, 14
8_29_00 4, 12, 16, 8, 1, 9, 13, 5
7_23_20 12, 4, 8, 16, 5, 13, 1
1_31_12 2
5_1_22 12, 4, 8, 16, 13
6_27_20 13, 5, 9, 1, 14, 6
4_9_00 3, 11, 15, 7
4_16_14 11, 3, 7, 15
4_31_20 14, 6, 10, 2
6_25_12 9, 1, 5, 13, 10, 2
1_19_04 11
1_10_10 4
3_23_16 10, 2, 14
8_10_16 11, 3, 7, 15, 12, 4, 8, 16
5_23_04 4, 12, 16, 8, 13
7_7_14 9, 1, 5, 13, 2, 10, 14
5_3_12 7, 15, 3, 11, 16
8_12_20 13, 5, 9, 1, 14, 6, 10, 2
4_4_02 2, 10, 14, 6
1_14_06 3
3_27_08 7, 15, 11
7_25_04 5, 13, 1, 9, 6, 14, 2
8_18_04 3, 11, 15, 7, 4, 12, 16, 8
6_20_18 10, 2, 6, 14, 7, 15
2_11_10 8, 16
8_12_14 10, 2, 6, 14, 11, 3, 7, 15
7_15_22 15, 7, 11, 3, 4, 12, 16
7_18_08 5, 13, 1, 9, 2, 10, 14
8_16_00 4, 12, 16, 8, 1, 9, 13, 5
7_20_12 7, 15, 3, 11, 12, 4, 8
6_9_16 11, 3, 7, 15, 12, 4
6_23_16 10, 2, 6, 14, 11, 3
2_13_12 10, 2
5_11_06 6, 14, 2, 10, 15
7_3_08 5, 13, 1, 9, 14, 6, 10
2_5_08 6, 14
5_4_04 3, 11, 15, 7, 8
6_25_20 13, 5, 9, 1, 14, 6
5_22_04 4, 12, 16, 8, 1
8_16_20 14, 6, 10, 2, 11, 3, 7, 15
6_24_02 3, 11, 15, 7, 16, 8
8_14_00 4, 12, 16, 8, 1, 9, 13, 5
5_20_04 3, 11, 15, 7, 8
8_31_18 13, 5, 9, 1, 10, 2, 6, 14
5_14_14 11, 3, 7, 15, 4
6_14_14 11, 3, 7, 15, 4, 12
2_29_04 6, 14
3_28_10 4, 12, 8
4_8_12 8, 16, 4, 12
4_13_16 12, 4, 8, 16
1_23_12 16
1_22_02 15
1_13_08 8
3_1_16 9, 1, 5
6_17_14 8, 16, 4, 12, 9, 1
1_8_08 10
2_7_16 10, 2
4_31_02 5, 13, 1, 9
7_24_12 8, 16, 4, 12, 13, 5, 9
5_27_12 9, 1, 5, 13, 2
4_3_06 4, 12, 16, 8
6_25_00 3, 11, 15, 7, 4, 12
8_10_22 14, 6, 10, 2, 15, 7, 11, 3
3_19_12 7, 15, 11
5_24_22 13, 5, 9, 1, 2
7_27_20 13, 5, 9, 1, 6, 14, 2
3_6_04 16, 8, 12
5_27_10 8, 16, 4, 12, 1
2_25_16 11, 3
6_17_02 2, 10, 14, 6, 3, 11
5_6_18 11, 3, 7, 15, 8
4_1_04 3, 11, 15, 7
7_18_12 7, 15, 3, 11, 4, 12, 16
5_13_06 7, 15, 3, 11, 4
8_30_10 9, 1, 5, 13, 6, 14, 2, 10
5_30_06 7, 15, 3, 11, 16
7_5_22 13, 5, 9, 1, 14, 6, 10
1_25_06 6
8_31_16 12, 4, 8, 16, 9, 1, 5, 13
2_1_14 8, 16
1_29_08 8
2_13_08 8, 16
1_2_12 3
1_4_18 14
2_7_18 11, 3
6_30_10 9, 1, 5, 13, 2, 10
7_30_02 5, 13, 1, 9, 14, 6, 10
4_22_20 12, 4, 8, 16
4_21_02 3, 11, 15, 7
6_31_16 12, 4, 8, 16, 9, 1
6_19_08 5, 13, 1, 9, 6, 14
7_20_12 7, 15, 3, 11, 12, 4, 8
4_6_10 7, 15, 3, 11
3_3_22 12, 4, 16
4_20_10 6, 14, 2, 10
6_10_02 4, 12, 16, 8, 1, 9
8_14_10 9, 1, 5, 13, 6, 14, 2, 10
8_15_18 13, 5, 9, 1, 10, 2, 6, 14
3_28_10 4, 12, 8
3_20_22 8, 16, 12
4_20_04 3, 11, 15, 7
5_1_22 12, 4, 8, 16, 13
5_4_12 7, 15, 3, 11, 12
7_11_14 10, 2, 6, 14, 3, 11, 15
2_7_00 2, 10
4_12_22 14, 6, 10, 2
7_2_18 10, 2, 6, 14, 7, 15, 3
4_11_02 4, 12, 16, 8
8_11_18 12, 4, 8, 16, 13, 5, 9, 1
4_7_22 13, 5, 9, 1
2_20_02 14, 6
8_31_14 11, 3, 7, 15, 8, 16, 4, 12
5_18_06 4, 12, 16, 8, 1
3_22_08 2, 10, 14
4_5_02 3, 11, 15, 7
7_27_00 3, 11, 15, 7, 12, 4, 8
2_10_10 4, 12
8_21_14 9, 1, 5, 13, 10, 2, 6, 14
