2_12_06 2, 10
6_18_08 5, 13, 1, 9, 2, 10
5_8_02 3, 11, 15, 7, 8
2_25_06 6, 14
1_14_10 5
7_13_06 7, 15, 3, 11, 4, 12, 16
8_10_18 12, 4, 8, 16, 13, 5, 9, 1
3_6_10 3, 11, 15
7_29_20 14, 6, 10, 2, 11, 3, 7
1_6_02 15
7_25_06 6, 14, 2, 10, 7, 15, 3
8_31_12 10, 2, 6, 14, 7, 15, 3, 11
3_22_00 14, 6, 10
8_25_14 10, 2, 6, 14, 11, 3, 7, 15
5_27_06 6, 14, 2, 10, 15
2_21_20 12, 4
4_27_16 11, 3, 7, 15
2_15_20 14, 6
8_14_10 9, 1, 5, 13, 6, 14, 2, 10
4_24_20 12, 4, 8, 16
7_30_18 13, 5, 9, 1, 6, 14, 2
1_2_12 3
4_28_00 3, 11, 15, 7
3_6_06 1, 9, 13
8_31_20 14, 6, 10, 2, 11, 3, 7, 15
5_11_22 14, 6, 10, 2, 7
8_3_12 7, 15, 3, 11, 8, 16, 4, 12
7_28_10 8, 16, 4, 12, 13, 5, 9
2_3_06 4, 12
5_20_12 7, 15, 3, 11, 12
2_25_04 5, 13
5_8_06 5, 13, 1, 9, 10
3_29_20 14, 6, 10
5_31_06 7, 15, 3, 11, 12
3_19_02 2, 10, 6
1_11_08 15
4_30_10 9, 1, 5, 13
4_4_06 4, 12, 16, 8
3_10_00 15, 7, 11
3_30_10 5, 13, 1
7_4_02 2, 10, 14, 6, 7, 15, 3
7_14_12 10, 2, 6, 14, 3, 11, 15
4_2_14 8, 16, 4, 12
8_3_00 1, 9, 13, 5, 2, 10, 14, 6
7_23_20 12, 4, 8, 16, 5, 13, 1
1_24_10 11
7_12_02 4, 12, 16, 8, 9, 1, 5
7_1_10 6, 14, 2, 10, 7, 15, 3
3_31_12 10, 2, 14
3_7_20 12, 4, 16
2_30_04 2, 10
5_21_04 4, 12, 16, 8, 5
8_27_14 10, 2, 6, 14, 11, 3, 7, 15
4_22_08 6, 14, 2, 10
2_7_20 12, 4
3_1_16 9, 1, 5
6_26_22 14, 6, 10, 2, 11, 3
8_20_04 3, 11, 15, 7, 4, 12, 16, 8
5_16_02 5, 13, 1, 9, 6
3_30_16 8, 16, 4
4_17_06 4, 12, 16, 8
8_3_12 7, 15, 3, 11, 8, 16, 4, 12
2_13_22 15, 7
1_9_20 13
3_20_20 7, 15, 11
3_5_04 4, 12, 16
3_24_16 6, 14, 10
7_5_10 7, 15, 3, 11, 8, 16, 4
5_31_16 12, 4, 8, 16, 1
5_10_18 12, 4, 8, 16, 9
5_13_22 15, 7, 11, 3, 12
7_23_14 9, 1, 5, 13, 2, 10, 14
5_9_08 7, 15, 3, 11, 8
5_18_14 8, 16, 4, 12, 5
4_22_00 2, 10, 14, 6
6_3_10 6, 14, 2, 10, 7, 15
8_22_16 10, 2, 6, 14, 11, 3, 7, 15
4_29_16 12, 4, 8, 16
2_11_14 10, 2
5_9_18 12, 4, 8, 16, 13
6_30_18 13, 5, 9, 1, 6, 14
5_31_04 6, 14, 2, 10, 11
8_7_12 8, 16, 4, 12, 9, 1, 5, 13
2_15_18 13, 5
6_7_04 4, 12, 16, 8, 5, 13
1_30_00 16
2_21_08 6, 14
5_29_20 14, 6, 10, 2, 11
2_4_02 14, 6
1_12_02 8
6_24_04 4, 12, 16, 8, 1, 9
5_4_00 1, 9, 13, 5, 6
5_29_14 11, 3, 7, 15, 8
3_17_16 9, 1, 5
6_14_12 10, 2, 6, 14, 3, 11
1_25_18 12
1_3_04 11
8_5_14 9, 1, 5, 13, 10, 2, 6, 14
2_28_02 16, 8
7_20_10 6, 14, 2, 10, 11, 3, 7
6_21_08 6, 14, 2, 10, 7, 15
3_29_06 7, 15, 3
2_6_16 6, 14
3_6_00 14, 6, 10
4_6_10 7, 15, 3, 11
5_14_00 4, 12, 16, 8, 13
5_29_06 7, 15, 3, 11, 4
2_16_02 1, 9
4_29_16 12, 4, 8, 16
4_16_20 14, 6, 10, 2
6_13_14 11, 3, 7, 15, 8, 16
1_29_16 12
6_5_22 13, 5, 9, 1, 14, 6
2_17_10 6, 14
6_25_12 9, 1, 5, 13, 10, 2
8_23_14 9, 1, 5, 13, 10, 2, 6, 14
2_10_08 3, 11
3_25_08 7, 15, 3
5_16_20 14, 6, 10, 2, 15
8_25_16 11, 3, 7, 15, 12, 4, 8, 16
5_7_08 6, 14, 2, 10, 15
5_29_22 15, 7, 11, 3, 12
5_6_18 11, 3, 7, 15, 8
2_2_20 7, 15
7_16_02 5, 13, 1, 9, 6, 14, 2
8_27_08 7, 15, 3, 11, 8, 16, 4, 12
2_19_02 2, 10
3_11_12 9, 1, 13
2_18_04 15, 7
7_30_18 13, 5, 9, 1, 6, 14, 2
3_29_02 5, 13, 1
4_12_10 8, 16, 4, 12
4_26_10 8, 16, 4, 12
3_24_18 7, 15, 11
5_25_16 11, 3, 7, 15, 12
2_3_18 10, 2
2_7_08 6, 14
3_17_12 7, 15, 3
8_10_12 9, 1, 5, 13, 10, 2, 6, 14
3_27_22 14, 6, 2
3_30_10 5, 13, 1
1_27_06 14
1_27_06 14
6_22_12 8, 16, 4, 12, 5, 13
4_31_10 9, 1, 5, 13
1_30_06 3
3_2_02 14, 6, 10
7_11_22 14, 6, 10, 2, 7, 15, 3
6_22_04 4, 12, 16, 8, 1, 9
4_21_00 2, 10, 14, 6
8_7_22 13, 5, 9, 1, 14, 6, 10, 2
5_8_06 5, 13, 1, 9, 10
7_25_12 9, 1, 5, 13, 10, 2, 6
2_1_14 8, 16
7_13_06 7, 15, 3, 11, 4, 12, 16
6_1_08 5, 13, 1, 9, 6, 14
4_17_18 10, 2, 6, 14
5_18_14 8, 16, 4, 12, 5
7_17_20 11, 3, 7, 15, 12, 4, 8
2_20_12 3, 11
6_16_04 6, 14, 2, 10, 15, 7
2_11_18 12, 4
8_7_18 11, 3, 7, 15, 12, 4, 8, 16
4_9_02 4, 12, 16, 8
2_8_12 4, 12
3_1_02 2, 10, 14
7_31_00 4, 12, 16, 8, 9, 1, 5
6_15_14 11, 3, 7, 15, 8, 16
8_12_16 11, 3, 7, 15, 12, 4, 8, 16
4_21_00 2, 10, 14, 6
3_17_04 3, 11, 15
6_10_12 9, 1, 5, 13, 6, 14
6_1_10 6, 14, 2, 10, 7, 15
6_25_20 13, 5, 9, 1, 14, 6
3_8_04 16, 8, 4
3_29_00 4,12, 16
7_5_00 2, 10, 14, 6, 3, 11, 15
6_5_20 12, 4, 8, 16, 13, 5
6_23_18 11, 3, 7, 15, 12, 4
6_28_14 10, 2, 6, 14, 7, 15
4_12_02 4, 12, 16, 8
1_19_18 2
8_7_18 11, 3, 7, 15, 12, 4, 8, 16
4_17_18 10, 2, 6, 14
5_7_10 7, 15, 3, 11, 16
5_11_16 11, 3, 7, 15, 4
1_24_20 16
2_28_02 16, 8
5_8_20 12, 4, 8, 16, 1
3_30_12 6, 14, 2
1_18_18 6
5_6_18 11, 3, 7, 15, 8
5_4_12 7, 15, 3, 11, 12
5_25_12 9, 1, 5, 13, 10
4_17_14 8, 16, 4, 12
3_1_06 4, 12, 16
1_30_04 2
7_21_22 13, 5, 9, 1, 14, 6, 10
6_12_10 8, 16, 4, 12, 5, 13
6_21_20 12, 4, 8, 16, 13, 5
4_12_00 3, 11, 15, 7
4_5_08 6, 14, 2, 10
2_29_20 14, 6
5_16_02 5, 13, 1, 9, 6
2_21_12 8, 16
8_20_08 5, 13, 1, 9, 6, 14, 2, 10
4_7_10 7, 15, 3, 11
7_27_10 8, 16, 4, 12, 1, 9, 13
8_10_02 4, 12, 16, 8, 5, 13, 1, 9
1_7_00 10
6_20_12 7, 15, 3, 11, 4, 12
3_5_08 6, 14, 2
3_20_06 16, 8, 4
5_7_22 13, 5, 9, 1, 6
2_13_04 6, 14
7_7_16 10, 2, 6, 14, 3, 11, 15
5_28_00 3, 11, 15, 7, 8
5_6_14 9, 1, 5, 13, 6
3_18_04 15, 7, 11
1_22_00 14
5_1_20 11, 3, 7, 15, 12
8_16_16 12, 4, 8, 16, 9, 1, 5, 13
1_10_18 8
6_5_02 3, 11, 15, 7, 4, 12
3_4_08 1, 9, 5
1_24_22 1
2_21_02 3, 11
8_10_04 5, 13, 1, 9, 6, 14, 2, 10
4_14_14 11, 3, 7, 15
3_28_00 15, 7, 3
8_16_08 8, 16, 4, 12, 5, 13, 1, 9
6_16_18 13, 5, 9, 1, 6, 14
3_19_02 2, 10, 6
4_3_00 1, 9, 13, 5
7_6_10 7, 15, 3, 11, 4, 12, 16
6_2_14 8, 16, 4, 12, 5, 13
7_4_02 2, 10, 14, 6, 7, 15, 3
3_8_22 9, 1, 13
7_21_22 13, 5, 9, 1, 14, 6, 10
3_30_06 3, 11, 15
4_6_22 13, 5, 9, 1
8_27_16 11, 3, 7, 15, 12, 4, 8, 16
6_11_16 11, 3, 7, 15, 12, 4
1_24_06 9
1_27_16 3
6_28_14 10, 2, 6, 14, 7, 15
7_9_20 13, 5, 9, 1, 14, 6, 10
3_15_14 11, 3, 15
3_22_14 5, 13, 1
2_17_06 4, 12
7_7_18 11, 3, 7, 15, 4, 12, 16
7_6_06 5, 13, 1, 9, 2, 10, 14
4_2_12 7, 15, 3, 11
4_18_20 11, 3, 7, 15
8_29_14 11, 3, 7, 15, 8, 16, 4, 12
4_9_10 8, 16, 4, 12
4_20_08 5, 13, 1, 9
7_9_10 8, 16, 4, 12, 9, 1, 5
4_30_06 7, 15, 3, 11
5_26_22 14, 6, 10, 2, 11
3_4_10 2, 10, 6
7_7_18 11, 3, 7, 15, 4, 12, 16
6_17_04 3, 11, 15, 7, 4, 12
4_31_00 4,12, 16, 8
5_18_18 10, 2, 6, 14, 7
6_17_10 6, 14, 2, 10, 7, 15
4_8_12 8, 16, 4, 12
8_25_00 3, 11, 15, 7, 4, 12, 16, 8
7_19_10 6, 14, 2, 10, 15, 7, 11
8_23_12 8, 16, 4, 12, 9, 1, 5, 13
4_22_06 5, 13, 1, 9
5_12_18 12, 4, 8, 16, 1
3_17_10 6, 14, 2
3_5_04 4, 12, 16
4_10_04 5, 13, 1, 9
1_5_20 12
5_1_12 7, 15, 3, 11, 8
2_30_00 16, 8
6_13_04 6, 14, 2, 10, 3, 11
1_31_10 1
6_20_02 2, 10, 14, 6, 15, 7
5_11_04 5, 13, 1, 9, 14
5_14_22 15, 7, 11, 3, 8
1_26_16 7
6_14_22 15, 7, 11, 3, 8, 16
7_4_06 4, 12, 16, 8, 9, 1, 5
7_10_02 4, 12, 16, 8, 1, 9, 13
1_14_12 6
2_29_10 9, 1
4_26_22 14, 6, 10, 2
4_1_18 10, 2, 6, 14
8_6_18 11, 3, 7, 15, 12, 4, 8, 16
8_7_22 13, 5, 9, 1, 14, 6, 10, 2
6_16_12 10, 2, 6, 14, 3, 11
1_22_04 16
3_27_00 3, 11, 7
1_1_14 8
3_11_10 8, 16, 12
8_31_08 8, 16, 4, 12, 5, 13, 1, 9
4_18_06 4, 12, 16, 8
3_26_10 4, 12, 16
7_23_06 5, 13, 1, 9, 14, 6, 10
1_12_12 13
1_26_08 3
5_12_08 7, 15, 3, 11, 12
8_2_00 1, 9, 13, 5, 2, 10, 14, 6
2_17_08 5, 13
1_5_18 11
5_22_22 13, 5, 9, 1, 10
3_18_06 16, 8, 12
7_13_06 7, 15, 3, 11, 4, 12, 16
1_30_18 9
4_2_18 10, 2, 6, 14
1_15_22 7
4_1_08 5, 13, 1, 9
3_7_04 4, 12, 8
1_11_08 15
4_23_20 12, 4, 8, 16
3_1_06 4, 12, 16
8_22_12 8, 16, 4, 12, 9, 1, 5, 13
3_4_20 7, 15, 11
1_11_18 4
4_24_18 11, 3, 7, 15
7_17_08 5, 13, 1, 9, 6, 14, 2
2_13_10 9, 1
3_21_18 11, 3, 7
4_15_02 5, 13, 1, 9
8_8_20 12, 4, 8, 16, 13, 5, 9, 1
1_7_12 16
2_14_02 1, 9
5_20_18 10, 2, 6, 14, 15
4_30_22 15, 7, 11, 3
3_21_08 6, 14, 2
7_20_10 6, 14, 2, 10, 11, 3, 7
3_28_18 8, 16, 12
2_29_14 11, 3
6_28_20 13, 5, 9, 1, 10, 2
2_6_14 5, 13
5_21_12 8, 16, 4, 12, 9
2_5_18 11, 3
8_26_06 6, 14, 2, 10, 7, 15, 3, 11
2_23_08 6, 14
2_22_12 4, 12
4_4_04 3, 11, 15, 7
5_15_06 7, 15, 3, 11, 12
2_28_12 5, 13
5_9_18 12, 4, 8, 16, 13
1_13_04 6
8_30_14 11, 3, 7, 15, 8, 16, 4, 12
8_8_06 5, 13, 1, 9, 6, 14, 2, 10
5_31_08 8, 16, 4, 12, 13
1_16_16 16
8_30_00 4, 12, 16, 8, 1, 9, 13, 5
3_18_18 6, 14, 2
3_14_22 11, 3, 7
4_15_04 6, 14, 2, 10
6_14_18 13, 5, 9, 1, 6, 14
8_9_08 7, 15, 3, 11, 8, 16, 4, 12
4_30_18 13, 5, 9, 1
5_15_20 14, 6, 10, 2, 3
7_2_20 11, 3, 7, 15, 8, 16, 4
3_22_10 3, 11, 15
8_15_18 13, 5, 9, 1, 10, 2, 6, 14
2_7_10 7, 15
5_14_12 10, 2, 6, 14, 3
6_24_04 4, 12, 16, 8, 1, 9
1_28_10 12
3_11_18 12, 4, 16
5_25_22 14, 6, 10, 2, 15
2_8_02 15, 7
8_11_00 3, 11, 15, 7, 4, 12, 16, 8
3_28_18 8, 16, 12
5_4_20 11, 3, 7, 15, 16
7_19_18 10, 2, 6, 14, 3, 11, 15
1_10_14 6
6_21_22 13, 5, 9, 1, 14, 6
6_3_00 1, 9, 13, 5, 2, 10
5_3_10 6, 14, 2, 10, 15
8_11_22 14, 6, 10, 2, 15, 7, 11, 3
7_13_06 7, 15, 3, 11, 4, 12, 16
1_12_04 9
4_28_16 11, 3, 7, 15
4_30_00 4,12, 16, 8
2_31_02 5, 13
5_9_12 9, 1, 5, 13, 10
4_18_08 5, 13, 1, 9
8_14_14 11, 3, 7, 15, 8, 16, 4, 12
6_22_18 11, 3, 7, 15, 8, 16
5_1_12 7, 15, 3, 11, 8
5_7_06 5, 13, 1, 9, 14
7_31_16 12, 4, 8, 16, 1, 9, 13
7_6_12 8, 16, 4, 12, 5, 13, 1
1_28_14 14
7_28_06 6, 14, 2, 10, 11, 3, 7
4_26_16 11, 3, 7, 15
7_22_20 12, 4, 8, 16, 9, 1, 5
4_29_00 4,12, 16, 8
4_2_22 12, 4, 8, 16
1_7_10 15
3_7_14 9, 1, 13
4_15_06 7, 15, 3, 11
4_4_08 5, 13, 1, 9
8_30_00 4, 12, 16, 8, 1, 9, 13, 5
1_6_16 6
3_10_00 15, 7, 11
5_8_02 3, 11, 15, 7, 8
2_27_10 8, 16
8_14_12 10, 2, 6, 14, 7, 15, 3, 11
8_21_20 12, 4, 8, 16, 13, 5, 9, 1
2_10_14 6, 14
8_5_04 4, 12, 16, 8, 5, 13, 1, 9
3_21_14 9, 1, 5
5_14_20 14, 6, 10, 2, 7
3_11_02 4, 12, 8
3_21_02 3, 11, 15
8_28_18 12, 4, 8, 16, 13, 5, 9, 1
2_2_12 3, 11
5_19_06 4, 12, 16, 8, 13
8_23_06 5, 13, 1, 9, 6, 14, 2, 10
2_6_20 8, 16
7_1_16 9, 1, 5, 13, 10, 2, 6
2_25_22 14, 6
4_27_20 13, 5, 9, 1
2_20_00 13, 5
4_6_14 9, 1, 5, 13
3_24_06 1, 9, 5
1_22_10 3
6_16_00 4, 12, 16, 8, 13, 5
6_11_02 4, 12, 16, 8, 5, 13
6_11_20 13, 5, 9, 1, 14, 6
1_12_04 9
6_26_20 13, 5, 9, 1, 10, 2
6_30_00 4, 12, 16, 8, 13, 5
6_24_18 11, 3, 7, 15, 8, 16
4_29_02 5, 13, 1, 9
7_28_22 14, 6, 10, 2, 3, 11, 15
4_31_20 14, 6, 10, 2
5_12_04 5, 13, 1, 9, 10
6_25_10 8, 16, 4, 12, 9, 1
5_8_10 7, 15, 3, 11, 12
2_13_08 8, 16
7_11_02 4, 12, 16, 8, 13, 5, 9
2_27_10 8, 16
3_3_14 8, 16, 12
2_2_08 1, 9
5_25_12 9, 1, 5, 13, 10
2_27_22 14, 6
7_22_00 2, 10, 14, 6, 15, 7, 11
8_25_18 12, 4, 8, 16, 13, 5, 9, 1
7_5_20 12, 4, 8, 16, 13, 5, 9
1_5_22 13
4_21_12 8, 16, 4, 12
3_4_16 5, 13, 9
1_29_14 11
3_6_02 15, 7, 11
7_7_10 7, 15, 3, 11, 16, 8, 12
6_3_14 8, 16, 4, 12, 9, 1
8_24_02 3, 11, 15, 7, 4, 12, 16, 8
3_2_10 2, 10, 14
6_8_08 6, 14, 2, 10, 3, 11
1_5_10 7
1_9_00 3
4_21_20 12, 4, 8, 16
6_30_18 13, 5, 9, 1, 6, 14
5_16_00 4, 12, 16, 8, 5
5_4_06 4, 12, 16, 8, 9
6_1_20 11, 3, 7, 15, 12, 4
1_7_20 4
1_12_14 14
3_25_10 8, 16, 4
5_20_10 6, 14, 2, 10, 11
6_24_02 3, 11, 15, 7, 16, 8
3_10_14 6, 14, 2
4_22_02 3, 11, 15, 7
2_30_14 7, 15
3_2_20 7, 15, 3
5_2_00 1, 9, 13, 5, 14
7_6_08 6, 14, 2, 10, 3, 11, 15
6_25_14 10, 2, 6, 14, 11, 3
7_28_16 11, 3, 7, 15, 16, 8, 12
6_7_20 12, 4, 8, 16, 13, 5
3_28_02 16, 8, 4
1_17_04 3
7_2_00 1, 9, 13, 5, 14, 6, 10
4_6_06 5, 13, 1, 9
5_17_02 2, 10, 14, 6, 3
8_4_20 11, 3, 7, 15, 12, 4, 8, 16
7_19_14 8, 16, 4, 12, 1, 9, 13
5_4_10 6, 14, 2, 10, 11
2_8_22 9, 1
5_20_02 2, 10, 14, 6, 7
6_28_20 13, 5, 9, 1, 10, 2
3_31_12 10, 2, 14
3_31_12 10, 2, 14
3_1_16 9, 1, 5
6_6_06 5, 13, 1, 9, 2, 10
7_25_16 11, 3, 7, 15, 12, 4, 8
1_31_14 3
3_15_14 11, 3, 15
7_6_00 2, 10, 14, 6, 15, 7, 11
6_4_08 5, 13, 1, 9, 2, 10
8_2_12 7, 15, 3, 11, 8, 16, 4, 12
2_30_20 10, 2
6_12_20 13, 5, 9, 1, 10, 2
2_24_10 3, 11
2_14_10 5, 13
7_28_00 3, 11, 15, 7, 8, 16, 4
8_30_08 8, 16, 4, 12, 5, 13, 1, 9
5_12_04 5, 13, 1, 9, 10
5_18_20 11, 3, 7, 15, 8
4_7_10 7, 15, 3, 11
1_17_14 8
6_1_02 2, 10, 14, 6, 3, 11
8_10_08 7, 15, 3, 11, 8, 16, 4, 12
2_17_02 2, 10
1_8_04 8
8_31_16 12, 4, 8, 16, 9, 1, 5, 13
2_22_04 16, 8
1_18_00 13
7_11_12 9, 1, 5, 13, 2, 10, 14
7_1_00 1, 9, 13, 5, 2, 10, 14
8_27_04 5, 13, 1, 9, 6, 14, 2, 10
5_15_20 14, 6, 10, 2, 3
7_17_04 3, 11, 15, 7, 4, 12, 16
1_11_10 16
2_22_00 14, 6
5_29_20 14, 6, 10, 2, 11
8_23_00 2, 10, 14, 6, 3, 11, 15, 7
6_22_18 11, 3, 7, 15, 8, 16
2_26_20 9, 1
7_15_12 10, 2, 6, 14, 15, 7, 11
3_8_02 15, 7, 3
2_5_12 8, 16
5_28_08 7, 15, 3, 11, 12
5_17_04 3, 11, 15, 7, 4
8_22_12 8, 16, 4, 12, 9, 1, 5, 13
5_19_22 12, 4, 8, 16, 5
1_1_04 3
2_31_18 13, 5
2_11_12 9, 1
5_22_04 4, 12, 16, 8, 1
3_9_08 7, 15, 3
3_25_18 12, 4, 8
5_22_12 8, 16, 4, 12, 5
5_5_12 8, 16, 4, 12, 9
2_7_16 10, 2
1_9_08 7
5_27_06 6, 14, 2, 10, 15
5_11_22 14, 6, 10, 2, 7
7_2_02 2, 10, 14, 6, 15, 7, 11
3_8_12 4, 12, 8
1_1_00 1
8_22_00 2, 10, 14, 6, 3, 11, 15, 7
5_13_16 12, 4, 8, 16, 9
6_31_20 14, 6, 10, 2, 11, 3
4_6_06 5, 13, 1, 9
8_13_22 15, 7, 11, 3, 12, 4, 8, 16
6_1_18 10, 2, 6, 14, 11, 3
1_3_02 10
3_14_22 11, 3, 7
3_2_04 15, 7, 11
7_6_02 3, 11, 15, 7, 16, 8, 12
8_22_06 5, 13, 1, 9, 6, 14, 2, 10
5_26_06 6, 14, 2, 10, 3
4_12_04 5, 13, 1, 9
4_6_14 9, 1, 5, 13
6_6_22 13, 5, 9, 1, 10, 2
8_20_00 1, 9, 13, 5, 2, 10, 14, 6
1_15_16 4
5_3_22 12, 4, 8, 16, 5
3_21_22 13, 5, 9
2_25_22 14, 6
5_20_02 2, 10, 14, 6, 7
6_22_14 9, 1, 5, 13, 6, 14
3_18_18 6, 14, 2
3_29_22 15, 7, 11
7_30_02 5, 13, 1, 9, 14, 6, 10
6_26_18 12, 4, 8, 16, 9, 1
6_31_16 12, 4, 8, 16, 9, 1
6_10_06 6, 14, 2, 10, 3, 11
7_12_22 14, 6, 10, 2, 3, 11, 15
5_2_02 2, 10, 14, 6, 15
1_4_10 10
4_3_08 5, 13, 1, 9
6_7_00 2, 10, 14, 6, 3, 11
2_30_14 7, 15
1_24_22 1
3_6_22 9, 1, 5
4_6_00 2, 10, 14, 6
3_12_18 8, 16, 12
3_15_08 8, 16, 12
5_5_00 2, 10, 14, 6, 3
3_29_12 10, 2, 6
1_15_10 1
8_6_20 12, 4, 8, 16, 13, 5, 9, 1
3_27_00 3, 11, 7
2_17_06 4, 12
8_20_20 11, 3, 7, 15, 12, 4, 8, 16
7_15_18 13, 5, 9, 1, 2, 10, 14
3_21_22 13, 5, 9
3_29_08 8, 16, 4
8_31_16 12, 4, 8, 16, 9, 1, 5, 13
1_8_18 15
6_14_08 8, 16, 4, 12, 1, 9
8_19_12 7, 15, 3, 11, 8, 16, 4, 12
5_13_22 15, 7, 11, 3, 12
8_13_18 13, 5, 9, 1, 10, 2, 6, 14
3_11_10 8, 16, 12
3_20_16 5, 13, 9
5_10_10 8, 16, 4, 12, 5
3_26_16 7, 15, 3
1_16_08 12
3_13_00 4,12, 16
6_27_22 14, 6, 10, 2, 15, 7
8_25_02 4, 12, 16, 8, 5, 13, 1, 9
8_9_02 4, 12, 16, 8, 5, 13, 1, 9
7_26_10 8, 16, 4, 12, 5, 13, 1
5_13_02 5, 13, 1, 9, 2
5_25_14 10, 2, 6, 14, 11
1_11_18 4
5_8_08 6, 14, 2, 10, 11
7_22_12 8, 16, 4, 12, 5, 13, 1
1_17_20 11
5_28_20 13, 5, 9, 1, 2
8_17_18 10, 2, 6, 14, 11, 3, 7, 15
1_23_02 11
3_1_14 8, 16, 4
6_30_08 8, 16, 4, 12, 1, 9
2_9_22 14, 6
6_25_08 7, 15, 3, 11, 8, 16
3_11_02 4, 12, 8
6_13_22 15, 7, 11, 3, 12, 4
7_26_10 8, 16, 4, 12, 5, 13, 1
1_6_12 4
8_8_20 12, 4, 8, 16, 13, 5, 9, 1
4_26_04 5, 13, 1, 9
4_9_22 14, 6, 10, 2
3_8_16 6, 14, 10
1_5_06 5
6_17_02 2, 10, 14, 6, 3, 11
1_26_00 15
6_31_20 14, 6, 10, 2, 11, 3
1_4_00 5
2_13_06 7, 15
1_27_00 11
6_31_18 13, 5, 9, 1, 10, 2
8_7_08 6, 14, 2, 10, 7, 15, 3, 11
8_28_10 8, 16, 4, 12, 9, 1, 5, 13
6_5_22 13, 5, 9, 1, 14, 6
8_22_12 8, 16, 4, 12, 9, 1, 5, 13
5_21_04 4, 12, 16, 8, 5
7_20_20 11, 3, 7, 15, 16, 8, 12
5_26_10 8, 16, 4, 12, 5
8_21_12 8, 16, 4, 12, 9, 1, 5, 13
5_20_00 1, 9, 13, 5, 6
2_18_00 13, 5
8_4_22 12, 4, 8, 16, 13, 5, 9, 1
1_28_06 10
3_17_08 5, 13, 1
6_29_18 13, 5, 9, 1, 10, 2
6_11_16 11, 3, 7, 15, 12, 4
2_3_06 4, 12
2_21_00 2, 10
1_6_02 15
8_3_06 4, 12, 16, 8, 5, 13, 1, 9
1_18_10 2
3_11_04 5, 13, 9
8_23_22 13, 5, 9, 1, 14, 6, 10, 2
8_15_18 13, 5, 9, 1, 10, 2, 6, 14
2_27_14 10, 2
7_2_18 10, 2, 6, 14, 7, 15, 3
6_31_18 13, 5, 9, 1, 10, 2
6_18_00 1, 9, 13, 5, 14, 6
5_11_16 11, 3, 7, 15, 4
2_22_08 2, 10
1_14_00 16
8_12_00 3, 11, 15, 7, 4, 12, 16, 8
1_21_14 9
1_22_02 15
1_3_00 9
2_30_08 4, 12
5_9_10 8, 16, 4, 12, 9
5_15_22 15, 7, 11, 3, 4
7_31_12 10, 2, 6, 14, 15, 7, 11
6_18_00 1, 9, 13, 5, 14, 6
3_19_20 11, 3, 15
5_6_20 12, 4, 8, 16, 9
8_12_12 9, 1, 5, 13, 10, 2, 6, 14
3_13_08 8, 16, 4
4_22_14 9, 1, 5, 13
8_15_10 9, 1, 5, 13, 6, 14, 2, 10
2_14_04 2, 10
5_29_00 4, 12, 16, 8, 1
8_30_06 7, 15, 3, 11, 4, 12, 16, 8
4_11_12 9, 1, 5, 13
5_7_12 8, 16, 4, 12, 1
7_22_18 11, 3, 7, 15, 8, 16, 4
2_29_04 6, 14
5_24_22 13, 5, 9, 1, 2
6_25_20 13, 5, 9, 1, 14, 6
2_21_22 13, 5
8_25_20 13, 5, 9, 1, 14, 6, 10, 2
4_27_16 11, 3, 7, 15
3_29_08 8, 16, 4
2_30_00 16, 8
5_20_08 5, 13, 1, 9, 10
5_5_18 11, 3, 7, 15, 12
2_25_20 13, 5
6_4_04 3, 11, 15, 7, 16, 8
4_28_06 6, 14, 2, 10
8_11_10 8, 16, 4, 12, 9, 1, 5, 13
2_24_16 6, 14
6_1_20 11, 3, 7, 15, 12, 4
3_14_06 3, 11, 15
5_31_04 6, 14, 2, 10, 11
7_4_22 12, 4, 8, 16, 1, 9, 13
3_1_18 10, 2, 6
1_5_00 2
6_23_04 4, 12, 16, 8, 5, 13
5_1_12 7, 15, 3, 11, 8
2_4_00 13, 5
7_15_12 10, 2, 6, 14, 15, 7, 11
2_28_12 5, 13
7_12_08 7, 15, 3, 11, 12, 4, 8
4_7_08 6, 14, 2, 10
2_27_20 13, 5
4_11_16 11, 3, 7, 15
7_23_16 10, 2, 6, 14, 3, 11, 15
4_18_12 7, 15, 3, 11
2_30_12 6, 14
6_21_12 8, 16, 4, 12, 9, 1
5_26_20 13, 5, 9, 1, 10
6_18_20 11, 3, 7, 15, 8, 16
7_22_08 6, 14, 2, 10, 3, 11, 15
5_15_00 4, 12, 16, 8, 9
7_8_08 6, 14, 2, 10, 11, 3, 7
8_24_08 6, 14, 2, 10, 7, 15, 3, 11
3_24_12 4, 12, 8
7_3_20 11, 3, 7, 15, 4, 12, 16
1_20_10 10
6_24_20 12, 4, 8, 16, 9, 1
7_18_10 6, 14, 2, 10, 3, 11, 15
4_25_02 4, 12, 16, 8
6_28_00 3, 11, 15, 7, 16, 8
3_17_22 12, 4, 8
5_28_14 10, 2, 6, 14, 15
7_27_22 14, 6, 10, 2, 7, 15, 3
4_1_04 3, 11, 15, 7
2_15_12 10, 2
2_9_06 6, 14
1_30_16 8
1_25_00 3
2_6_16 6, 14
6_21_10 7, 15, 3, 11, 8, 16
6_25_12 9, 1, 5, 13, 10, 2
4_4_02 2, 10, 14, 6
2_12_14 6, 14
8_22_18 11, 3, 7, 15, 12, 4, 8, 16
2_31_12 10, 2
2_10_02 16, 8
3_3_04 3, 11, 7
2_2_02 14, 6
3_20_22 8, 16, 12
6_28_08 7, 15, 3, 11, 4, 12
5_20_16 9, 1, 5, 13, 14
4_15_22 15, 7, 11, 3
5_21_04 4, 12, 16, 8, 5
8_21_12 8, 16, 4, 12, 9, 1, 5, 13
6_13_14 11, 3, 7, 15, 8, 16
2_8_20 8, 16
3_27_14 10, 2, 14
2_9_00 3, 11
5_4_12 7, 15, 3, 11, 12
7_15_20 14, 6, 10, 2, 3, 11, 15
8_14_02 5, 13, 1, 9, 2, 10, 14, 6
7_23_10 7, 15, 3, 11, 16, 8, 12
5_26_06 6, 14, 2, 10, 3
6_28_10 8, 16, 4, 12, 5, 13
2_13_22 15, 7
2_20_02 14, 6
7_19_00 1, 9, 13, 5, 10, 2, 6
7_24_12 8, 16, 4, 12, 13, 5, 9
7_4_10 6, 14, 2, 10, 11, 3, 7
2_31_04 6, 14
2_26_22 10, 2
1_20_10 10
4_8_20 12, 4, 8, 16
4_21_18 11, 3, 7, 15
8_21_14 9, 1, 5, 13, 10, 2, 6, 14
5_16_10 9, 1, 5, 13, 10
8_13_02 5, 13, 1, 9, 2, 10, 14, 6
6_20_06 4, 12, 16, 8, 1, 9
7_29_10 9, 1, 5, 13, 6, 14, 2
5_13_22 15, 7, 11, 3, 12
1_2_20 7
8_6_18 11, 3, 7, 15, 12, 4, 8, 16
2_2_02 14, 6
2_31_12 10, 2
6_19_22 12, 4, 8, 16, 13, 5
2_22_10 3, 11
4_31_22 15, 7, 11, 3
1_20_20 15
3_26_22 10, 2, 6
1_14_20 10
5_17_04 3, 11, 15, 7, 4
3_1_08 5, 13, 1
4_17_08 5, 13, 1, 9
2_23_12 8, 16
4_15_12 10, 2, 6, 14
4_25_12 9, 1, 5, 13
1_5_10 7
4_21_10 7, 15, 3, 11
2_8_18 7, 15
1_11_18 4
5_13_20 14, 6, 10, 2, 11
3_24_10 3, 11, 7
6_30_16 12, 4, 8, 16, 5, 13
5_14_02 5, 13, 1, 9, 14
7_17_18 10, 2, 6, 14, 11, 3, 7
7_11_06 6, 14, 2, 10, 15, 7, 11
4_26_22 14, 6, 10, 2
3_9_16 11, 3, 7
2_22_20 8, 16
5_27_16 11, 3, 7, 15, 4
7_4_20 11, 3, 7, 15, 16, 8, 12
7_22_04 4, 12, 16, 8, 1, 9, 13
8_4_20 11, 3, 7, 15, 12, 4, 8, 16
4_4_18 10, 2, 6, 14
1_23_08 14
3_7_18 11, 3, 15
8_12_00 3, 11, 15, 7, 4, 12, 16, 8
7_17_12 7, 15, 3, 11, 8, 16, 4
4_24_22 13, 5, 9, 1
8_9_14 10, 2, 6, 14, 11, 3, 7, 15
6_29_04 6, 14, 2, 10, 3, 11
1_7_16 2
2_22_12 4, 12
7_10_20 13, 5, 9, 1, 10, 2, 6
4_21_16 10, 2, 6, 14
8_3_02 2, 10, 14, 6, 3, 11, 15, 7
7_17_16 9, 1, 5, 13, 10, 2, 6
8_13_00 4, 12, 16, 8, 1, 9, 13, 5
8_16_16 12, 4, 8, 16, 9, 1, 5, 13
1_28_12 13
6_15_08 8, 16, 4, 12, 5, 13
3_12_22 10, 2, 14
7_9_10 8, 16, 4, 12, 9, 1, 5
4_29_20 14, 6, 10, 2
2_12_10 4, 12
6_15_02 5, 13, 1, 9, 2, 10
4_26_04 5, 13, 1, 9
7_12_22 14, 6, 10, 2, 3, 11, 15
8_17_00 1, 9, 13, 5, 2, 10, 14, 6
2_11_20 13, 5
7_5_16 10, 2, 6, 14, 11, 3, 7
8_14_02 5, 13, 1, 9, 2, 10, 14, 6
5_1_22 12, 4, 8, 16, 13
3_15_06 7, 15, 11
3_20_02 14, 6, 2
4_11_12 9, 1, 5, 13
7_11_00 3, 11, 15, 7, 12, 4, 8
1_17_02 2
2_4_10 2, 10
8_26_04 5, 13, 1, 9, 6, 14, 2, 10
1_16_12 14
8_30_10 9, 1, 5, 13, 6, 14, 2, 10
6_29_00 4, 12, 16, 8, 1, 9
2_2_12 3, 11
7_28_00 3, 11, 15, 7, 8, 16, 4
5_1_06 4, 12, 16, 8, 5
7_15_12 10, 2, 6, 14, 15, 7, 11
6_19_04 3, 11, 15, 7, 4, 12
6_27_18 12, 4, 8, 16, 13, 5
7_18_06 4, 12, 16, 8, 1, 9, 13
4_15_10 9, 1, 5, 13
8_9_12 9, 1, 5, 13, 10, 2, 6, 14
2_21_18 11, 3
4_26_12 9, 1, 5, 13
6_22_06 5, 13, 1, 9, 2, 10
6_29_04 6, 14, 2, 10, 3, 11
1_21_06 5
4_16_18 13, 5, 9, 1
1_16_00 8
2_5_06 5, 13
2_17_06 4, 12
4_21_00 2, 10, 14, 6
7_1_10 6, 14, 2, 10, 7, 15, 3
7_17_22 12, 4, 8, 16, 13, 5, 9
2_3_08 5, 13
5_31_04 6, 14, 2, 10, 11
7_23_06 5, 13, 1, 9, 14, 6, 10
7_17_18 10, 2, 6, 14, 11, 3, 7
2_15_02 5, 13
1_25_14 10
3_22_22 9, 1, 5
5_9_14 10, 2, 6, 14, 11
8_23_02 3, 11, 15, 7, 4, 12, 16, 8
2_17_20 11, 3
7_4_02 2, 10, 14, 6, 7, 15, 3
4_17_12 7, 15, 3, 11
8_24_06 5, 13, 1, 9, 6, 14, 2, 10
6_3_10 6, 14, 2, 10, 7, 15
3_19_16 9, 1, 13
4_5_14 9, 1, 5, 13
5_6_04 4, 12, 16, 8, 1
3_5_00 2, 10, 14
2_27_14 10, 2
7_23_22 13, 5, 9, 1, 6, 14, 2
5_15_04 6, 14, 2, 10, 11
4_21_00 2, 10, 14, 6
5_21_06 5, 13, 1, 9, 6
3_5_04 4, 12, 16
7_9_00 3, 11, 15, 7, 4, 12, 16
5_1_22 12, 4, 8, 16, 13
2_31_22 15, 7
2_8_14 5, 13
1_15_12 2
3_12_06 2, 10, 6
1_16_10 13
3_20_16 5, 13, 9
1_12_22 2
1_1_20 11
2_6_06 1, 9
6_22_18 11, 3, 7, 15, 8, 16
8_24_04 4, 12, 16, 8, 5, 13, 1, 9
4_21_14 9, 1, 5, 13
4_20_04 3, 11, 15, 7
3_14_00 16, 8, 12
8_16_04 6, 14, 2, 10, 3, 11, 15, 7
5_16_06 7, 15, 3, 11, 8
2_10_12 5, 13
7_26_12 9, 1, 5, 13, 6, 14, 2
4_23_02 3, 11, 15, 7
8_18_08 5, 13, 1, 9, 6, 14, 2, 10
7_15_04 6, 14, 2, 10, 11, 3, 7
8_1_08 5, 13, 1, 9, 6, 14, 2, 10
8_21_10 7, 15, 3, 11, 8, 16, 4, 12
3_3_10 6, 14, 10
1_19_00 9
2_25_06 6, 14
5_13_22 15, 7, 11, 3, 12
6_6_12 8, 16, 4, 12, 5, 13
3_27_02 4, 12, 8
7_12_22 14, 6, 10, 2, 3, 11, 15
3_21_18 11, 3, 7
3_24_02 15, 7, 3
6_13_00 4, 12, 16, 8, 1, 9
6_16_14 11, 3, 7, 15, 4, 12
7_11_16 11, 3, 7, 15, 4, 12, 16
8_1_00 1, 9, 13, 5, 2, 10, 14, 6
8_27_04 5, 13, 1, 9, 6, 14, 2, 10
7_6_02 3, 11, 15, 7, 16, 8, 12
7_31_16 12, 4, 8, 16, 1, 9, 13
1_15_02 13
3_26_12 5, 13, 1
7_7_04 4, 12, 16, 8, 13, 5, 9
8_25_20 13, 5, 9, 1, 14, 6, 10, 2
2_18_20 7, 15
8_9_06 6, 14, 2, 10, 7, 15, 3, 11
8_20_08 5, 13, 1, 9, 6, 14, 2, 10
1_20_14 12
1_13_14 11
1_24_06 9
1_5_10 7
8_4_14 8, 16, 4, 12, 9, 1, 5, 13
7_17_10 6, 14, 2, 10, 7, 15, 3
6_1_14 8, 16, 4, 12, 9, 1
5_18_08 5, 13, 1, 9, 2
1_20_14 12
1_9_08 7
2_10_00 15, 7
7_6_00 2, 10, 14, 6, 15, 7, 11
3_11_14 10, 2, 14
6_13_04 6, 14, 2, 10, 3, 11
4_19_00 1, 9, 13, 5
5_6_16 10, 2, 6, 14, 7
6_4_06 4, 12, 16, 8, 1, 9
2_3_12 7, 15
6_17_16 9, 1, 5, 13, 10, 2
7_13_12 10, 2, 6, 14, 7, 15, 3
4_22_12 8, 16, 4, 12
2_23_22 13, 5
3_2_22 8, 16, 4
4_4_18 10, 2, 6, 14
7_6_22 13, 5, 9, 1, 10, 2, 6
3_7_14 9, 1, 13
4_10_06 6, 14, 2, 10
4_26_00 3, 11, 15, 7
3_31_22 15, 7, 3
7_30_08 8, 16, 4, 12, 1, 9, 13
8_1_16 9, 1, 5, 13, 10, 2, 6, 14
6_1_06 4, 12, 16, 8, 5, 13
8_29_22 15, 7, 11, 3, 12, 4, 8, 16
8_27_18 12, 4, 8, 16, 13, 5, 9, 1
7_25_08 7, 15, 3, 11, 8, 16, 4
8_30_18 13, 5, 9, 1, 10, 2, 6, 14
8_28_20 13, 5, 9, 1, 14, 6, 10, 2
8_26_04 5, 13, 1, 9, 6, 14, 2, 10
3_16_04 2, 10, 6
1_10_12 5
5_21_16 10, 2, 6, 14, 11
7_29_00 4, 12, 16, 8, 1, 9, 13
6_15_00 4, 12, 16, 8, 1, 9
7_21_14 9, 1, 5, 13, 10, 2, 6
7_7_12 8, 16, 4, 12, 1, 9, 13
4_25_22 14, 6, 10, 2
1_2_18 6
4_12_22 14, 6, 10, 2
7_5_06 5, 13, 1, 9, 6, 14, 2
6_5_04 4, 12, 16, 8, 5, 13
1_16_10 13
8_10_22 14, 6, 10, 2, 15, 7, 11, 3
2_5_14 9, 1
1_30_08 4
3_13_12 10, 2, 6
3_16_06 3, 11, 7
7_23_08 6, 14, 2, 10, 15, 7, 11
7_28_16 11, 3, 7, 15, 16, 8, 12
5_23_18 11, 3, 7, 15, 4
4_21_18 11, 3, 7, 15
8_23_04 4, 12, 16, 8, 5, 13, 1, 9
6_29_20 14, 6, 10, 2, 11, 3
1_17_04 3
8_22_18 11, 3, 7, 15, 12, 4, 8, 16
4_8_20 12, 4, 8, 16
2_24_20 8, 16
5_24_06 5, 13, 1, 9, 10
5_22_12 8, 16, 4, 12, 5
7_18_20 11, 3, 7, 15, 8, 16, 4
4_11_16 11, 3, 7, 15
4_9_10 8, 16, 4, 12
8_19_18 10, 2, 6, 14, 11, 3, 7, 15
5_31_12 10, 2, 6, 14, 15
4_2_12 7, 15, 3, 11
2_13_12 10, 2
6_1_14 8, 16, 4, 12, 9, 1
3_30_14 7, 15, 3
7_22_20 12, 4, 8, 16, 9, 1, 5
6_24_22 13, 5, 9, 1, 10, 2
3_23_14 9, 1, 13
2_18_12 3, 11
6_17_16 9, 1, 5, 13, 10, 2
8_25_02 4, 12, 16, 8, 5, 13, 1, 9
2_19_14 8, 16
7_4_02 2, 10, 14, 6, 7, 15, 3
2_13_10 9, 1
1_7_00 10
6_6_06 5, 13, 1, 9, 2, 10
6_11_18 12, 4, 8, 16, 13, 5
4_3_02 2, 10, 14, 6
3_9_12 9, 1, 5
7_27_16 11, 3, 7, 15, 4, 12, 16
3_2_18 6, 14, 2
8_8_22 13, 5, 9, 1, 14, 6, 10, 2
3_2_22 8, 16, 4
5_18_20 11, 3, 7, 15, 8
5_4_18 10, 2, 6, 14, 15
5_29_18 13, 5, 9, 1, 10
7_22_16 10, 2, 6, 14, 7, 15, 3
2_6_08 2, 10
1_21_02 3
1_29_16 12
3_14_06 3, 11, 15
5_29_04 6, 14, 2, 10, 3
4_14_16 12, 4, 8, 16
1_23_02 11
8_13_18 13, 5, 9, 1, 10, 2, 6, 14
4_16_20 14, 6, 10, 2
6_23_14 9, 1, 5, 13, 10, 2
3_10_10 4, 12, 16
5_16_10 9, 1, 5, 13, 10
3_4_20 7, 15, 11
3_22_06 1, 9, 13
7_9_06 6, 14, 2, 10, 7, 15, 3
1_27_20 5
8_28_14 10, 2, 6, 14, 11, 3, 7, 15
4_19_12 7, 15, 3, 11
3_3_22 12, 4, 16
3_16_18 9, 1, 13
8_20_04 3, 11, 15, 7, 4, 12, 16, 8
2_20_16 5, 13
1_13_08 8
7_18_00 1, 9, 13, 5, 14, 6, 10
3_24_02 15, 7, 3
8_31_02 5, 13, 1, 9, 2, 10, 14, 6
1_8_18 15
1_23_00 10
7_26_04 5, 13, 1, 9, 2, 10, 14
6_11_12 9, 1, 5, 13, 10, 2
7_22_20 12, 4, 8, 16, 9, 1, 5
1_14_14 7
8_20_10 6, 14, 2, 10, 7, 15, 3, 11
8_14_22 15, 7, 11, 3, 12, 4, 8, 16
1_25_16 11
7_31_04 6, 14, 2, 10, 11, 3, 7
3_21_22 13, 5, 9
7_20_10 6, 14, 2, 10, 11, 3, 7
8_11_16 11, 3, 7, 15, 12, 4, 8, 16
7_26_12 9, 1, 5, 13, 6, 14, 2
2_18_22 8, 16
4_7_06 5, 13, 1, 9
3_24_02 15, 7, 3
5_25_20 13, 5, 9, 1, 14
3_26_18 8, 16, 4
4_10_14 10, 2, 6, 14
6_5_22 13, 5, 9, 1, 14, 6
5_7_12 8, 16, 4, 12, 1
1_9_12 9
7_9_04 5, 13, 1, 9, 6, 14, 2
5_8_16 10, 2, 6, 14, 15
6_4_10 6, 14, 2, 10, 3, 11
1_13_22 15
3_28_06 2, 10, 6
3_4_20 7, 15, 11
4_2_06 4, 12, 16, 8
5_1_10 6, 14, 2, 10, 7
4_14_04 6, 14, 2, 10
3_20_10 2, 10, 6
2_22_00 14, 6
1_9_04 5
6_27_12 9, 1, 5, 13, 10, 2
6_4_06 4, 12, 16, 8, 1, 9
5_28_00 3, 11, 15, 7, 8
5_25_16 11, 3, 7, 15, 12
2_27_18 12, 4
8_23_12 8, 16, 4, 12, 9, 1, 5, 13
2_7_20 12, 4
8_15_12 10, 2, 6, 14, 7, 15, 3, 11
2_3_14 8, 16
6_26_00 3, 11, 15, 7, 16, 8
7_7_04 4, 12, 16, 8, 13, 5, 9
4_19_08 5, 13, 1, 9
5_29_08 8, 16, 4, 12, 5
2_14_22 11, 3
1_6_06 1
4_28_08 7, 15, 3, 11
5_20_12 7, 15, 3, 11, 12
2_30_14 7, 15
6_23_22 13, 5, 9, 1, 14, 6
3_19_02 2, 10, 6
8_21_18 11, 3, 7, 15, 12, 4, 8, 16
7_20_12 7, 15, 3, 11, 12, 4, 8
3_1_02 2, 10, 14
2_7_10 7, 15
8_25_12 9, 1, 5, 13, 10, 2, 6, 14
4_10_02 4, 12, 16, 8
2_19_02 2, 10
6_20_14 8, 16, 4, 12, 5, 13
5_19_00 1, 9, 13, 5, 10
5_21_14 9, 1, 5, 13, 10
3_13_02 5, 13, 1
3_29_08 8, 16, 4
1_3_18 2
3_14_14 7, 15, 3
8_31_12 10, 2, 6, 14, 7, 15, 3, 11
3_17_18 10, 2, 6
6_13_10 9, 1, 5, 13, 6, 14
4_1_16 9, 1, 5, 13
5_24_12 8, 16, 4, 12, 13
6_13_20 14, 6, 10, 2, 11, 3
8_9_08 7, 15, 3, 11, 8, 16, 4, 12
7_23_14 9, 1, 5, 13, 2, 10, 14
6_16_00 4, 12, 16, 8, 13, 5
3_11_06 6, 14, 10
6_14_08 8, 16, 4, 12, 1, 9
7_3_16 9, 1, 5, 13, 2, 10, 14
5_17_22 12, 4, 8, 16, 13
6_31_00 4, 12, 16, 8, 1, 9
2_17_18 10, 2
4_15_16 12, 4, 8, 16
4_17_20 11, 3, 7, 15
2_25_04 5, 13
5_2_04 3, 11, 15, 7, 16
7_30_12 10, 2, 6, 14, 3, 11, 15
3_5_16 10, 2, 6
2_4_10 2, 10
6_6_22 13, 5, 9, 1, 10, 2
4_29_20 14, 6, 10, 2
7_11_14 10, 2, 6, 14, 3, 11, 15
2_3_08 5, 13
5_15_08 8, 16, 4, 12, 13
8_1_12 7, 15, 3, 11, 8, 16, 4, 12
8_12_20 13, 5, 9, 1, 14, 6, 10, 2
6_20_12 7, 15, 3, 11, 4, 12
4_1_22 12, 4, 8, 16
4_9_02 4, 12, 16, 8
2_25_08 7, 15
4_27_22 14, 6, 10, 2
7_15_20 14, 6, 10, 2, 3, 11, 15
8_7_20 12, 4, 8, 16, 13, 5, 9, 1
7_30_06 7, 15, 3, 11, 16, 8, 12
5_11_16 11, 3, 7, 15, 4
1_11_14 2
7_23_12 8, 16, 4, 12, 1, 9, 13
6_9_18 12, 4, 8, 16, 13, 5
6_17_14 8, 16, 4, 12, 9, 1
8_7_10 7, 15, 3, 11, 8, 16, 4, 12
2_7_04 4, 12
7_7_02 3, 11, 15, 7, 12, 4, 8
4_28_10 8, 16, 4, 12
8_28_08 7, 15, 3, 11, 8, 16, 4, 12
3_23_22 13, 5, 1
6_21_16 10, 2, 6, 14, 11, 3
6_27_04 5, 13, 1, 9, 6, 14
1_20_02 6
7_21_02 3, 11, 15, 7, 4, 12, 16
6_6_22 13, 5, 9, 1, 10, 2
1_26_00 15
8_1_06 4, 12, 16, 8, 5, 13, 1, 9
7_5_08 6, 14, 2, 10, 7, 15, 3
3_31_22 15, 7, 3
3_23_06 5, 13, 9
6_7_18 11, 3, 7, 15, 12, 4
8_27_10 8, 16, 4, 12, 9, 1, 5, 13
3_25_14 10, 2, 6
4_9_12 9, 1, 5, 13
6_15_06 7, 15, 3, 11, 4, 12
7_28_20 13, 5, 9, 1, 2, 10, 14
4_19_14 8, 16, 4, 12
1_25_12 9
5_6_14 9, 1, 5, 13, 6
7_12_20 13, 5, 9, 1, 2, 10, 14
4_9_00 3, 11, 15, 7
5_16_14 11, 3, 7, 15, 12
5_19_04 3, 11, 15, 7, 12
3_8_14 5, 13, 9
4_18_02 2, 10, 14, 6
3_17_14 8, 16, 4
3_23_20 12, 4, 16
8_30_16 12, 4, 8, 16, 9, 1, 5, 13
5_14_20 14, 6, 10, 2, 7
6_5_10 7, 15, 3, 11, 8, 16
5_17_08 5, 13, 1, 9, 6
2_13_18 13, 5
8_21_04 4, 12, 16, 8, 5, 13, 1, 9
8_6_02 3, 11, 15, 7, 4, 12, 16, 8
5_10_10 8, 16, 4, 12, 5
1_21_20 12
2_27_20 13, 5
2_29_10 9, 1
1_9_16 11
4_26_02 4, 12, 16, 8
5_9_02 4, 12, 16, 8, 5
2_10_22 10, 2
2_5_12 8, 16
8_7_20 12, 4, 8, 16, 13, 5, 9, 1
5_16_16 12, 4, 8, 16, 13
7_1_16 9, 1, 5, 13, 10, 2, 6
5_11_22 14, 6, 10, 2, 7
2_12_20 9, 1
1_23_18 3
7_30_08 8, 16, 4, 12, 1, 9, 13
6_5_02 3, 11, 15, 7, 4, 12
2_14_14 7, 15
8_5_12 8, 16, 4, 12, 9, 1, 5, 13
6_16_06 7, 15, 3, 11, 16, 8
6_22_04 4, 12, 16, 8, 1, 9
7_10_08 7, 15, 3, 11, 4, 12, 16
7_12_00 3, 11, 15, 7, 8, 16, 4
3_17_22 12, 4, 8
5_4_04 3, 11, 15, 7, 8
4_8_00 2, 10, 14, 6
7_30_18 13, 5, 9, 1, 6, 14, 2
1_20_06 8
4_13_20 14, 6, 10, 2
4_12_02 4, 12, 16, 8
8_30_22 15, 7, 11, 3, 12, 4, 8, 16
6_4_22 12, 4, 8, 16, 9, 1
2_12_14 6, 14
3_4_14 4, 12, 8
7_3_08 5, 13, 1, 9, 14, 6, 10
1_7_22 5
7_11_06 6, 14, 2, 10, 15, 7, 11
2_10_16 7, 15
6_14_06 7, 15, 3, 11, 16, 8
4_10_12 9, 1, 5, 13
7_1_14 8, 16, 4, 12, 9, 1, 5
1_31_10 1
4_18_12 7, 15, 3, 11
7_19_08 5, 13, 1, 9, 14, 6, 10
5_29_16 12, 4, 8, 16, 9
4_1_12 7, 15, 3, 11
3_11_06 6, 14, 10
1_31_08 16
7_30_00 4, 12, 16, 8, 13, 5, 9
6_15_22 15, 7, 11, 3, 12, 4
3_11_02 4, 12, 8
7_19_00 1, 9, 13, 5, 10, 2, 6
7_19_10 6, 14, 2, 10, 15, 7, 11
7_4_06 4, 12, 16, 8, 9, 1, 5
3_12_02 16, 8, 4
1_13_18 13
7_11_00 3, 11, 15, 7, 12, 4, 8
8_19_14 8, 16, 4, 12, 9, 1, 5, 13
4_21_14 9, 1, 5, 13
6_15_02 5, 13, 1, 9, 2, 10
6_31_16 12, 4, 8, 16, 9, 1
5_23_12 8, 16, 4, 12, 1
8_4_00 1, 9, 13, 5, 2, 10, 14, 6
8_14_00 4, 12, 16, 8, 1, 9, 13, 5
1_28_14 14
3_15_02 5, 13, 9
8_23_14 9, 1, 5, 13, 10, 2, 6, 14
7_5_04 4, 12, 16, 8, 5, 13, 1
2_26_06 2, 10
6_18_10 6, 14, 2, 10, 3, 11
1_10_12 5
3_2_02 14, 6, 10
3_6_10 3, 11, 15
8_8_16 10, 2, 6, 14, 11, 3, 7, 15
4_18_00 1, 9, 13, 5
3_1_08 5, 13, 1
2_26_10 4, 12
6_13_06 7, 15, 3, 11, 4, 12
4_29_02 5, 13, 1, 9
3_12_12 5, 13, 9
8_6_04 4, 12, 16, 8, 5, 13, 1, 9
7_1_14 8, 16, 4, 12, 9, 1, 5
3_21_08 6, 14, 2
1_29_10 9
3_6_16 6, 14, 2
3_11_04 5, 13, 9
4_22_14 9, 1, 5, 13
4_14_08 8, 16, 4, 12
2_28_04 1, 9
4_21_08 6, 14, 2, 10
3_30_20 10, 2, 6
2_20_12 3, 11
3_9_10 8, 16, 4
4_2_00 1, 9, 13, 5
5_2_10 6, 14, 2, 10, 3
1_17_06 4
1_20_04 7
4_29_06 7, 15, 3, 11
7_19_04 3, 11, 15, 7, 12, 4, 8
8_1_14 8, 16, 4, 12, 9, 1, 5, 13
5_10_04 5, 13, 1, 9, 2
5_16_04 6, 14, 2, 10, 7
2_26_20 9, 1
5_15_00 4, 12, 16, 8, 9
1_11_04 13
5_7_12 8, 16, 4, 12, 1
8_13_18 13, 5, 9, 1, 10, 2, 6, 14
1_1_14 8
4_9_12 9, 1, 5, 13
3_16_08 4, 12, 8
2_12_02 16, 8
2_14_22 11, 3
6_31_02 5, 13, 1, 9, 2, 10
8_8_12 8, 16, 4, 12, 9, 1, 5, 13
5_25_04 5, 13, 1, 9, 6
8_26_00 3, 11, 15, 7, 4, 12, 16, 8
1_30_12 6
4_23_16 10, 2, 6, 14
6_26_22 14, 6, 10, 2, 11, 3
2_2_18 6, 14
5_6_00 2, 10, 14, 6, 15
1_10_04 1
4_5_18 11, 3, 7, 15
2_3_06 4, 12
6_9_16 11, 3, 7, 15, 12, 4
5_13_14 11, 3, 7, 15, 8
8_1_22 12, 4, 8, 16, 13, 5, 9, 1
5_22_16 10, 2, 6, 14, 7
2_22_04 16, 8
6_23_08 6, 14, 2, 10, 7, 15
8_31_06 7, 15, 3, 11, 4, 12, 16, 8
3_5_12 8, 16, 4
7_17_02 2, 10, 14, 6, 3, 11, 15
8_6_00 2, 10, 14, 6, 3, 11, 15, 7
2_24_02 15, 7
6_13_16 12, 4, 8, 16, 9, 1
5_5_12 8, 16, 4, 12, 9
3_3_22 12, 4, 16
7_6_02 3, 11, 15, 7, 16, 8, 12
7_23_06 5, 13, 1, 9, 14, 6, 10
6_3_12 7, 15, 3, 11, 8, 16
3_25_20 13, 5, 9
4_10_06 6, 14, 2, 10
3_22_12 4, 12, 16
8_19_22 12, 4, 8, 16, 13, 5, 9, 1
8_4_14 8, 16, 4, 12, 9, 1, 5, 13
3_4_00 13, 5, 1
1_22_00 14
2_29_10 9, 1
6_16_10 9, 1, 5, 13, 2, 10
8_3_06 4, 12, 16, 8, 5, 13, 1, 9
1_31_04 14
5_13_20 14, 6, 10, 2, 11
6_9_14 10, 2, 6, 14, 11, 3
7_23_14 9, 1, 5, 13, 2, 10, 14
4_1_10 6, 14, 2, 10
1_10_02 16
6_23_14 9, 1, 5, 13, 10, 2
2_11_20 13, 5
5_27_14 10, 2, 6, 14, 3
6_13_22 15, 7, 11, 3, 12, 4
1_13_18 13
4_19_02 2, 10, 14, 6
4_16_10 9, 1, 5, 13
1_26_00 15
4_24_06 5, 13, 1, 9
2_16_04 2, 10
1_14_20 10
3_25_06 6, 14, 2
2_20_22 8, 16
8_25_18 12, 4, 8, 16, 13, 5, 9, 1
1_3_08 13
1_27_12 1
4_14_22 15, 7, 11, 3
6_28_06 6, 14, 2, 10, 3, 11
4_26_14 10, 2, 6, 14
3_22_20 8, 16, 4
2_3_16 9, 1
7_6_06 5, 13, 1, 9, 2, 10, 14
2_21_12 8, 16
7_20_04 3, 11, 15, 7, 8, 16, 4
8_17_04 3, 11, 15, 7, 4, 12, 16, 8
1_5_04 4
6_12_14 10, 2, 6, 14, 7, 15
4_29_14 11, 3, 7, 15
8_18_02 2, 10, 14, 6, 3, 11, 15, 7
2_5_22 13, 5
6_17_10 6, 14, 2, 10, 7, 15
7_25_14 10, 2, 6, 14, 11, 3, 7
7_26_00 3, 11, 15, 7, 16, 8, 12
2_29_04 6, 14
7_25_02 4, 12, 16, 8, 5, 13, 1
4_1_00 1, 9, 13, 5
4_1_08 5, 13, 1, 9
6_19_16 9, 1, 5, 13, 10, 2
1_21_08 6
4_23_12 8, 16, 4, 12
4_8_22 13, 5, 9, 1
5_26_02 4, 12, 16, 8, 1
8_1_22 12, 4, 8, 16, 13, 5, 9, 1
1_21_02 3
4_24_02 3, 11, 15, 7
3_21_12 8, 16, 4
7_22_00 2, 10, 14, 6, 15, 7, 11
4_23_16 10, 2, 6, 14
6_19_20 11, 3, 7, 15, 12, 4
8_3_20 11, 3, 7, 15, 12, 4, 8, 16
2_2_10 2, 10
8_23_02 3, 11, 15, 7, 4, 12, 16, 8
2_12_22 10, 2
3_24_02 15, 7, 3
3_8_08 2, 10, 6
4_15_08 8, 16, 12
4_21_02 3, 11, 15, 7
3_28_04 1, 9, 5
4_1_06 4, 12, 16, 8
2_11_06 6, 14
2_29_06 7, 15
5_24_14 9, 1, 5, 13, 14
4_28_00 3, 11, 15, 7
2_30_10 5, 13
8_27_02 4, 12, 16, 8, 5, 13, 1, 9
8_6_20 12, 4, 8, 16, 13, 5, 9, 1
1_26_06 2
3_24_12 4, 12, 8
3_31_08 8, 16, 12
3_4_14 4, 12, 8
7_6_16 10, 2, 6, 14, 7, 15, 3
4_27_10 8, 16, 4, 12
2_11_22 14, 6
5_9_12 9, 1, 5, 13, 10
1_16_06 11
5_16_02 5, 13, 1, 9, 6
6_19_20 11, 3, 7, 15, 12, 4
1_25_02 4
3_25_00 3, 11, 15
6_19_12 7, 15, 3, 11, 8, 16
7_4_20 11, 3, 7, 15, 16, 8, 12
4_8_16 10, 2, 6, 14
1_31_06 15
4_9_02 4, 12, 16, 8
3_29_00 4,12, 16
8_3_04 3, 11, 15, 7, 4, 12, 16, 8
5_14_00 4, 12, 16, 8, 13
8_17_12 7, 15, 3, 11, 8, 16, 4, 12
4_3_12 7, 15, 3, 11
6_23_18 11, 3, 7, 15, 12, 4
7_9_18 12, 4, 8, 16, 13, 5, 9
7_1_14 8, 16, 4, 12, 9, 1, 5
5_4_12 7, 15, 3, 11, 12
6_29_14 11, 3, 7, 15, 8, 16
1_30_18 9
8_30_08 8, 16, 4, 12, 5, 13, 1, 9
1_9_20 13
1_29_08 8
2_15_22 15, 7
6_5_14 9, 1, 5, 13, 10, 2
8_25_08 7, 15, 3, 11, 8, 16, 4, 12
8_1_14 8, 16, 4, 12, 9, 1, 5, 13
5_8_00 2, 10, 14, 6, 7
4_28_22 14, 6, 10, 2
3_12_06 2, 10, 6
8_1_14 8, 16, 4, 12, 9, 1, 5, 13
1_3_10 14
