171360
171363
171366
171371
171376
171381
171388
171395
171402
171411
171420
171425
171434
171445
171458
171465
171476
171487
171494
171505
171518
171527
171542
171557
171566
171583
171598
171615
171626
171637
171646
171653
171662
171675
171682
171699
171716
171727
171744
171761
171780
171799
171818
171831
171842
171857
171876
171897
171910
171929
171944
171965
171982
172005
172018
172031
172048
172073
172100
172115
172136
172145
172156
172171
172182
172195
172206
172227
172248
172261
172284
172295
172312
172341
172362
172377
172390
172403
172408
172421
172438
172447
172462
172485
172506
172529
172548
172549
172566
172585
172598
172615
172630
172645
172664
172681
172704
172717
172740
172759
172778
172789
172808
172823
172834
172853
172874
172889
172908
172929
172948
172961
172982
173001
173008
173017
173040
173061
173084
173103
173126
173141
173166
173179
173192
173213
173226
173241
173254
173267
173276
173297
173318
173331
173352
173363
173386
173399
173424
173437
173452
173465
173488
173513
173530
173547
173572
173587
173608
173629
173648
173663
173686
173707
173722
173745
173760
173773
173796
173815
173838
173853
173876
173887
173906
173931
173956
173979
174006
174019
174034
174051
174078
174099
174116
174131
174150
174161
174186
174213
174236
174249
174270
174285
174302
174327
174352
174367
174392
174409
174434
174453
174482
174503
174528
174541
174562
174575
174590
174605
174624
174651
174670
174697
174724
174747
174770
174783
174806
174819
174842
174857
174876
174887
174906
174919
174936
174965
174992
175017
175032
175049
175070
175093
175110
175141
175160
175183
175200
175219
175250
175281
175296
175321
175344
175371
175388
175409
175424
175457
175472
175479
175496
175529
175560
175583
175600
175619
175642
175661
175678
175703
175724
175749
175772
175799
175814
175831
175854
175887
175896
175915
175932
175961
175986
176011
176038
176059
176078
176109
176130
176157
176180
176193
176226
176251
176272
176301
176320
176333
176350
176365
176382
176401
176418
176433
176458
176481
176498
176523
176548
176561
176586
176601
176622
176643
176672
176697
176708
176743
176762
176785
176798
176819
176844
176861
176896
176909
176932
176955
176974
177011
177026
177047
177074
177103
177120
177145
177172
177195
177214
177233
177262
177293
177318
177329
177356
177381
177398
177417
177434
177457
177472
177493
177512
177537
177554
177581
177600
177621
177640
177661
177678
177699
177738
177761
177784
177805
177838
177861
177882
177897
177920
177947
177972
177997
178024
178037
178064
178083
178100
178117
178134
178159
178180
178195
178218
178241
178262
178291
178322
178333
178346
178375
178406
178421
178436
178459
178478
178493
178520
178549
178572
178585
178610
178633
178654
178677
178702
178735
178762
178775
178792
178807
178834
178853
178866
178885
178892
178905
178928
178947
178982
179015
179030
179049
179084
179115
179140
179163
179188
179215
179242
179255
179276
179293
179318
179345
179370
179393
179430
179449
179474
179505
179526
179555
179570
179589
179616
179635
179664
179685
179710
179743
179764
179787
179802
179827
179854
179885
179906
179923
179946
179965
179980
180017
180046
180075
180100
180111
180136
180165
180194
180221
180244
180273
180296
180317
180354
180373
180390
180405
180440
180465
180484
180515
180536
180569
180594
180619
180636
180665
180696
180723
180732
180747
180774
180801
180820
180851
180874
180903
180920
180955
180988
181009
181042
181067
181084
181107
181132
181159
181176
181205
181218
181237
181268
181297
181318
181333
181342
181375
181410
181433
181454
181467
181494
181519
181538
181563
181578
181603
181616
181643
181666
181691
181720
181751
181766
181799
181824
181853
181862
181879
181908
181933
181956
181979
182004
182025
182042
182069
182092
182109
182142
182157
182188
182213
182232
182257
182278
182309
182336
182363
182388
182409
182428
182449
182476
182497
182516
182527
182564
182595
182616
182631
182652
182671
182694
182711
182746
182775
182806
182833
182856
182875
182916
182949
182976
183009
183036
183059
183080
183107
183124
183141
183166
183191
183222
183239
183280
183307
183332
183351
183368
183387
183412
183429
183452
183487
183502
183537
183568
183581
183606
183617
183638
183661
183684
183713
183746
183789
183808
183837
183862
183881
183908
183925
183946
183975
183996
184025
184054
184071
184092
184117
184144
184175
184202
184219
184242
184271
184294
184315
184334
184369
184394
184423
184440
184471
184508
184525
184552
184569
184600
184619
184646
184663
184684
184709
184744
184777
184796
184815
184838
184867
184904
184929
184962
184991
185022
185041
185064
185093
185138
185157
185184
185213
185234
185247
185278
185303
185328
185357
185382
185401
185420
185439
185466
185485
185522
185553
185584
185611
185628
185655
185674
185707
185734
185761
185774
185809
185826
185849
185882
185907
185926
185947
185978
185995
186026
186053
186088
186099
186116
186145
186170
186187
186210
186219
186236
186261
186294
186329
186360
186399
186446
186461
186490
186507
186532
186563
186586
186633
186660
186701
186724
186751
186766
186787
186812
186835
186870
186901
186910
186937
186966
186993
187012
187035
187062
187083
187098
187127
187150
187165
187214
187231
187250
187287
187314
187335
187364
187407
187432
187457
187474
187509
187546
187575
187596
187619
187640
187655
187678
187697
187708
187735
187758
187775
187812
187841
187864
187891
187912
187931
187952
187973
188004
188025
188054
188075
188098
188143
188162
188193
188216
188243
188268
188285
188308
188335
188362
188379
188412
188435
188468
188489
188510
188537
188564
188583
188600
188631
188666
188703
188730
188763
188796
188821
188854
188863
188890
188909
188932
188953
188988
189007
189036
189061
189076
189097
189132
189163
189196
189219
189250
189281
189310
189343
189372
189389
189414
189443
189480
189509
189554
189585
189610
189627
189646
189667
189706
189727
189754
189775
189792
189809
189826
189847
189878
189907
189928
189951
189976
190005
190026
190051
190080
190103
190110
190129
190156
190195
190228
190251
190280
190301
190320
190373
190394
190423
190444
190463
190482
190521
190548
190575
190600
190629
190648
190675
190704
190725
190764
190803
190850
190873
190906
190935
190962
190999
191034
191061
191078
191095
191116
191141
191158
191175
191206
191227
191250
191273
191302
191329
191358
191387
191420
191443
191464
191489
191510
191549
191572
191597
191620
191635
191666
191683
191708
191731
191756
191783
191800
191825
191844
191865
191902
191937
191960
191983
192004
192019
192044
192067
192096
192113
192136
192165
192188
192223
192246
192251
192270
192293
192322
192355
192376
192397
192422
192453
192470
192481
192506
192531
192558
192575
192602
192631
192652
192681
192708
192739
192762
192787
192818
192845
192878
192909
192932
192967
192998
193013
193042
193061
193088
193105
193118
193139
193154
193181
193204
193233
193262
193281
193302
193329
193350
193377
193400
193425
193456
193479
193500
193531
193556
193571
193592
193611
193642
193667
193692
193709
193742
193761
193790
193825
193838
193863
193902
193927
193932
193953
193980
194007
194032
194063
194096
194129
194158
194183
194214
194241
194284
194303
194326
194351
194378
194403
194430
194455
194482
194509
194532
194563
194592
194621
194646
194671
194696
194719
194770
194791
194822
194851
194868
194885
194916
194941
194974
195005
195038
195049
195068
195089
195116
195139
195156
195185
195212
195243
195272
195293
195322
195347
195380
195395
195422
195445
195474
195501
195524
195551
195584
195619
195640
195665
195696
195731
195742
195765
195796
195817
195846
195865
195886
195911
195934
195965
195992
196011
196024
196055
196078
196099
196112
196131
196162
196179
196212
196233
196262
196277
196308
196337
196364
196393
196414
196433
196454
196481
196492
196517
196532
196567
196596
196625
196656
196665
196690
196717
196732
196757
196794
196815
196836
196877
196908
196935
196958
196971
196994
197019
197042
197065
197082
197111
197134
197153
197186
197223
197250
197271
197282
197307
197332
197347
197366
197397
197416
197443
197468
197501
197520
197547
197568
197597
197626
197649
197678
197717
197720
197741
197768
197799
197828
197857
197874
197901
197936
197967
197990
198023
198046
198069
198094
198135
198162
198181
198208
198235
198264
198307
198332
198357
198382
198405
198436
198475
198514
198527
198558
198583
198618
198647
198658
198683
198718
198745
198768
198791
198814
198843
198858
198877
198910
198939
198974
198995
199022
199049
199072
199099
199138
199171
199202
199243
199268
199287
199312
199325
199356
199375
199402
199425
199444
199473
199496
199517
199538
199565
199582
199593
199616
199653
199670
199697
199732
199753
199776
199801
199830
199857
199888
199899
199932
199965
199996
200023
200054
200083
200116
200145
200168
200191
200214
200239
200260
200285
200302
200321
200360
200379
200410
200433
200452
200471
200494
200513
200536
200571
200596
200625
200656
200683
200710
200743
200774
200799
200822
200847
200876
200907
200928
200955
200982
201013
201048
201067
201090
201113
201132
201169
201192
201205
201232
201267
201292
201325
201340
201367
201394
201421
201442
201473
201490
201505
201518
201549
201582
201615
201642
201673
201696
201721
201736
201757
201778
201813
201834
201867
201884
201911
201930
201951
201980
201997
202028
202057
202074
202087
202120
202155
202192
202227
202250
202271
202306
202327
202358
202389
202418
202455
202488
202517
202552
202579
202604
202637
202656
202689
202712
202739
202778
202803
202818
202841
202864
202893
202918
202945
202968
202999
203028
203047
203072
203099
203130
203161
203180
203211
203226
203247
203280
203305
203342
203369
203402
203421
203454
203481
203498
203507
203544
203573
203600
203629
203658
203681
203706
203741
203774
203801
203828
203833
203856
203881
203908
203961
203980
204007
204034
204057
204086
204109
204140
204153
204178
204203
204238
204267
204298
204329
204378
204397
204428
204453
204480
204513
204522
204561
204588
204607
204632
204655
204682
204711
204732
204767
204794
204833
204850
204883
204908
204933
204958
205001
205032
205055
205092
205129
205148
205167
205196
205221
205246
205277
205308
205331
205360
205367
205400
205435
205460
205485
205512
205539
205576
205607
205628
205649
205672
205705
205728
205747
205762
205791
205828
205861
205890
205917
205946
205973
205996
206025
206048
206073
206098
206135
206162
206199
206224
206253
206280
206317
206362
206397
206414
206443
206466
206495
206516
206537
206570
206587
206608
206633
206654
206691
206710
206733
206750
206785
206808
206841
206870
206899
206916
206949
206974
206993
207026
207053
207078
207097
207140
207167
207184
207223
207240
207277
207312
207347
207380
207401
207424
207453
207472
207503
207536
207565
207596
207615
207646
207677
207704
207717
207752
207775
207802
207831
207870
207893
207926
207959
208000
208033
208060
208087
208120
208139
208170
208193
208214
208233
208270
208299
208326
208365
208404
208425
208452
208469
208484
208537
208594
208619
208658
208691
208726
208755
208778
208807
208828
208853
208884
208909
208932
208959
208996
209029
209058
209093
209114
209149
209174
209199
209234
209257
209278
209317
209328
209351
209386
209409
209436
209471
209506
209529
209558
209583
209610
209629
209642
209663
209686
209713
209728
209759
209772
209797
209830
209861
209874
209897
209918
209945
209974
210001
210036
210057
210096
210135
210152
210181
210210
210235
210268
210289
210322
210347
210370
210399
210414
210443
210480
210511
210544
210561
210574
210601
210636
210669
210692
210727
210770
210789
210828
210853
210892
210913
210940
210973
210996
211025
211060
211081
211100
211131
211158
211193
211208
211233
211252
211279
211300
211319
211342
211363
211406
211427
211448
211479
211512
211539
211564
211595
211622
211645
211674
211709
211730
211757
211778
211803
211832
211859
211890
211923
211964
211991
212018
212047
212084
212117
212144
212153
212186
212211
212246
212277
212308
212333
212364
212389
212412
212433
212456
212483
212498
212529
212560
212585
212610
212639
212670
212695
212724
212749
212778
212813
212828
212853
212862
212883
212912
212945
212964
213005
213026
213061
213082
213099
213128
213149
213194
213225
213248
213273
213304
213333
213368
213393
213418
213449
213470
213497
213520
213535
213572
213605
213616
213645
213680
213705
213730
213769
213804
213819
213850
213879
213916
213965
213992
214025
214054
214077
214110
214141
214174
214181
214216
214245
214272
214293
214322
214353
214378
214421
214456
214475
214508
214533
214558
214603
214638
214667
214696
214735
214754
214789
214828
214857
214880
214899
214926
214953
214980
214997
215022
215043
215068
215117
215144
215167
215196
215217
215238
215259
215294
215331
215362
215397
215420
215447
215474
215503
215530
215551
215570
215597
215628
215659
215694
215723
215748
215787
215810
215821
215834
215869
215890
215911
215932
215969
215994
216023
216050
216069
216092
216115
216142
216181
216210
216235
216254
216281
216304
216331
216360
216389
216410
216431
216458
216493
216518
216557
216580
216615
216658
216671
216708
216739
216760
216781
216812
216833
216862
216893
216924
216941
216980
216997
217024
217049
217078
217101
217130
217147
217148
217175
217214
217237
217270
217299
217338
217363
217390
217415
217440
217471
217506
217525
217550
217577
217596
217627
217644
217675
217692
217723
217752
217775
217802
217825
217854
217885
217902
217923
217952
217969
217986
218007
218034
218059
218080
218117
218136
218171
218208
218243
218278
218303
218330
218353
218382
218411
218436
218465
218498
218525
218568
218589
218620
218645
218668
218715
218732
218763
218794
218819
218850
218877
218908
218931
218952
218977
219006
219027
219048
219075
219108
219135
219170
219189
219212
219233
219272
219299
219340
219357
219372
219403
219434
219461
219488
219525
219544
219569
219596
219631
219666
219695
219724
219753
219786
219805
219824
219837
219874
219911
219936
219961
219984
220013
220040
220061
220088
220115
220138
220171
220210
220233
220252
220293
220304
220333
220366
220401
220440
220469
220486
220519
220526
220549
220576
220589
220618
220665
220700
220711
220742
220765
220784
220817
220834
220869
220888
220933
220938
220947
220972
221013
221056
221089
221120
221145
221170
221207
221240
221279
221316
221335
221368
221387
221420
221453
221480
221507
221538
221559
221576
221609
221636
221679
221712
221743
221760
221781
221816
221851
221884
221905
221936
221977
222010
222033
222062
222089
222124
222143
222164
222187
222200
222221
222254
222277
222302
222331
222358
222391
222426
222451
222472
222503
222532
222557
222574
222609
222628
222651
222670
222705
222732
222763
222794
222813
222842
222859
222890
222915
222950
222987
223018
223047
223080
223107
223138
223165
223194
223223
223244
223283
223304
223321
223346
223379
223420
223453
223482
223507
223538
223571
223602
223627
223664
223695
223728
223755
223790
223805
223832
223857
223894
223925
223958
223977
224000
224029
224050
224081
224110
224141
224180
224215
224240
224253
224284
224319
224340
224367
224390
224403
224442
224479
224500
224521
224534
224555
224580
224613
224640
224665
224694
224727
224762
224785
224808
224845
224876
224901
224924
224957
224996
225029
225064
225087
225120
225149
225190
225221
225258
225275
225298
225315
225348
225387
225420
225449
225468
225499
225544
225575
225600
225631
225666
225697
225734
225761
225778
225797
225836
225861
225892
225913
225936
225969
226008
226037
226058
226073
226104
226137
226172
226201
226234
226267
226294
226323
226344
226371
226396
226429
226454
226483
226518
226539
226566
226579
226602
226633
226664
226695
226726
226753
226778
226799
226826
226865
226886
226925
226948
226981
227008
227047
227076
227099
227124
227149
227170
227193
227224
227251
227284
227317
227358
227391
227424
227449
227482
227517
227544
227573
227596
227627
227648
227677
227712
227735
227770
227803
227822
227855
227888
227911
227938
227977
228024
228051
228084
228105
228130
228151
228184
228205
228228
228251
228300
228323
228366
228407
228434
228457
228474
228479
228504
228535
228564
228593
228634
228659
228686
228723
228748
228779
228796
228835
228868
228897
228910
228937
228954
228985
229026
229063
229092
229113
229138
229161
229202
229239
229262
229293
229324
229353
229374
229415
229450
229487
229506
229545
229562
229591
229622
229649
229686
229707
229740
229763
229788
229823
229852
229873
229890
229903
229934
229963
230000
230021
230046
230083
230114
230147
230170
230201
230220
230255
230288
230303
230318
230361
230400
230417
230442
230481
230500
230531
230566
230603
230628
230661
230688
230713
230728
230751
230788
230809
230846
230879
230918
230951
230984
231007
231044
231063
231088
231123
231178
231203
231238
231253
231284
231313
231350
231375
231398
231431
231448
231483
231518
231539
231580
231607
231630
231655
231682
231721
231740
231773
231804
231833
231866
231885
231904
231939
231966
231989
232026
232047
232080
232119
232148
232179
232212
232241
232280
232315
232352
232383
232406
232425
232460
232467
232484
232513
232542
232569
232604
232641
232664
232703
232736
232771
232808
232823
232850
232867
232894
232923
232962
232995
233022
233039
233070
233083
233112
233141
233170
233201
233246
233269
233290
233317
233358
233393
233418
233435
233458
233477
233492
233525
233556
233585
233622
233647
233676
233707
233722
233751
233770
233801
233822
233855
233876
233903
233932
233953
233978
234003
234026
234061
234100
234123
234152
234183
234210
234263
234276
234303
234336
234367
234394
234431
234446
234489
234518
234547
234580
234607
234644
234685
234706
234733
234762
234785
234812
234829
234872
234885
234908
234939
234970
234995
235018
235059
235078
235115
235154
235175
235192
235221
235250
235273
235302
235323
235350
235377
235412
235431
235466
235495
235524
235537
235574
235599
235628
235649
235684
235695
235736
235759
235772
235813
235846
235879
235930
235955
235984
236021
236046
236071
236112
236141
236164
236205
236224
236261
236286
236315
236356
236399
236432
236469
236504
236517
236568
236589
236626
236651
236672
236693
236720
236737
236762
236787
236820
236839
236878
236899
236934
236959
236990
237025
237054
237073
237108
237135
237154
237169
237204
237223
237250
237275
237302
237331
237354
237387
237434
237473
237498
237527
237566
237595
237618
237625
237642
237669
237714
237743
237770
237791
237820
237837
237866
237891
237936
237973
238006
238031
238062
238097
238118
238149
238174
238197
238232
238253
238286
238325
238364
238391
238428
238457
238492
238511
238540
238577
238608
238633
238666
238677
238710
238739
238772
238817
238846
238867
238908
238937
238970
239001
239026
239055
239078
239129
239172
239209
239230
239255
239282
239311
239342
239371
239386
239427
239458
239485
239522
239555
239576
239615
239648
239669
239702
239733
239764
239785
239808
239809
239840
239877
239904
239923
239952
239981
240004
240035
240076
240115
240144
240173
240198
240243
240278
240313
240340
240367
240424
240451
240478
240507
240528
240551
240582
240617
240636
240663
240698
240727
240738
240767
240784
240809
240830
240855
240876
240887
240908
240937
240968
241003
241038
241063
241092
241117
241158
241187
241222
241257
241280
241303
241332
241365
241392
241423
241456
241495
241514
241537
241568
241585
241612
241633
241666
241685
241714
241739
241776
241805
241836
241875
241902
241925
241954
241987
242024
242053
242072
242099
242122
242151
242186
242217
242230
242257
242276
242305
242338
242365
242388
242413
242444
242469
242492
242523
242558
242589
242608
242643
242676
242703
242728
242759
242796
242807
242836
242877
242896
242921
242934
242967
243000
243027
243066
243087
243118
243141
243174
243199
243218
243245
243272
243303
243324
243359
243384
243403
243432
243455
243484
243507
243540
243583
243614
243649
243678
243699
243732
243759
243784
243809
243834
243865
243898
243933
243964
243993
244022
244035
244060
244097
244134
244149
244186
244203
244236
244261
244304
244337
244364
244389
244406
244437
244452
244485
244512
244551
244578
244609
244638
244671
244706
244733
244758
244791
244816
244839
244864
244899
244930
244953
244992
245031
245060
245089
245106
245135
245160
245215
245236
245267
245288
245299
245340
245379
245392
245411
245442
245479
245512
245525
245546
245579
245602
245637
245668
245703
245726
245753
245774
245803
245834
245855
245878
245909
245948
245987
246006
246031
246058
246071
246102
246135
246160
246179
246198
246229
246254
246289
246306
246347
246376
246395
246424
246455
246480
246503
246526
246545
246580
246613
246638
246677
246716
246737
246756
246777
246816
246857
246888
246913
246944
246973
247014
247047
247062
247093
247124
247151
247190
247225
247244
247277
247302
247331
247362
247403
247444
247477
247494
247517
247528
247563
247584
247607
247638
247673
247696
247727
247758
247781
247824
247861
247890
247917
247938
247969
248002
248023
248050
248087
248100
248129
248158
248195
248226
248261
248290
248317
248356
248385
248414
248433
248462
248505
248532
248567
248582
248607
248638
248659
248682
248729
248760
248797
248834
248867
248900
248929
248944
248971
248996
249033
249054
249087
249114
249141
249160
249195
249220
249257
249294
249315
249354
249365
249392
249427
249444
249465
249502
249533
249570
249599
249622
249653
249670
249691
249722
249745
249766
249783
249812
249853
249888
249911
249934
249973
250016
250035
250054
250077
250110
250147
250180
250195
250228
250263
250298
250339
250366
250395
250438
250473
250494
250521
250544
250555
250584
250589
250622
250647
250670
250687
250704
250723
250752
250781
250808
250843
250876
250905
250936
250967
250990
251015
251036
251061
251088
251125
251144
251161
251186
251211
251248
251275
251306
251341
251366
251401
251420
251459
251490
251513
251534
251577
251610
251643
251658
251687
251710
251741
251772
251803
251824
251851
251870
251907
251936
251957
251996
252031
252062
252091
252130
252157
252190
252215
252234
252257
252294
252339
252362
252385
252412
252433
252460
252479
252512
252543
252566
252589
252618
252653
252680
252697
252728
252755
252796
252821
252852
252873
252910
252939
252956
252987
253022
253041
253078
253103
253140
253167
253184
253225
253258
253275
253304
253343
253374
253411
253430
253459
253480
253509
253542
253553
253586
253619
253648
253687
253724
253735
253772
253791
253820
253861
253908
253929
253950
253989
254018
254049
254078
254105
254140
254169
254192
254209
254228
254259
254290
254311
254340
254367
254396
254431
254458
254497
254540
254569
254598
254627
254648
254687
254726
254765
254798
254835
254856
254877
254902
254927
254956
254971
255008
255033
255062
255099
255118
255143
255172
255183
255208
255241
255264
255287
255324
255359
255384
255411
255438
255469
255496
255523
255550
255567
255592
255625
255652
255667
255684
255717
255750
255765
255802
255843
255870
255889
255920
255951
255962
255977
256000
256037
256082
256117
256146
256155
256174
256203
256228
256287
256308
256323
256368
256391
256406
256423
256446
256479
256514
256543
256572
256595
256624
256655
256690
256715
256732
256753
256782
256805
256826
256873
256914
256937
256958
256975
257004
257051
257070
257093
257120
257151
257168
257211
257244
257289
257324
257349
257384
257397
257428
257453
257472
257501
257528
257553
257580
257625
257644
257679
257714
257735
257770
257801
257836
257877
257908
257923
257956
257991
258026
258061
258074
258109
258138
258163
258198
258229
258268
258289
258312
258345
258394
258417
258442
258453
258468
258495
258512
258547
258570
258603
258638
258681
258728
258743
258782
258813
258832
258869
258916
258973
259002
259039
259068
259103
259126
259151
259174
259215
259248
259285
259304
259333
259360
259395
259430
259449
259490
259531
259570
259601
259634
259669
259702
259739
259768
259801
259842
259869
259892
259923
259946
259971
259986
260015
260056
260079
260110
260141
260166
260185
260222
260247
260280
260311
260336
260371
260390
260413
260434
260457
260490
260513
260538
260563
260592
260627
260648
260677
260706
260741
260776
260811
260848
260885
260910
260937
260972
260983
261008
261039
261078
261097
261128
261167
261196
261233
261254
261279
261314
261337
261378
261407
261440
261467
261478
261509
261524
261557
261574
261611
261634
261659
261680
261701
261726
261753
261788
261817
261842
261881
261914
261931
261958
261975
262010
262045
262082
262103
262116
262157
262194
262219
262254
262293
262318
262331
262350
262381
262402
262431
262450
262477
262506
262525
262554
262571
262614
262653
262686
262715
262736
262767
262786
262807
262832
262861
262892
262921
262958
262979
263004
263033
263056
263097
263136
263155
263188
263227
263262
263301
263326
263347
263380
263421
263442
263459
263480
263519
263552
263593
263624
263645
263664
263699
263720
263745
263788
263825
263846
263877
263904
263923
263944
263967
263996
264027
264050
264095
264124
264153
264200
264233
264254
264287
264328
264363
264390
264413
264420
264455
264482
264513
264534
264555
264590
264615
264644
264677
264708
264743
264776
264799
264828
264863
264888
264911
264932
264975
265018
265041
265082
265109
265138
265167
265202
265229
265264
265283
265310
265339
265370
265411
265432
265465
265490
265511
265544
265571
265586
265599
265626
265661
265702
265747
265788
265823
265844
265875
265892
265913
265942
265967
265996
266027
266044
266079
266090
266133
266156
266187
266222
266235
266276
266295
266332
266367
266398
266437
266464
266479
266510
266533
266566
266599
266636
266675
266708
266733
266746
266769
266798
266825
266858
266875
266904
266919
266958
266985
267010
267039
267060
267095
267124
267153
267182
267199
267230
267255
267288
267321
267350
267375
267394
267427
267458
267475
267492
267525
267560
267603
267628
267655
267676
267699
267738
267757
267798
267823
267840
267875
267920
267947
267970
267995
268032
268061
268096
268111
268148
268177
268198
268219
268244
268275
268306
268345
268364
268397
268438
268469
268500
268521
268538
268575
268602
268619
268644
268679
268708
268745
268778
268805
268818
268857
268882
268913
268948
268971
268990
269017
269044
269065
269076
269095
269122
269151
269162
269175
269192
269213
269230
269263
269294
269329
269366
269399
269420
269445
269478
269497
269514
269535
269582
269615
269644
269671
269708
269729
269756
269789
269816
269857
269870
269897
269926
269953
269982
270007
270028
270059
270084
270121
270152
270179
270200
270231
270260
270291
270300
270333
270362
270409
270420
270451
270484
270517
best case: 171363
Average case: 654915
worst case: 200285
