467325
467328
467331
467336
467341
467346
467353
467360
467367
467376
467385
467390
467399
467410
467423
467430
467441
467452
467459
467470
467483
467492
467507
467522
467531
467548
467563
467580
467591
467602
467611
467618
467627
467640
467647
467664
467681
467692
467709
467726
467745
467764
467783
467796
467807
467822
467841
467862
467875
467894
467909
467930
467947
467970
467983
467996
468013
468038
468065
468080
468101
468110
468121
468136
468147
468160
468171
468192
468213
468226
468249
468260
468277
468306
468327
468342
468355
468368
468373
468386
468403
468412
468427
468450
468471
468494
468513
468514
468531
468550
468563
468580
468595
468610
468629
468646
468669
468682
468705
468724
468743
468754
468773
468788
468799
468818
468839
468854
468873
468894
468913
468926
468947
468966
468973
468982
469005
469026
469049
469068
469091
469106
469131
469144
469157
469178
469191
469206
469219
469232
469241
469262
469283
469296
469317
469328
469351
469364
469389
469402
469417
469430
469453
469478
469495
469512
469537
469552
469573
469594
469613
469628
469651
469672
469687
469710
469725
469738
469761
469780
469803
469818
469841
469852
469871
469896
469921
469944
469971
469984
469999
470016
470043
470064
470081
470096
470115
470126
470151
470178
470201
470214
470235
470250
470267
470292
470317
470332
470357
470374
470399
470418
470447
470468
470493
470506
470527
470540
470555
470570
470589
470616
470635
470662
470689
470712
470735
470748
470771
470784
470807
470822
470841
470852
470871
470884
470901
470930
470957
470982
470997
471014
471035
471058
471075
471106
471125
471148
471165
471184
471215
471246
471261
471286
471309
471336
471353
471374
471389
471422
471437
471444
471461
471494
471525
471548
471565
471584
471607
471626
471643
471668
471689
471714
471737
471764
471779
471796
471819
471852
471861
471880
471897
471926
471951
471976
472003
472024
472043
472074
472095
472122
472145
472158
472191
472216
472237
472266
472285
472298
472315
472330
472347
472366
472383
472398
472423
472446
472463
472488
472513
472526
472551
472566
472587
472608
472637
472662
472673
472708
472727
472750
472763
472784
472809
472826
472861
472874
472897
472920
472939
472976
472991
473012
473039
473068
473085
473110
473137
473160
473179
473198
473227
473258
473283
473294
473321
473346
473363
473382
473399
473422
473437
473458
473477
473502
473519
473546
473565
473586
473605
473626
473643
473664
473703
473726
473749
473770
473803
473826
473847
473862
473885
473912
473937
473962
473989
474002
474029
474048
474065
474082
474099
474124
474145
474160
474183
474206
474227
474256
474287
474298
474311
474340
474371
474386
474401
474424
474443
474458
474485
474514
474537
474550
474575
474598
474619
474642
474667
474700
474727
474740
474757
474772
474799
474818
474831
474850
474857
474870
474893
474912
474947
474980
474995
475014
475049
475080
475105
475128
475153
475180
475207
475220
475241
475258
475283
475310
475335
475358
475395
475414
475439
475470
475491
475520
475535
475554
475581
475600
475629
475650
475675
475708
475729
475752
475767
475792
475819
475850
475871
475888
475911
475930
475945
475982
476011
476040
476065
476076
476101
476130
476159
476186
476209
476238
476261
476282
476319
476338
476355
476370
476405
476430
476449
476480
476501
476534
476559
476584
476601
476630
476661
476688
476697
476712
476739
476766
476785
476816
476839
476868
476885
476920
476953
476974
477007
477032
477049
477072
477097
477124
477141
477170
477183
477202
477233
477262
477283
477298
477307
477340
477375
477398
477419
477432
477459
477484
477503
477528
477543
477568
477581
477608
477631
477656
477685
477716
477731
477764
477789
477818
477827
477844
477873
477898
477921
477944
477969
477990
478007
478034
478057
478074
478107
478122
478153
478178
478197
478222
478243
478274
478301
478328
478353
478374
478393
478414
478441
478462
478481
478492
478529
478560
478581
478596
478617
478636
478659
478676
478711
478740
478771
478798
478821
478840
478881
478914
478941
478974
479001
479024
479045
479072
479089
479106
479131
479156
479187
479204
479245
479272
479297
479316
479333
479352
479377
479394
479417
479452
479467
479502
479533
479546
479571
479582
479603
479626
479649
479678
479711
479754
479773
479802
479827
479846
479873
479890
479911
479940
479961
479990
480019
480036
480057
480082
480109
480140
480167
480184
480207
480236
480259
480280
480299
480334
480359
480388
480405
480436
480473
480490
480517
480534
480565
480584
480611
480628
480649
480674
480709
480742
480761
480780
480803
480832
480869
480894
480927
480956
480987
481006
481029
481058
481103
481122
481149
481178
481199
481212
481243
481268
481293
481322
481347
481366
481385
481404
481431
481450
481487
481518
481549
481576
481593
481620
481639
481672
481699
481726
481739
481774
481791
481814
481847
481872
481891
481912
481943
481960
481991
482018
482053
482064
482081
482110
482135
482152
482175
482184
482201
482226
482259
482294
482325
482364
482411
482426
482455
482472
482497
482528
482551
482598
482625
482666
482689
482716
482731
482752
482777
482800
482835
482866
482875
482902
482931
482958
482977
483000
483027
483048
483063
483092
483115
483130
483179
483196
483215
483252
483279
483300
483329
483372
483397
483422
483439
483474
483511
483540
483561
483584
483605
483620
483643
483662
483673
483700
483723
483740
483777
483806
483829
483856
483877
483896
483917
483938
483969
483990
484019
484040
484063
484108
484127
484158
484181
484208
484233
484250
484273
484300
484327
484344
484377
484400
484433
484454
484475
484502
484529
484548
484565
484596
484631
484668
484695
484728
484761
484786
484819
484828
484855
484874
484897
484918
484953
484972
485001
485026
485041
485062
485097
485128
485161
485184
485215
485246
485275
485308
485337
485354
485379
485408
485445
485474
485519
485550
485575
485592
485611
485632
485671
485692
485719
485740
485757
485774
485791
485812
485843
485872
485893
485916
485941
485970
485991
486016
486045
486068
486075
486094
486121
486160
486193
486216
486245
486266
486285
486338
486359
486388
486409
486428
486447
486486
486513
486540
486565
486594
486613
486640
486669
486690
486729
486768
486815
486838
486871
486900
486927
486964
486999
487026
487043
487060
487081
487106
487123
487140
487171
487192
487215
487238
487267
487294
487323
487352
487385
487408
487429
487454
487475
487514
487537
487562
487585
487600
487631
487648
487673
487696
487721
487748
487765
487790
487809
487830
487867
487902
487925
487948
487969
487984
488009
488032
488061
488078
488101
488130
488153
488188
488211
488216
488235
488258
488287
488320
488341
488362
488387
488418
488435
488446
488471
488496
488523
488540
488567
488596
488617
488646
488673
488704
488727
488752
488783
488810
488843
488874
488897
488932
488963
488978
489007
489026
489053
489070
489083
489104
489119
489146
489169
489198
489227
489246
489267
489294
489315
489342
489365
489390
489421
489444
489465
489496
489521
489536
489557
489576
489607
489632
489657
489674
489707
489726
489755
489790
489803
489828
489867
489892
489897
489918
489945
489972
489997
490028
490061
490094
490123
490148
490179
490206
490249
490268
490291
490316
490343
490368
490395
490420
490447
490474
490497
490528
490557
490586
490611
490636
490661
490684
490735
490756
490787
490816
490833
490850
490881
490906
490939
490970
491003
491014
491033
491054
491081
491104
491121
491150
491177
491208
491237
491258
491287
491312
491345
491360
491387
491410
491439
491466
491489
491516
491549
491584
491605
491630
491661
491696
491707
491730
491761
491782
491811
491830
491851
491876
491899
491930
491957
491976
491989
492020
492043
492064
492077
492096
492127
492144
492177
492198
492227
492242
492273
492302
492329
492358
492379
492398
492419
492446
492457
492482
492497
492532
492561
492590
492621
492630
492655
492682
492697
492722
492759
492780
492801
492842
492873
492900
492923
492936
492959
492984
493007
493030
493047
493076
493099
493118
493151
493188
493215
493236
493247
493272
493297
493312
493331
493362
493381
493408
493433
493466
493485
493512
493533
493562
493591
493614
493643
493682
493685
493706
493733
493764
493793
493822
493839
493866
493901
493932
493955
493988
494011
494034
494059
494100
494127
494146
494173
494200
494229
494272
494297
494322
494347
494370
494401
494440
494479
494492
494523
494548
494583
494612
494623
494648
494683
494710
494733
494756
494779
494808
494823
494842
494875
494904
494939
494960
494987
495014
495037
495064
495103
495136
495167
495208
495233
495252
495277
495290
495321
495340
495367
495390
495409
495438
495461
495482
495503
495530
495547
495558
495581
495618
495635
495662
495697
495718
495741
495766
495795
495822
495853
495864
495897
495930
495961
495988
496019
496048
496081
496110
496133
496156
496179
496204
496225
496250
496267
496286
496325
496344
496375
496398
496417
496436
496459
496478
496501
496536
496561
496590
496621
496648
496675
496708
496739
496764
496787
496812
496841
496872
496893
496920
496947
496978
497013
497032
497055
497078
497097
497134
497157
497170
497197
497232
497257
497290
497305
497332
497359
497386
497407
497438
497455
497470
497483
497514
497547
497580
497607
497638
497661
497686
497701
497722
497743
497778
497799
497832
497849
497876
497895
497916
497945
497962
497993
498022
498039
498052
498085
498120
498157
498192
498215
498236
498271
498292
498323
498354
498383
498420
498453
498482
498517
498544
498569
498602
498621
498654
498677
498704
498743
498768
498783
498806
498829
498858
498883
498910
498933
498964
498993
499012
499037
499064
499095
499126
499145
499176
499191
499212
499245
499270
499307
499334
499367
499386
499419
499446
499463
499472
499509
499538
499565
499594
499623
499646
499671
499706
499739
499766
499793
499798
499821
499846
499873
499926
499945
499972
499999
500022
500051
500074
500105
500118
500143
500168
500203
500232
500263
500294
500343
500362
500393
500418
500445
500478
500487
500526
500553
500572
500597
500620
500647
500676
500697
500732
500759
500798
500815
500848
500873
500898
500923
500966
500997
501020
501057
501094
501113
501132
501161
501186
501211
501242
501273
501296
501325
501332
501365
501400
501425
501450
501477
501504
501541
501572
501593
501614
501637
501670
501693
501712
501727
501756
501793
501826
501855
501882
501911
501938
501961
501990
502013
502038
502063
502100
502127
502164
502189
502218
502245
502282
502327
502362
502379
502408
502431
502460
502481
502502
502535
502552
502573
502598
502619
502656
502675
502698
502715
502750
502773
502806
502835
502864
502881
502914
502939
502958
502991
503018
503043
503062
503105
503132
503149
503188
503205
503242
503277
503312
503345
503366
503389
503418
503437
503468
503501
503530
503561
503580
503611
503642
503669
503682
503717
503740
503767
503796
503835
503858
503891
503924
503965
503998
504025
504052
504085
504104
504135
504158
504179
504198
504235
504264
504291
504330
504369
504390
504417
504434
504449
504502
504559
504584
504623
504656
504691
504720
504743
504772
504793
504818
504849
504874
504897
504924
504961
504994
505023
505058
505079
505114
505139
505164
505199
505222
505243
505282
505293
505316
505351
505374
505401
505436
505471
505494
505523
505548
505575
505594
505607
505628
505651
505678
505693
505724
505737
505762
505795
505826
505839
505862
505883
505910
505939
505966
506001
506022
506061
506100
506117
506146
506175
506200
506233
506254
506287
506312
506335
506364
506379
506408
506445
506476
506509
506526
506539
506566
506601
506634
506657
506692
506735
506754
506793
506818
506857
506878
506905
506938
506961
506990
507025
507046
507065
507096
507123
507158
507173
507198
507217
507244
507265
507284
507307
507328
507371
507392
507413
507444
507477
507504
507529
507560
507587
507610
507639
507674
507695
507722
507743
507768
507797
507824
507855
507888
507929
507956
507983
508012
508049
508082
508109
508118
508151
508176
508211
508242
508273
508298
508329
508354
508377
508398
508421
508448
508463
508494
508525
508550
508575
508604
508635
508660
508689
508714
508743
508778
508793
508818
508827
508848
508877
508910
508929
508970
508991
509026
509047
509064
509093
509114
509159
509190
509213
509238
509269
509298
509333
509358
509383
509414
509435
509462
509485
509500
509537
509570
509581
509610
509645
509670
509695
509734
509769
509784
509815
509844
509881
509930
509957
509990
510019
510042
510075
510106
510139
510146
510181
510210
510237
510258
510287
510318
510343
510386
510421
510440
510473
510498
510523
510568
510603
510632
510661
510700
510719
510754
510793
510822
510845
510864
510891
510918
510945
510962
510987
511008
511033
511082
511109
511132
511161
511182
511203
511224
511259
511296
511327
511362
511385
511412
511439
511468
511495
511516
511535
511562
511593
511624
511659
511688
511713
511752
511775
511786
511799
511834
511855
511876
511897
511934
511959
511988
512015
512034
512057
512080
512107
512146
512175
512200
512219
512246
512269
512296
512325
512354
512375
512396
512423
512458
512483
512522
512545
512580
512623
512636
512673
512704
512725
512746
512777
512798
512827
512858
512889
512906
512945
512962
512989
513014
513043
513066
513095
513112
513113
513140
513179
513202
513235
513264
513303
513328
513355
513380
513405
513436
513471
513490
513515
513542
513561
513592
513609
513640
513657
513688
513717
513740
513767
513790
513819
513850
513867
513888
513917
513934
513951
513972
513999
514024
514045
514082
514101
514136
514173
514208
514243
514268
514295
514318
514347
514376
514401
514430
514463
514490
514533
514554
514585
514610
514633
514680
514697
514728
514759
514784
514815
514842
514873
514896
514917
514942
514971
514992
515013
515040
515073
515100
515135
515154
515177
515198
515237
515264
515305
515322
515337
515368
515399
515426
515453
515490
515509
515534
515561
515596
515631
515660
515689
515718
515751
515770
515789
515802
515839
515876
515901
515926
515949
515978
516005
516026
516053
516080
516103
516136
516175
516198
516217
516258
516269
516298
516331
516366
516405
516434
516451
516484
516491
516514
516541
516554
516583
516630
516665
516676
516707
516730
516749
516782
516799
516834
516853
516898
516903
516912
516937
516978
517021
517054
517085
517110
517135
517172
517205
517244
517281
517300
517333
517352
517385
517418
517445
517472
517503
517524
517541
517574
517601
517644
517677
517708
517725
517746
517781
517816
517849
517870
517901
517942
517975
517998
518027
518054
518089
518108
518129
518152
518165
518186
518219
518242
518267
518296
518323
518356
518391
518416
518437
518468
518497
518522
518539
518574
518593
518616
518635
518670
518697
518728
518759
518778
518807
518824
518855
518880
518915
518952
518983
519012
519045
519072
519103
519130
519159
519188
519209
519248
519269
519286
519311
519344
519385
519418
519447
519472
519503
519536
519567
519592
519629
519660
519693
519720
519755
519770
519797
519822
519859
519890
519923
519942
519965
519994
520015
520046
520075
520106
520145
520180
520205
520218
520249
520284
520305
520332
520355
520368
520407
520444
520465
520486
520499
520520
520545
520578
520605
520630
520659
520692
520727
520750
520773
520810
520841
520866
520889
520922
520961
520994
521029
521052
521085
521114
521155
521186
521223
521240
521263
521280
521313
521352
521385
521414
521433
521464
521509
521540
521565
521596
521631
521662
521699
521726
521743
521762
521801
521826
521857
521878
521901
521934
521973
522002
522023
522038
522069
522102
522137
522166
522199
522232
522259
522288
522309
522336
522361
522394
522419
522448
522483
522504
522531
522544
522567
522598
522629
522660
522691
522718
522743
522764
522791
522830
522851
522890
522913
522946
522973
523012
523041
523064
523089
523114
523135
523158
523189
523216
523249
523282
523323
523356
523389
523414
523447
523482
523509
523538
523561
523592
523613
523642
523677
523700
523735
523768
523787
523820
523853
523876
523903
523942
523989
524016
524049
524070
524095
524116
524149
524170
524193
524216
524265
524288
524331
524372
524399
524422
524439
524444
524469
524500
524529
524558
524599
524624
524651
524688
524713
524744
524761
524800
524833
524862
524875
524902
524919
524950
524991
525028
525057
525078
525103
525126
525167
525204
525227
525258
525289
525318
525339
525380
525415
525452
525471
525510
525527
525556
525587
525614
525651
525672
525705
525728
525753
525788
525817
525838
525855
525868
525899
525928
525965
525986
526011
526048
526079
526112
526135
526166
526185
526220
526253
526268
526283
526326
526365
526382
526407
526446
526465
526496
526531
526568
526593
526626
526653
526678
526693
526716
526753
526774
526811
526844
526883
526916
526949
526972
527009
527028
527053
527088
527143
527168
527203
527218
527249
527278
527315
527340
527363
527396
527413
527448
527483
527504
527545
527572
527595
527620
527647
527686
527705
527738
527769
527798
527831
527850
527869
527904
527931
527954
527991
528012
528045
528084
528113
528144
528177
528206
528245
528280
528317
528348
528371
528390
528425
528432
528449
528478
528507
528534
528569
528606
528629
528668
528701
528736
528773
528788
528815
528832
528859
528888
528927
528960
528987
529004
529035
529048
529077
529106
529135
529166
529211
529234
529255
529282
529323
529358
529383
529400
529423
529442
529457
529490
529521
529550
529587
529612
529641
529672
529687
529716
529735
529766
529787
529820
529841
529868
529897
529918
529943
529968
529991
530026
530065
530088
530117
530148
530175
530228
530241
530268
530301
530332
530359
530396
530411
530454
530483
530512
530545
530572
530609
530650
530671
530698
530727
530750
530777
530794
530837
530850
530873
530904
530935
530960
530983
531024
531043
531080
531119
531140
531157
531186
531215
531238
531267
531288
531315
531342
531377
531396
531431
531460
531489
531502
531539
531564
531593
531614
531649
531660
531701
531724
531737
531778
531811
531844
531895
531920
531949
531986
532011
532036
532077
532106
532129
532170
532189
532226
532251
532280
532321
532364
532397
532434
532469
532482
532533
532554
532591
532616
532637
532658
532685
532702
532727
532752
532785
532804
532843
532864
532899
532924
532955
532990
533019
533038
533073
533100
533119
533134
533169
533188
533215
533240
533267
533296
533319
533352
533399
533438
533463
533492
533531
533560
533583
533590
533607
533634
533679
533708
533735
533756
533785
533802
533831
533856
533901
533938
533971
533996
534027
534062
534083
534114
534139
534162
534197
534218
534251
534290
534329
534356
534393
534422
534457
534476
534505
534542
534573
534598
534631
534642
534675
534704
534737
534782
534811
534832
534873
534902
534935
534966
534991
535020
535043
535094
535137
535174
535195
535220
535247
535276
535307
535336
535351
535392
535423
535450
535487
535520
535541
535580
535613
535634
535667
535698
535729
535750
535773
535774
535805
535842
535869
535888
535917
535946
535969
536000
536041
536080
536109
536138
536163
536208
536243
536278
536305
536332
536389
536416
536443
536472
536493
536516
536547
536582
536601
536628
536663
536692
536703
536732
536749
536774
536795
536820
536841
536852
536873
536902
536933
536968
537003
537028
537057
537082
537123
537152
537187
537222
537245
537268
537297
537330
537357
537388
537421
537460
537479
537502
537533
537550
537577
537598
537631
537650
537679
537704
537741
537770
537801
537840
537867
537890
537919
537952
537989
538018
538037
538064
538087
538116
538151
538182
538195
538222
538241
538270
538303
538330
538353
538378
538409
538434
538457
538488
538523
538554
538573
538608
538641
538668
538693
538724
538761
538772
538801
538842
538861
538886
538899
538932
538965
538992
539031
539052
539083
539106
539139
539164
539183
539210
539237
539268
539289
539324
539349
539368
539397
539420
539449
539472
539505
539548
539579
539614
539643
539664
539697
539724
539749
539774
539799
539830
539863
539898
539929
539958
539987
540000
540025
540062
540099
540114
540151
540168
540201
540226
540269
540302
540329
540354
540371
540402
540417
540450
540477
540516
540543
540574
540603
540636
540671
540698
540723
540756
540781
540804
540829
540864
540895
540918
540957
540996
541025
541054
541071
541100
541125
541180
541201
541232
541253
541264
541305
541344
541357
541376
541407
541444
541477
541490
541511
541544
541567
541602
541633
541668
541691
541718
541739
541768
541799
541820
541843
541874
541913
541952
541971
541996
542023
542036
542067
542100
542125
542144
542163
542194
542219
542254
542271
542312
542341
542360
542389
542420
542445
542468
542491
542510
542545
542578
542603
542642
542681
542702
542721
542742
542781
542822
542853
542878
542909
542938
542979
543012
543027
543058
543089
543116
543155
543190
543209
543242
543267
543296
543327
543368
543409
543442
543459
543482
543493
543528
543549
543572
543603
543638
543661
543692
543723
543746
543789
543826
543855
543882
543903
543934
543967
543988
544015
544052
544065
544094
544123
544160
544191
544226
544255
544282
544321
544350
544379
544398
544427
544470
544497
544532
544547
544572
544603
544624
544647
544694
544725
544762
544799
544832
544865
544894
544909
544936
544961
544998
545019
545052
545079
545106
545125
545160
545185
545222
545259
545280
545319
545330
545357
545392
545409
545430
545467
545498
545535
545564
545587
545618
545635
545656
545687
545710
545731
545748
545777
545818
545853
545876
545899
545938
545981
546000
546019
546042
546075
546112
546145
546160
546193
546228
546263
546304
546331
546360
546403
546438
546459
546486
546509
546520
546549
546554
546587
546612
546635
546652
546669
546688
546717
546746
546773
546808
546841
546870
546901
546932
546955
546980
547001
547026
547053
547090
547109
547126
547151
547176
547213
547240
547271
547306
547331
547366
547385
547424
547455
547478
547499
547542
547575
547608
547623
547652
547675
547706
547737
547768
547789
547816
547835
547872
547901
547922
547961
547996
548027
548056
548095
548122
548155
548180
548199
548222
548259
548304
548327
548350
548377
548398
548425
548444
548477
548508
548531
548554
548583
548618
548645
548662
548693
548720
548761
548786
548817
548838
548875
548904
548921
548952
548987
549006
549043
549068
549105
549132
549149
549190
549223
549240
549269
549308
549339
549376
549395
549424
549445
549474
549507
549518
549551
549584
549613
549652
549689
549700
549737
549756
549785
549826
549873
549894
549915
549954
549983
550014
550043
550070
550105
550134
550157
550174
550193
550224
550255
550276
550305
550332
550361
550396
550423
550462
550505
550534
550563
550592
550613
550652
550691
550730
550763
550800
550821
550842
550867
550892
550921
550936
550973
550998
551027
551064
551083
551108
551137
551148
551173
551206
551229
551252
551289
551324
551349
551376
551403
551434
551461
551488
551515
551532
551557
551590
551617
551632
551649
551682
551715
551730
551767
551808
551835
551854
551885
551916
551927
551942
551965
552002
552047
552082
552111
552120
552139
552168
552193
552252
552273
552288
552333
552356
552371
552388
552411
552444
552479
552508
552537
552560
552589
552620
552655
552680
552697
552718
552747
552770
552791
552838
552879
552902
552923
552940
552969
553016
553035
553058
553085
553116
553133
553176
553209
553254
553289
553314
553349
553362
553393
553418
553437
553466
553493
553518
553545
553590
553609
553644
553679
553700
553735
553766
553801
553842
553873
553888
553921
553956
553991
554026
554039
554074
554103
554128
554163
554194
554233
554254
554277
554310
554359
554382
554407
554418
554433
554460
554477
554512
554535
554568
554603
554646
554693
554708
554747
554778
554797
554834
554881
554938
554967
555004
555033
555068
555091
555116
555139
555180
555213
555250
555269
555298
555325
555360
555395
555414
555455
555496
555535
555566
555599
555634
555667
555704
555733
555766
555807
555834
555857
555888
555911
555936
555951
555980
556021
556044
556075
556106
556131
556150
556187
556212
556245
556276
556301
556336
556355
556378
556399
556422
556455
556478
556503
556528
556557
556592
556613
556642
556671
556706
556741
556776
556813
556850
556875
556902
556937
556948
556973
557004
557043
557062
557093
557132
557161
557198
557219
557244
557279
557302
557343
557372
557405
557432
557443
557474
557489
557522
557539
557576
557599
557624
557645
557666
557691
557718
557753
557782
557807
557846
557879
557896
557923
557940
557975
558010
558047
558068
558081
558122
558159
558184
558219
558258
558283
558296
558315
558346
558367
558396
558415
558442
558471
558490
558519
558536
558579
558618
558651
558680
558701
558732
558751
558772
558797
558826
558857
558886
558923
558944
558969
558998
559021
559062
559101
559120
559153
559192
559227
559266
559291
559312
559345
559386
559407
559424
559445
559484
559517
559558
559589
559610
559629
559664
559685
559710
559753
559790
559811
559842
559869
559888
559909
559932
559961
559992
560015
560060
560089
560118
560165
560198
560219
560252
560293
560328
560355
560378
560385
560420
560447
560478
560499
560520
560555
560580
560609
560642
560673
560708
560741
560764
560793
560828
560853
560876
560897
560940
560983
561006
561047
561074
561103
561132
561167
561194
561229
561248
561275
561304
561335
561376
561397
561430
561455
561476
561509
561536
561551
561564
561591
561626
561667
561712
561753
561788
561809
561840
561857
561878
561907
561932
561961
561992
562009
562044
562055
562098
562121
562152
562187
562200
562241
562260
562297
562332
562363
562402
562429
562444
562475
562498
562531
562564
562601
562640
562673
562698
562711
562734
562763
562790
562823
562840
562869
562884
562923
562950
562975
563004
563025
563060
563089
563118
563147
563164
563195
563220
563253
563286
563315
563340
563359
563392
563423
563440
563457
563490
563525
563568
563593
563620
563641
563664
563703
563722
563763
563788
563805
563840
563885
563912
563935
563960
563997
564026
564061
564076
564113
564142
564163
564184
564209
564240
564271
564310
564329
564362
564403
564434
564465
564486
564503
564540
564567
564584
564609
564644
564673
564710
564743
564770
564783
564822
564847
564878
564913
564936
564955
564982
565009
565030
565041
565060
565087
565116
565127
565140
565157
565178
565195
565228
565259
565294
565331
565364
565385
565410
565443
565462
565479
565500
565547
565580
565609
565636
565673
565694
565721
565754
565781
565822
565835
565862
565891
565918
565947
565972
565993
566024
566049
566086
566117
566144
566165
566196
566225
566256
566265
566298
566327
566374
566385
566416
566449
566482
566513
566542
566569
566584
566623
566652
566675
566706
566723
566762
566793
566820
566847
566880
566909
566932
566959
566986
567005
567030
567061
567092
567105
567120
567149
567164
567199
567228
567249
567292
567335
567366
567397
567438
567443
567476
567509
567552
567579
567602
567641
567688
567709
567740
567781
567792
567829
567868
567903
567936
567955
567984
568021
568050
568085
568128
568169
568196
568215
568236
568257
568274
568309
568346
568379
568398
568437
568464
568509
568528
568553
568566
568599
568630
568663
568696
568731
568760
568775
568798
568817
568840
568873
568898
568925
568946
568979
569016
569043
569060
569101
569124
569143
569180
569209
569256
569275
569302
569319
569352
569393
569406
569443
569472
569511
569538
569565
569594
569619
569648
569683
569706
569739
569796
569813
569836
569843
569876
569899
569932
569977
570002
570027
570064
570087
570116
570165
570188
570221
570258
570279
570308
570345
570382
570419
570464
570497
570522
570547
570572
570601
570630
570655
570680
570711
570748
570771
570806
570833
570868
570901
570926
570937
570970
571005
571028
571059
571092
571125
571162
571185
571202
571243
571284
571309
571344
571373
571408
571441
571470
571491
571514
571539
571566
571605
571628
571641
571664
571705
571730
571769
571802
571835
571860
571893
571920
571969
571992
572019
572038
572067
572094
572125
572144
572171
572204
572231
572242
572273
572298
572327
572384
572413
572446
572467
572496
572539
572574
572605
572628
572687
572720
572729
572758
572795
572832
572875
572914
572947
572964
572991
573022
573065
573098
573117
573150
573201
573230
573259
573300
573337
573368
573407
573440
573453
573488
573513
573552
573587
573626
573667
573688
573723
573748
573777
573806
573831
573874
573907
573942
573977
574006
574029
574040
574079
574112
574141
574162
574179
574216
574235
574254
574281
574304
574337
574358
574389
574424
574455
574484
574521
574546
574573
574594
574627
574662
574691
574712
574729
574748
574783
574812
574843
574884
574925
574950
574973
575006
575031
575050
575061
575094
575111
575146
575177
575198
575219
575242
575285
575306
575331
575360
575385
575412
575423
575454
575485
575536
575551
575584
575607
575644
575675
575700
575731
575766
575795
575820
575847
575868
575915
575938
575963
575996
576033
576060
576083
576118
576137
576166
576195
576212
576253
576278
576307
576330
576353
576396
576433
576464
576481
576494
576531
576564
576585
576620
576651
576670
576703
576734
576773
576806
576827
576852
576879
576912
576953
576964
576997
577008
577027
577068
577107
577140
577187
577212
577241
577260
577281
577308
577351
577372
577403
577452
577477
577518
577551
577578
577597
577634
577651
577680
577709
577732
577755
577786
577807
577838
577853
577888
577907
577918
577957
577972
577999
578028
578061
578088
578137
578176
578199
578232
578255
578282
578315
578350
578371
578404
578421
578440
578455
578484
578519
578532
578545
578576
578609
578622
578655
578686
578725
578754
578793
578824
578855
578880
578903
578940
578965
578986
579003
579020
579045
579082
579125
579160
579193
579222
579249
579268
579295
579314
579339
579360
579389
579428
579451
579500
579525
579564
579587
579614
579649
579672
579709
579736
579757
579792
579813
579840
579865
579908
579967
580008
580051
580074
580113
580142
580165
580198
580225
580252
580289
580314
580341
580380
580403
580434
580461
580488
580505
580524
580553
580586
580605
580618
580645
580674
580709
580732
580761
580804
580835
580856
580897
580926
580935
580958
580983
581008
581037
581070
581103
581122
581141
581178
581223
581250
581269
581300
581329
581360
581395
581424
581455
581480
581505
581544
581585
581614
581645
581680
581721
581760
581783
581808
581831
581862
581889
581914
581949
581984
582015
582052
582087
582136
582157
582188
582219
582236
582271
582308
582331
582360
582375
582396
582425
582438
582477
582506
582543
582572
582593
582620
582657
582680
582701
582726
582733
582758
582785
582804
582829
582846
582873
582900
582923
582948
582967
582990
583021
583052
583079
583112
583143
583170
583201
583224
583249
583286
583327
583352
583391
583410
583447
583472
583483
583514
583543
583566
583591
583616
583645
583670
583695
583720
583743
583770
583785
583816
583855
583882
583909
583942
583971
583998
584023
584048
584077
584100
584117
584156
584177
584198
584219
584242
584271
584290
584301
584330
584347
584380
584395
584426
584455
584470
584507
584532
584563
584596
584625
584652
584671
584682
584705
584730
584755
584790
584813
584836
584879
584888
584927
584952
584985
585020
585045
585072
585091
585124
585149
585192
585223
585262
585289
585320
585343
585380
585417
585446
585473
585502
585523
585554
585591
585618
585653
585680
585713
585748
585787
585810
585833
585860
585889
585916
585949
585978
585997
586018
586061
586094
586115
586138
586163
586192
586227
586268
586295
586324
586345
586376
586409
586434
586471
586512
586541
586574
586593
586622
586649
586678
586713
586740
586773
586796
586823
586852
586889
586924
586941
586980
587013
587054
587095
587138
587177
587206
587223
587252
587285
587306
587329
587362
587387
587418
587431
587452
587481
587512
587533
587558
587593
587622
587661
587688
587721
587756
587791
587814
587845
587864
587887
587916
587947
587986
588029
588062
588085
588108
588137
588172
588207
588232
588263
588296
588325
588350
588381
588408
588425
588456
588493
588520
588549
588568
588587
588610
588639
588670
588691
588708
588743
588758
588781
588810
588839
588868
588909
588938
588949
588982
589021
589060
589089
589116
589153
589180
589199
589230
589269
589294
589327
589360
589387
589416
589467
589512
589529
589552
589585
589612
589641
589676
589699
589730
589763
589796
589819
589842
589865
589894
589921
589942
589969
589998
590025
590042
590069
590098
590129
590148
590165
590186
590209
590242
590279
590304
590343
590370
590399
590454
590487
590514
590533
590562
590583
590614
590645
590678
590705
590724
590737
590758
590785
590816
590829
590852
590871
590906
590935
590974
591003
591048
591087
591114
591145
591166
591193
591226
591249
591280
591295
591328
591359
591388
591397
591416
591449
591472
591495
591524
591553
591578
591615
591642
591659
591698
591737
591758
591789
591820
591841
591868
591905
591918
591955
591988
592009
592024
592045
592074
592111
592140
592167
592194
592217
592248
592271
592296
592309
592340
592377
592402
592433
592436
592461
592492
592519
592552
592581
592618
592647
592666
592683
592708
592735
592760
592785
592812
592839
592864
592901
592928
592961
592994
593029
593056
593087
593126
593159
593180
593203
593218
593249
593284
593307
593334
593359
593406
593427
593464
593489
593514
593541
593562
593589
593632
593671
593698
593725
593756
593781
593810
593839
593868
593897
593932
593951
593986
594011
594044
594081
594116
594151
594198
594223
594256
594287
594318
594335
594360
594387
594410
594445
594482
594515
594548
594573
594602
594641
594666
594705
594742
594783
594836
594859
594884
594919
594948
594981
595000
595039
595058
595093
595114
595143
595166
595197
595222
595245
595276
595309
595346
595379
595404
595441
595488
595507
595526
595555
595576
595617
595644
595673
595700
595715
595748
595769
595792
595813
595824
595861
595882
595917
595952
595967
596002
596031
596076
596113
596146
596183
596208
596227
596266
596295
596326
596351
596380
596419
596438
596469
596502
596521
596556
596581
596614
596653
596676
596713
596732
596755
596770
596797
596822
596845
596870
596911
596930
596959
596988
597017
597044
597087
597122
597145
597174
597211
597226
597267
597298
597325
597346
597379
597398
597427
597456
597487
597510
597535
597564
597595
597634
597669
597690
597725
597760
597801
597828
597851
597886
597917
597932
597961
597980
598011
598036
598079
598112
598147
598174
598207
598236
598259
598312
598337
598374
598395
598410
598437
598468
598489
598526
598561
598586
598619
598654
598679
598724
598759
598784
598815
598836
598875
598906
598939
598964
599003
599026
599059
599082
599117
599150
599177
599204
599235
599256
599277
599314
599339
599386
599409
599450
599483
599526
599561
599578
599613
599642
599659
599680
599717
599752
599777
599804
599825
599854
599897
599928
599957
599994
600019
600048
600089
600116
600149
600182
600213
600240
600277
600306
600335
600368
600413
600438
600457
600484
600511
600542
600557
600584
600619
600644
600669
600694
600729
600762
600789
600834
600869
600896
600927
600952
600973
601006
601033
601056
601089
601114
601155
601184
601207
601240
601257
601278
601319
601342
601373
601390
601429
601470
601501
601520
601549
601592
601625
601662
601687
601710
601733
601754
601787
601816
601843
601860
601897
601924
601947
601976
602003
602040
602055
602092
602119
602148
602181
602192
602221
602256
602295
602308
602339
602382
602403
602430
602451
602470
602497
602524
602559
602576
602613
602650
602683
602718
602757
602780
602811
602846
602883
602908
602931
602968
602995
603040
603057
603080
603103
603130
603163
603186
603213
603242
603265
603294
603325
603342
603375
603406
603433
603478
603497
603526
603547
603576
603599
603628
603653
603694
603727
603756
603787
603820
603847
603880
603911
603944
603977
603990
604013
604038
604089
604124
604167
604194
604213
604242
604275
604302
604339
604368
604389
604410
604435
604466
604497
604526
604567
604602
604629
604656
604693
604720
604759
604792
604817
604840
604871
604896
604923
604936
604945
604978
604995
605032
605059
605098
605119
605150
605165
605196
605227
605260
605299
605326
605355
605382
605417
605436
605469
605508
605553
605584
605633
605668
605699
605718
605749
605784
605835
605868
605907
605928
605961
605986
606015
606042
606073
606104
606119
606166
606193
606236
606273
606300
606327
606370
606405
606420
606457
606474
606493
606524
606547
606564
606595
606608
606645
606674
606711
606738
606755
606776
606813
606838
606873
606890
606909
606928
606967
606988
607025
607060
607077
607110
607139
607180
607205
607246
607269
607304
607325
607356
607397
607420
607455
607488
607529
607566
607595
607628
607647
607666
607701
607730
607743
607780
607809
607866
607893
607932
607961
607992
608027
608056
608093
608126
608143
608180
608209
608244
608281
608304
608333
608364
608391
608432
608457
608498
608531
608558
608585
608608
608639
608672
608715
608750
608785
608822
608855
608874
608905
608926
608945
608984
609025
609056
609085
609130
609155
609184
609207
609238
609263
609300
609335
609374
609409
609436
609473
609502
609529
609562
609577
609614
609633
609672
609697
609714
609733
609776
609805
609834
609857
609872
609885
609908
609921
609956
609995
610018
610045
610070
610089
610116
610139
610166
610189
610204
610239
610262
610285
610310
610327
610376
610399
610424
610459
610482
610513
610536
610567
610590
610623
610654
610685
610702
610745
610786
610817
610842
610877
610890
610917
610952
610981
611010
611031
611052
611089
611130
611155
611184
611217
611248
611275
611302
611323
611352
611383
611422
611463
611482
611515
611534
611569
611606
611649
611676
611707
611746
611777
611810
611819
611850
611873
611904
611925
611964
611989
612026
612051
612076
612103
612130
612153
612180
612197
612230
612271
612314
612339
612380
612395
612416
612443
612476
612497
612520
612555
612592
612621
612644
612673
612698
612727
612752
612773
612778
612801
612832
612853
612892
612917
612942
612975
613010
613035
613068
613095
613134
613169
613186
613219
613258
613279
613312
613341
613364
613405
613432
613467
613492
613529
613582
613615
613658
613703
613740
613765
613798
613841
613862
613887
613914
613949
613970
613991
614012
614035
614058
614087
614134
614149
614192
614209
614226
614237
614272
614303
614336
614355
614396
614411
614448
614475
614508
614535
614568
614593
614626
614653
614668
614703
614748
614769
614800
614849
614882
614907
614938
614973
614992
615013
615036
615075
615098
615123
615156
615189
615218
615249
615274
615313
615330
615353
615378
615415
615442
615471
615504
615519
615538
615571
615608
615643
615676
615691
615716
615735
615756
615797
615820
615843
615866
615899
615936
615963
615984
616025
616046
616071
616098
616107
616140
616183
616222
616245
616286
616313
616346
616371
616394
616425
616446
616489
616534
616553
616570
616605
616640
616669
616694
616709
616744
616779
616806
616843
616878
616903
616930
616967
616998
617033
617060
617079
617098
617125
617156
617183
617208
617247
617284
617315
617348
617367
617406
617435
617480
617509
617538
617569
617588
617623
617664
617689
617714
617737
617770
617791
617826
617845
617864
617889
617904
617933
617964
617983
618008
618033
618078
618107
618154
618181
618230
618247
618280
618323
618344
618355
618392
618423
618462
618487
618518
618551
618580
618607
618642
618655
618672
618703
618742
618771
618798
618827
618854
618879
618902
618941
618974
619007
619028
619055
619074
619091
619116
619143
619160
619197
619210
619237
619266
619289
619328
619353
619382
619411
619442
619471
619508
619539
619566
619595
619626
619659
619682
619703
619736
619765
619782
619803
619844
619891
619938
619961
619994
620015
620040
620069
620094
620129
620150
620167
620186
620207
620242
620263
620288
620303
620328
620357
620392
620417
620448
620467
620486
620511
620542
620585
620622
620647
620660
620685
620710
620737
620768
620797
620822
620847
620880
620899
620928
620963
620986
621007
621038
621075
621110
621147
621182
621215
621242
621285
621320
621349
621392
621433
621448
621469
621484
621505
621538
621583
621618
621637
621656
621695
621726
621733
621762
621793
621824
621859
621884
621903
621938
621977
622010
622031
622086
622113
622146
622177
622204
622231
622256
622279
622304
622327
622346
622373
622402
622437
622468
622503
622522
622545
622590
622611
622630
622661
622696
622729
622752
622787
622822
622853
622888
622913
622950
622989
623018
623053
623102
623139
623158
623179
623216
623243
623272
623297
623322
623347
623370
623417
623456
623491
623532
623565
623598
623627
623652
623681
623708
623733
623756
623789
623818
623837
623880
623913
623936
623963
623980
624003
624042
624067
624090
624117
624136
624157
624172
624205
624250
624273
624314
624331
624356
624381
624412
624433
624474
624501
624538
624579
624604
624629
624658
624683
624714
624757
624780
624825
624860
624881
624906
624937
624976
625013
625030
625059
625108
625131
625168
625189
625236
625277
625300
625337
625370
625393
625426
625465
625496
625523
625556
625583
625610
625625
625682
625701
625728
625757
625788
625821
625826
625867
625890
625913
625944
625977
626028
626071
626094
626127
626146
626187
626222
626257
626286
626349
626390
626421
626452
626485
626504
626541
626572
626603
626628
626657
626680
626729
626764
626827
626858
626871
626894
626935
626980
627017
627050
627077
627102
627117
627144
627171
627198
627223
627258
627279
627318
627377
627418
627449
627474
627495
627524
627571
627612
627643
627676
627709
627726
627749
627766
627805
627828
627857
627878
627919
627960
627989
628016
628057
628090
628115
628152
628179
628216
628259
628290
628331
628376
628401
628436
628463
628494
628533
628558
628583
628610
628641
628688
628717
628734
628763
628802
628817
628852
628879
628904
628945
628964
628991
629022
629055
629076
629107
629132
629163
629196
629229
629244
629279
629302
629339
629368
629395
629432
629475
629488
629505
629540
629579
629598
629639
629666
629693
629718
629737
629766
629799
629844
629881
629910
629941
629978
629997
630028
630055
630086
630121
630156
630183
630220
630247
630280
630319
630350
630365
630400
630423
630454
630477
630508
630533
630564
630595
630632
630667
630700
630723
630754
630789
630822
630843
630868
630895
630914
630939
630964
630989
631018
631047
631066
631097
631120
631147
631164
631199
631232
631263
631306
631347
631374
631413
631418
631445
631462
631485
631500
631521
631542
631581
631610
631631
631666
631697
631730
631765
631796
631827
631856
631893
631912
631947
631982
632021
632050
632077
632114
632141
632180
632201
632242
632271
632296
632335
632360
632383
632418
632453
632484
632511
632536
632565
632588
632627
632656
632691
632728
632775
632798
632841
632874
632895
632920
632945
632980
633015
633034
633061
633098
633133
633160
633191
633232
633263
633278
633311
633332
633351
633376
633407
633424
633453
633478
633493
633524
633547
633596
633625
633676
633721
633748
633785
633800
633831
633860
633895
633912
633945
633976
633993
634018
634049
634082
634101
634134
634165
634190
634219
634258
634275
634308
634347
634384
634417
634454
634461
634496
634535
634572
634605
634642
634663
634682
634719
634744
634787
634810
634831
634860
634889
634944
634973
635012
635039
635090
635119
635140
635171
635206
635243
635286
635309
635350
635375
635414
635451
635474
635509
635540
635571
635616
635651
635664
635705
635746
635793
635812
635839
635872
635897
635932
635975
635994
636023
636048
636089
636114
636135
636182
636211
636238
636277
636310
636329
636350
636377
636402
636425
636454
636465
636492
636507
636528
636565
636586
636621
636662
636691
636718
636743
636782
636815
636858
636885
636932
636959
636996
637013
637046
637063
637080
637101
637136
637155
637190
637221
637262
637291
637332
637357
637376
637407
637432
637481
637508
637541
637570
637607
637638
637661
637680
637711
637732
637749
637806
637815
637838
637865
637894
637919
637948
637977
638010
638037
638068
638097
638126
638151
638182
638217
638236
638261
638296
638323
638354
638377
638412
638447
638486
638505
638538
638553
638578
638595
638610
638645
638666
638697
638740
638765
638800
638825
638842
638869
638896
638939
638970
639005
639038
639069
639110
639127
639154
639187
639228
639251
639268
639295
639340
639373
639418
639439
639472
639501
639518
639543
639562
639585
639616
639631
639662
639711
639756
639795
639828
639865
639890
639917
639960
639977
640012
640037
640060
640083
640108
640131
640152
640177
640206
640239
640292
640317
640356
640383
640412
640445
640488
640513
640538
640561
640578
640611
640640
640679
640700
640729
640774
640797
640820
640839
640862
640889
640922
640971
641006
641035
641050
641073
641102
641133
641162
641201
641230
641267
641296
641325
641352
641379
641406
641431
641460
641495
641536
641563
641600
641639
641670
641707
641732
641753
641782
641809
641834
641859
641882
641907
641940
641963
641980
642013
642050
642079
642116
642153
642176
642197
642232
642261
642292
642327
642356
642377
642412
642439
642464
642479
642510
642555
642594
642609
642642
642675
642712
642741
642768
642787
642816
642851
642874
642895
642924
642957
642986
643017
643038
643065
643086
643109
643136
643173
643198
643227
643244
643279
643300
643327
643350
643381
643418
643457
643488
643541
643574
643591
643604
643633
643672
643717
643748
643785
643822
643837
643876
643911
643944
643959
643980
644019
644062
644087
644100
644117
644152
644185
644210
644237
644266
644289
644310
644343
644372
644399
644452
644495
644520
644549
644572
644601
644628
644661
644698
644725
644756
644783
644820
644853
644882
644919
644946
644967
645000
645017
645040
645053
645084
645117
645144
645171
645200
645233
645272
645305
645344
645353
645382
645417
645450
645479
645516
645547
645572
645607
645634
645667
645704
645737
645780
645817
645854
645893
645918
645937
645960
645987
646024
646063
646084
646109
646146
646175
646206
646247
646286
646321
646344
646363
646388
646415
646444
646473
646496
646535
646574
646613
646644
646661
646690
646711
646742
646765
646790
646817
646842
646883
646918
646955
646982
646997
647024
647063
647094
647119
647154
647191
647216
647245
647272
647291
647310
647349
647376
647407
647434
647449
647486
647525
647546
647589
647612
647641
647678
647695
647710
647747
647774
647801
647812
647843
647874
647903
647938
647979
648008
648045
648066
648101
648126
648141
648164
648181
648212
648231
648262
648291
648320
648343
648376
648401
648454
648481
648504
648533
648556
648591
648634
648655
648692
648727
648762
648791
648814
648829
648858
648899
648942
648967
648988
649019
649046
649069
649096
649129
649146
649171
649192
649219
649230
649249
649286
649321
649362
649409
649456
649489
649524
649549
649574
649603
649640
649665
649700
649735
649748
649789
649810
649841
649864
649905
649924
649957
649990
650031
650042
650061
650092
650119
650144
650193
650212
650233
650264
650283
650334
650361
650398
650425
650444
650475
650504
650527
650556
650587
650628
650659
650680
650727
650754
650787
650828
650849
650878
650903
650922
650957
650980
651019
651042
651075
651112
651139
651160
651173
651210
651239
651266
651301
651334
651357
651376
651397
651440
651461
651490
651515
651546
651569
651610
651635
651662
651689
651720
651755
651784
651805
651828
651855
651892
651913
651950
651987
652008
652033
652054
652091
652122
652159
652196
652229
652262
652283
652318
652349
652372
652405
652440
652459
652480
652515
652532
652569
652596
652613
652646
652665
652694
652723
652754
652767
652800
652837
652872
652893
652900
652933
652960
652991
653016
653043
653078
653111
653140
653163
653178
653217
653244
653279
653318
653349
653384
653425
653442
653467
653488
653519
653556
653593
653628
653647
653682
653695
653712
653745
653776
653811
653836
653861
653878
653911
653938
653967
653990
654025
654044
654075
654098
654133
654172
654191
654206
654227
654256
654279
654304
654327
654354
654387
654410
654429
654454
654471
654514
654525
654558
654601
654628
654655
654688
654703
654720
654739
654790
654825
654852
654885
654908
654933
654970
654999
655026
655055
655092
655115
655156
655177
655210
655233
655270
655305
655334
655363
655388
655429
655468
655505
655506
655549
655582
655593
655612
655643
655668
655691
655716
655749
655772
655813
655842
655869
655910
655939
655968
655989
656030
656055
656088
656145
656170
656197
656240
656257
656302
656329
656354
656379
656412
656445
656450
656513
656536
656577
656604
656631
656670
656689
656704
656733
656758
656781
656804
656837
656860
656885
656926
656955
656986
657017
657030
657057
657074
657113
657144
657173
657198
657221
657266
657301
657328
657349
657392
657433
657464
657497
657524
657553
657570
657599
657628
657663
657700
657727
657764
657799
657840
657885
657906
657927
657958
657995
658040
658085
658122
658141
658176
658211
658240
658265
658294
658325
658354
658389
658416
658443
658472
658511
658536
658571
658600
658623
658656
658683
658708
658741
658800
658833
658864
658877
658920
658949
658972
659009
659054
659063
659096
659123
659156
659193
659232
659249
659280
659317
659342
659377
659402
659431
659454
659485
659506
659535
659570
659591
659632
659673
659702
659737
659780
659799
659834
659863
659892
659929
659958
659993
660026
660045
660066
660095
660132
660161
660192
660219
660246
660269
660308
660345
660374
660401
660440
660461
660474
660497
660528
660555
660578
660601
660624
660647
660686
660723
660754
660783
660806
660829
660860
660895
660914
660927
660976
661001
661032
661057
661082
661119
661150
661165
661204
661237
661282
661307
661348
661381
661402
661429
661452
best case: 467328
Average case: -212447
worst case: 509784
