992332
992335
992338
992343
992348
992353
992360
992367
992374
992383
992392
992397
992406
992417
992430
992437
992448
992459
992466
992477
992490
992499
992514
992529
992538
992555
992570
992587
992598
992609
992618
992625
992634
992647
992654
992671
992688
992699
992716
992733
992752
992771
992790
992803
992814
992829
992848
992869
992882
992901
992916
992937
992954
992977
992990
993003
993020
993045
993072
993087
993108
993117
993128
993143
993154
993167
993178
993199
993220
993233
993256
993267
993284
993313
993334
993349
993362
993375
993380
993393
993410
993419
993434
993457
993478
993501
993520
993521
993538
993557
993570
993587
993602
993617
993636
993653
993676
993689
993712
993731
993750
993761
993780
993795
993806
993825
993846
993861
993880
993901
993920
993933
993954
993973
993980
993989
994012
994033
994056
994075
994098
994113
994138
994151
994164
994185
994198
994213
994226
994239
994248
994269
994290
994303
994324
994335
994358
994371
994396
994409
994424
994437
994460
994485
994502
994519
994544
994559
994580
994601
994620
994635
994658
994679
994694
994717
994732
994745
994768
994787
994810
994825
994848
994859
994878
994903
994928
994951
994978
994991
995006
995023
995050
995071
995088
995103
995122
995133
995158
995185
995208
995221
995242
995257
995274
995299
995324
995339
995364
995381
995406
995425
995454
995475
995500
995513
995534
995547
995562
995577
995596
995623
995642
995669
995696
995719
995742
995755
995778
995791
995814
995829
995848
995859
995878
995891
995908
995937
995964
995989
996004
996021
996042
996065
996082
996113
996132
996155
996172
996191
996222
996253
996268
996293
996316
996343
996360
996381
996396
996429
996444
996451
996468
996501
996532
996555
996572
996591
996614
996633
996650
996675
996696
996721
996744
996771
996786
996803
996826
996859
996868
996887
996904
996933
996958
996983
997010
997031
997050
997081
997102
997129
997152
997165
997198
997223
997244
997273
997292
997305
997322
997337
997354
997373
997390
997405
997430
997453
997470
997495
997520
997533
997558
997573
997594
997615
997644
997669
997680
997715
997734
997757
997770
997791
997816
997833
997868
997881
997904
997927
997946
997983
997998
998019
998046
998075
998092
998117
998144
998167
998186
998205
998234
998265
998290
998301
998328
998353
998370
998389
998406
998429
998444
998465
998484
998509
998526
998553
998572
998593
998612
998633
998650
998671
998710
998733
998756
998777
998810
998833
998854
998869
998892
998919
998944
998969
998996
999009
999036
999055
999072
999089
999106
999131
999152
999167
999190
999213
999234
999263
999294
999305
999318
999347
999378
999393
999408
999431
999450
999465
999492
999521
999544
999557
999582
999605
999626
999649
999674
999707
999734
999747
999764
999779
999806
999825
999838
999857
999864
999877
999900
999919
999954
999987
1000002
1000021
1000056
1000087
1000112
1000135
1000160
1000187
1000214
1000227
1000248
1000265
1000290
1000317
1000342
1000365
1000402
1000421
1000446
1000477
1000498
1000527
1000542
1000561
1000588
1000607
1000636
1000657
1000682
1000715
1000736
1000759
1000774
1000799
1000826
1000857
1000878
1000895
1000918
1000937
1000952
1000989
1001018
1001047
1001072
1001083
1001108
1001137
1001166
1001193
1001216
1001245
1001268
1001289
1001326
1001345
1001362
1001377
1001412
1001437
1001456
1001487
1001508
1001541
1001566
1001591
1001608
1001637
1001668
1001695
1001704
1001719
1001746
1001773
1001792
1001823
1001846
1001875
1001892
1001927
1001960
1001981
1002014
1002039
1002056
1002079
1002104
1002131
1002148
1002177
1002190
1002209
1002240
1002269
1002290
1002305
1002314
1002347
1002382
1002405
1002426
1002439
1002466
1002491
1002510
1002535
1002550
1002575
1002588
1002615
1002638
1002663
1002692
1002723
1002738
1002771
1002796
1002825
1002834
1002851
1002880
1002905
1002928
1002951
1002976
1002997
1003014
1003041
1003064
1003081
1003114
1003129
1003160
1003185
1003204
1003229
1003250
1003281
1003308
1003335
1003360
1003381
1003400
1003421
1003448
1003469
1003488
1003499
1003536
1003567
1003588
1003603
1003624
1003643
1003666
1003683
1003718
1003747
1003778
1003805
1003828
1003847
1003888
1003921
1003948
1003981
1004008
1004031
1004052
1004079
1004096
1004113
1004138
1004163
1004194
1004211
1004252
1004279
1004304
1004323
1004340
1004359
1004384
1004401
1004424
1004459
1004474
1004509
1004540
1004553
1004578
1004589
1004610
1004633
1004656
1004685
1004718
1004761
1004780
1004809
1004834
1004853
1004880
1004897
1004918
1004947
1004968
1004997
1005026
1005043
1005064
1005089
1005116
1005147
1005174
1005191
1005214
1005243
1005266
1005287
1005306
1005341
1005366
1005395
1005412
1005443
1005480
1005497
1005524
1005541
1005572
1005591
1005618
1005635
1005656
1005681
1005716
1005749
1005768
1005787
1005810
1005839
1005876
1005901
1005934
1005963
1005994
1006013
1006036
1006065
1006110
1006129
1006156
1006185
1006206
1006219
1006250
1006275
1006300
1006329
1006354
1006373
1006392
1006411
1006438
1006457
1006494
1006525
1006556
1006583
1006600
1006627
1006646
1006679
1006706
1006733
1006746
1006781
1006798
1006821
1006854
1006879
1006898
1006919
1006950
1006967
1006998
1007025
1007060
1007071
1007088
1007117
1007142
1007159
1007182
1007191
1007208
1007233
1007266
1007301
1007332
1007371
1007418
1007433
1007462
1007479
1007504
1007535
1007558
1007605
1007632
1007673
1007696
1007723
1007738
1007759
1007784
1007807
1007842
1007873
1007882
1007909
1007938
1007965
1007984
1008007
1008034
1008055
1008070
1008099
1008122
1008137
1008186
1008203
1008222
1008259
1008286
1008307
1008336
1008379
1008404
1008429
1008446
1008481
1008518
1008547
1008568
1008591
1008612
1008627
1008650
1008669
1008680
1008707
1008730
1008747
1008784
1008813
1008836
1008863
1008884
1008903
1008924
1008945
1008976
1008997
1009026
1009047
1009070
1009115
1009134
1009165
1009188
1009215
1009240
1009257
1009280
1009307
1009334
1009351
1009384
1009407
1009440
1009461
1009482
1009509
1009536
1009555
1009572
1009603
1009638
1009675
1009702
1009735
1009768
1009793
1009826
1009835
1009862
1009881
1009904
1009925
1009960
1009979
1010008
1010033
1010048
1010069
1010104
1010135
1010168
1010191
1010222
1010253
1010282
1010315
1010344
1010361
1010386
1010415
1010452
1010481
1010526
1010557
1010582
1010599
1010618
1010639
1010678
1010699
1010726
1010747
1010764
1010781
1010798
1010819
1010850
1010879
1010900
1010923
1010948
1010977
1010998
1011023
1011052
1011075
1011082
1011101
1011128
1011167
1011200
1011223
1011252
1011273
1011292
1011345
1011366
1011395
1011416
1011435
1011454
1011493
1011520
1011547
1011572
1011601
1011620
1011647
1011676
1011697
1011736
1011775
1011822
1011845
1011878
1011907
1011934
1011971
1012006
1012033
1012050
1012067
1012088
1012113
1012130
1012147
1012178
1012199
1012222
1012245
1012274
1012301
1012330
1012359
1012392
1012415
1012436
1012461
1012482
1012521
1012544
1012569
1012592
1012607
1012638
1012655
1012680
1012703
1012728
1012755
1012772
1012797
1012816
1012837
1012874
1012909
1012932
1012955
1012976
1012991
1013016
1013039
1013068
1013085
1013108
1013137
1013160
1013195
1013218
1013223
1013242
1013265
1013294
1013327
1013348
1013369
1013394
1013425
1013442
1013453
1013478
1013503
1013530
1013547
1013574
1013603
1013624
1013653
1013680
1013711
1013734
1013759
1013790
1013817
1013850
1013881
1013904
1013939
1013970
1013985
1014014
1014033
1014060
1014077
1014090
1014111
1014126
1014153
1014176
1014205
1014234
1014253
1014274
1014301
1014322
1014349
1014372
1014397
1014428
1014451
1014472
1014503
1014528
1014543
1014564
1014583
1014614
1014639
1014664
1014681
1014714
1014733
1014762
1014797
1014810
1014835
1014874
1014899
1014904
1014925
1014952
1014979
1015004
1015035
1015068
1015101
1015130
1015155
1015186
1015213
1015256
1015275
1015298
1015323
1015350
1015375
1015402
1015427
1015454
1015481
1015504
1015535
1015564
1015593
1015618
1015643
1015668
1015691
1015742
1015763
1015794
1015823
1015840
1015857
1015888
1015913
1015946
1015977
1016010
1016021
1016040
1016061
1016088
1016111
1016128
1016157
1016184
1016215
1016244
1016265
1016294
1016319
1016352
1016367
1016394
1016417
1016446
1016473
1016496
1016523
1016556
1016591
1016612
1016637
1016668
1016703
1016714
1016737
1016768
1016789
1016818
1016837
1016858
1016883
1016906
1016937
1016964
1016983
1016996
1017027
1017050
1017071
1017084
1017103
1017134
1017151
1017184
1017205
1017234
1017249
1017280
1017309
1017336
1017365
1017386
1017405
1017426
1017453
1017464
1017489
1017504
1017539
1017568
1017597
1017628
1017637
1017662
1017689
1017704
1017729
1017766
1017787
1017808
1017849
1017880
1017907
1017930
1017943
1017966
1017991
1018014
1018037
1018054
1018083
1018106
1018125
1018158
1018195
1018222
1018243
1018254
1018279
1018304
1018319
1018338
1018369
1018388
1018415
1018440
1018473
1018492
1018519
1018540
1018569
1018598
1018621
1018650
1018689
1018692
1018713
1018740
1018771
1018800
1018829
1018846
1018873
1018908
1018939
1018962
1018995
1019018
1019041
1019066
1019107
1019134
1019153
1019180
1019207
1019236
1019279
1019304
1019329
1019354
1019377
1019408
1019447
1019486
1019499
1019530
1019555
1019590
1019619
1019630
1019655
1019690
1019717
1019740
1019763
1019786
1019815
1019830
1019849
1019882
1019911
1019946
1019967
1019994
1020021
1020044
1020071
1020110
1020143
1020174
1020215
1020240
1020259
1020284
1020297
1020328
1020347
1020374
1020397
1020416
1020445
1020468
1020489
1020510
1020537
1020554
1020565
1020588
1020625
1020642
1020669
1020704
1020725
1020748
1020773
1020802
1020829
1020860
1020871
1020904
1020937
1020968
1020995
1021026
1021055
1021088
1021117
1021140
1021163
1021186
1021211
1021232
1021257
1021274
1021293
1021332
1021351
1021382
1021405
1021424
1021443
1021466
1021485
1021508
1021543
1021568
1021597
1021628
1021655
1021682
1021715
1021746
1021771
1021794
1021819
1021848
1021879
1021900
1021927
1021954
1021985
1022020
1022039
1022062
1022085
1022104
1022141
1022164
1022177
1022204
1022239
1022264
1022297
1022312
1022339
1022366
1022393
1022414
1022445
1022462
1022477
1022490
1022521
1022554
1022587
1022614
1022645
1022668
1022693
1022708
1022729
1022750
1022785
1022806
1022839
1022856
1022883
1022902
1022923
1022952
1022969
1023000
1023029
1023046
1023059
1023092
1023127
1023164
1023199
1023222
1023243
1023278
1023299
1023330
1023361
1023390
1023427
1023460
1023489
1023524
1023551
1023576
1023609
1023628
1023661
1023684
1023711
1023750
1023775
1023790
1023813
1023836
1023865
1023890
1023917
1023940
1023971
1024000
1024019
1024044
1024071
1024102
1024133
1024152
1024183
1024198
1024219
1024252
1024277
1024314
1024341
1024374
1024393
1024426
1024453
1024470
1024479
1024516
1024545
1024572
1024601
1024630
1024653
1024678
1024713
1024746
1024773
1024800
1024805
1024828
1024853
1024880
1024933
1024952
1024979
1025006
1025029
1025058
1025081
1025112
1025125
1025150
1025175
1025210
1025239
1025270
1025301
1025350
1025369
1025400
1025425
1025452
1025485
1025494
1025533
1025560
1025579
1025604
1025627
1025654
1025683
1025704
1025739
1025766
1025805
1025822
1025855
1025880
1025905
1025930
1025973
1026004
1026027
1026064
1026101
1026120
1026139
1026168
1026193
1026218
1026249
1026280
1026303
1026332
1026339
1026372
1026407
1026432
1026457
1026484
1026511
1026548
1026579
1026600
1026621
1026644
1026677
1026700
1026719
1026734
1026763
1026800
1026833
1026862
1026889
1026918
1026945
1026968
1026997
1027020
1027045
1027070
1027107
1027134
1027171
1027196
1027225
1027252
1027289
1027334
1027369
1027386
1027415
1027438
1027467
1027488
1027509
1027542
1027559
1027580
1027605
1027626
1027663
1027682
1027705
1027722
1027757
1027780
1027813
1027842
1027871
1027888
1027921
1027946
1027965
1027998
1028025
1028050
1028069
1028112
1028139
1028156
1028195
1028212
1028249
1028284
1028319
1028352
1028373
1028396
1028425
1028444
1028475
1028508
1028537
1028568
1028587
1028618
1028649
1028676
1028689
1028724
1028747
1028774
1028803
1028842
1028865
1028898
1028931
1028972
1029005
1029032
1029059
1029092
1029111
1029142
1029165
1029186
1029205
1029242
1029271
1029298
1029337
1029376
1029397
1029424
1029441
1029456
1029509
1029566
1029591
1029630
1029663
1029698
1029727
1029750
1029779
1029800
1029825
1029856
1029881
1029904
1029931
1029968
1030001
1030030
1030065
1030086
1030121
1030146
1030171
1030206
1030229
1030250
1030289
1030300
1030323
1030358
1030381
1030408
1030443
1030478
1030501
1030530
1030555
1030582
1030601
1030614
1030635
1030658
1030685
1030700
1030731
1030744
1030769
1030802
1030833
1030846
1030869
1030890
1030917
1030946
1030973
1031008
1031029
1031068
1031107
1031124
1031153
1031182
1031207
1031240
1031261
1031294
1031319
1031342
1031371
1031386
1031415
1031452
1031483
1031516
1031533
1031546
1031573
1031608
1031641
1031664
1031699
1031742
1031761
1031800
1031825
1031864
1031885
1031912
1031945
1031968
1031997
1032032
1032053
1032072
1032103
1032130
1032165
1032180
1032205
1032224
1032251
1032272
1032291
1032314
1032335
1032378
1032399
1032420
1032451
1032484
1032511
1032536
1032567
1032594
1032617
1032646
1032681
1032702
1032729
1032750
1032775
1032804
1032831
1032862
1032895
1032936
1032963
1032990
1033019
1033056
1033089
1033116
1033125
1033158
1033183
1033218
1033249
1033280
1033305
1033336
1033361
1033384
1033405
1033428
1033455
1033470
1033501
1033532
1033557
1033582
1033611
1033642
1033667
1033696
1033721
1033750
1033785
1033800
1033825
1033834
1033855
1033884
1033917
1033936
1033977
1033998
1034033
1034054
1034071
1034100
1034121
1034166
1034197
1034220
1034245
1034276
1034305
1034340
1034365
1034390
1034421
1034442
1034469
1034492
1034507
1034544
1034577
1034588
1034617
1034652
1034677
1034702
1034741
1034776
1034791
1034822
1034851
1034888
1034937
1034964
1034997
1035026
1035049
1035082
1035113
1035146
1035153
1035188
1035217
1035244
1035265
1035294
1035325
1035350
1035393
1035428
1035447
1035480
1035505
1035530
1035575
1035610
1035639
1035668
1035707
1035726
1035761
1035800
1035829
1035852
1035871
1035898
1035925
1035952
1035969
1035994
1036015
1036040
1036089
1036116
1036139
1036168
1036189
1036210
1036231
1036266
1036303
1036334
1036369
1036392
1036419
1036446
1036475
1036502
1036523
1036542
1036569
1036600
1036631
1036666
1036695
1036720
1036759
1036782
1036793
1036806
1036841
1036862
1036883
1036904
1036941
1036966
1036995
1037022
1037041
1037064
1037087
1037114
1037153
1037182
1037207
1037226
1037253
1037276
1037303
1037332
1037361
1037382
1037403
1037430
1037465
1037490
1037529
1037552
1037587
1037630
1037643
1037680
1037711
1037732
1037753
1037784
1037805
1037834
1037865
1037896
1037913
1037952
1037969
1037996
1038021
1038050
1038073
1038102
1038119
1038120
1038147
1038186
1038209
1038242
1038271
1038310
1038335
1038362
1038387
1038412
1038443
1038478
1038497
1038522
1038549
1038568
1038599
1038616
1038647
1038664
1038695
1038724
1038747
1038774
1038797
1038826
1038857
1038874
1038895
1038924
1038941
1038958
1038979
1039006
1039031
1039052
1039089
1039108
1039143
1039180
1039215
1039250
1039275
1039302
1039325
1039354
1039383
1039408
1039437
1039470
1039497
1039540
1039561
1039592
1039617
1039640
1039687
1039704
1039735
1039766
1039791
1039822
1039849
1039880
1039903
1039924
1039949
1039978
1039999
1040020
1040047
1040080
1040107
1040142
1040161
1040184
1040205
1040244
1040271
1040312
1040329
1040344
1040375
1040406
1040433
1040460
1040497
1040516
1040541
1040568
1040603
1040638
1040667
1040696
1040725
1040758
1040777
1040796
1040809
1040846
1040883
1040908
1040933
1040956
1040985
1041012
1041033
1041060
1041087
1041110
1041143
1041182
1041205
1041224
1041265
1041276
1041305
1041338
1041373
1041412
1041441
1041458
1041491
1041498
1041521
1041548
1041561
1041590
1041637
1041672
1041683
1041714
1041737
1041756
1041789
1041806
1041841
1041860
1041905
1041910
1041919
1041944
1041985
1042028
1042061
1042092
1042117
1042142
1042179
1042212
1042251
1042288
1042307
1042340
1042359
1042392
1042425
1042452
1042479
1042510
1042531
1042548
1042581
1042608
1042651
1042684
1042715
1042732
1042753
1042788
1042823
1042856
1042877
1042908
1042949
1042982
1043005
1043034
1043061
1043096
1043115
1043136
1043159
1043172
1043193
1043226
1043249
1043274
1043303
1043330
1043363
1043398
1043423
1043444
1043475
1043504
1043529
1043546
1043581
1043600
1043623
1043642
1043677
1043704
1043735
1043766
1043785
1043814
1043831
1043862
1043887
1043922
1043959
1043990
1044019
1044052
1044079
1044110
1044137
1044166
1044195
1044216
1044255
1044276
1044293
1044318
1044351
1044392
1044425
1044454
1044479
1044510
1044543
1044574
1044599
1044636
1044667
1044700
1044727
1044762
1044777
1044804
1044829
1044866
1044897
1044930
1044949
1044972
1045001
1045022
1045053
1045082
1045113
1045152
1045187
1045212
1045225
1045256
1045291
1045312
1045339
1045362
1045375
1045414
1045451
1045472
1045493
1045506
1045527
1045552
1045585
1045612
1045637
1045666
1045699
1045734
1045757
1045780
1045817
1045848
1045873
1045896
1045929
1045968
1046001
1046036
1046059
1046092
1046121
1046162
1046193
1046230
1046247
1046270
1046287
1046320
1046359
1046392
1046421
1046440
1046471
1046516
1046547
1046572
1046603
1046638
1046669
1046706
1046733
1046750
1046769
1046808
1046833
1046864
1046885
1046908
1046941
1046980
1047009
1047030
1047045
1047076
1047109
1047144
1047173
1047206
1047239
1047266
1047295
1047316
1047343
1047368
1047401
1047426
1047455
1047490
1047511
1047538
1047551
1047574
1047605
1047636
1047667
1047698
1047725
1047750
1047771
1047798
1047837
1047858
1047897
1047920
1047953
1047980
1048019
1048048
1048071
1048096
1048121
1048142
1048165
1048196
1048223
1048256
1048289
1048330
1048363
1048396
1048421
1048454
1048489
1048516
1048545
1048568
1048599
1048620
1048649
1048684
1048707
1048742
1048775
1048794
1048827
1048860
1048883
1048910
1048949
1048996
1049023
1049056
1049077
1049102
1049123
1049156
1049177
1049200
1049223
1049272
1049295
1049338
1049379
1049406
1049429
1049446
1049451
1049476
1049507
1049536
1049565
1049606
1049631
1049658
1049695
1049720
1049751
1049768
1049807
1049840
1049869
1049882
1049909
1049926
1049957
1049998
1050035
1050064
1050085
1050110
1050133
1050174
1050211
1050234
1050265
1050296
1050325
1050346
1050387
1050422
1050459
1050478
1050517
1050534
1050563
1050594
1050621
1050658
1050679
1050712
1050735
1050760
1050795
1050824
1050845
1050862
1050875
1050906
1050935
1050972
1050993
1051018
1051055
1051086
1051119
1051142
1051173
1051192
1051227
1051260
1051275
1051290
1051333
1051372
1051389
1051414
1051453
1051472
1051503
1051538
1051575
1051600
1051633
1051660
1051685
1051700
1051723
1051760
1051781
1051818
1051851
1051890
1051923
1051956
1051979
1052016
1052035
1052060
1052095
1052150
1052175
1052210
1052225
1052256
1052285
1052322
1052347
1052370
1052403
1052420
1052455
1052490
1052511
1052552
1052579
1052602
1052627
1052654
1052693
1052712
1052745
1052776
1052805
1052838
1052857
1052876
1052911
1052938
1052961
1052998
1053019
1053052
1053091
1053120
1053151
1053184
1053213
1053252
1053287
1053324
1053355
1053378
1053397
1053432
1053439
1053456
1053485
1053514
1053541
1053576
1053613
1053636
1053675
1053708
1053743
1053780
1053795
1053822
1053839
1053866
1053895
1053934
1053967
1053994
1054011
1054042
1054055
1054084
1054113
1054142
1054173
1054218
1054241
1054262
1054289
1054330
1054365
1054390
1054407
1054430
1054449
1054464
1054497
1054528
1054557
1054594
1054619
1054648
1054679
1054694
1054723
1054742
1054773
1054794
1054827
1054848
1054875
1054904
1054925
1054950
1054975
1054998
1055033
1055072
1055095
1055124
1055155
1055182
1055235
1055248
1055275
1055308
1055339
1055366
1055403
1055418
1055461
1055490
1055519
1055552
1055579
1055616
1055657
1055678
1055705
1055734
1055757
1055784
1055801
1055844
1055857
1055880
1055911
1055942
1055967
1055990
1056031
1056050
1056087
1056126
1056147
1056164
1056193
1056222
1056245
1056274
1056295
1056322
1056349
1056384
1056403
1056438
1056467
1056496
1056509
1056546
1056571
1056600
1056621
1056656
1056667
1056708
1056731
1056744
1056785
1056818
1056851
1056902
1056927
1056956
1056993
1057018
1057043
1057084
1057113
1057136
1057177
1057196
1057233
1057258
1057287
1057328
1057371
1057404
1057441
1057476
1057489
1057540
1057561
1057598
1057623
1057644
1057665
1057692
1057709
1057734
1057759
1057792
1057811
1057850
1057871
1057906
1057931
1057962
1057997
1058026
1058045
1058080
1058107
1058126
1058141
1058176
1058195
1058222
1058247
1058274
1058303
1058326
1058359
1058406
1058445
1058470
1058499
1058538
1058567
1058590
1058597
1058614
1058641
1058686
1058715
1058742
1058763
1058792
1058809
1058838
1058863
1058908
1058945
1058978
1059003
1059034
1059069
1059090
1059121
1059146
1059169
1059204
1059225
1059258
1059297
1059336
1059363
1059400
1059429
1059464
1059483
1059512
1059549
1059580
1059605
1059638
1059649
1059682
1059711
1059744
1059789
1059818
1059839
1059880
1059909
1059942
1059973
1059998
1060027
1060050
1060101
1060144
1060181
1060202
1060227
1060254
1060283
1060314
1060343
1060358
1060399
1060430
1060457
1060494
1060527
1060548
1060587
1060620
1060641
1060674
1060705
1060736
1060757
1060780
1060781
1060812
1060849
1060876
1060895
1060924
1060953
1060976
1061007
1061048
1061087
1061116
1061145
1061170
1061215
1061250
1061285
1061312
1061339
1061396
1061423
1061450
1061479
1061500
1061523
1061554
1061589
1061608
1061635
1061670
1061699
1061710
1061739
1061756
1061781
1061802
1061827
1061848
1061859
1061880
1061909
1061940
1061975
1062010
1062035
1062064
1062089
1062130
1062159
1062194
1062229
1062252
1062275
1062304
1062337
1062364
1062395
1062428
1062467
1062486
1062509
1062540
1062557
1062584
1062605
1062638
1062657
1062686
1062711
1062748
1062777
1062808
1062847
1062874
1062897
1062926
1062959
1062996
1063025
1063044
1063071
1063094
1063123
1063158
1063189
1063202
1063229
1063248
1063277
1063310
1063337
1063360
1063385
1063416
1063441
1063464
1063495
1063530
1063561
1063580
1063615
1063648
1063675
1063700
1063731
1063768
1063779
1063808
1063849
1063868
1063893
1063906
1063939
1063972
1063999
1064038
1064059
1064090
1064113
1064146
1064171
1064190
1064217
1064244
1064275
1064296
1064331
1064356
1064375
1064404
1064427
1064456
1064479
1064512
1064555
1064586
1064621
1064650
1064671
1064704
1064731
1064756
1064781
1064806
1064837
1064870
1064905
1064936
1064965
1064994
1065007
1065032
1065069
1065106
1065121
1065158
1065175
1065208
1065233
1065276
1065309
1065336
1065361
1065378
1065409
1065424
1065457
1065484
1065523
1065550
1065581
1065610
1065643
1065678
1065705
1065730
1065763
1065788
1065811
1065836
1065871
1065902
1065925
1065964
1066003
1066032
1066061
1066078
1066107
1066132
1066187
1066208
1066239
1066260
1066271
1066312
1066351
1066364
1066383
1066414
1066451
1066484
1066497
1066518
1066551
1066574
1066609
1066640
1066675
1066698
1066725
1066746
1066775
1066806
1066827
1066850
1066881
1066920
1066959
1066978
1067003
1067030
1067043
1067074
1067107
1067132
1067151
1067170
1067201
1067226
1067261
1067278
1067319
1067348
1067367
1067396
1067427
1067452
1067475
1067498
1067517
1067552
1067585
1067610
1067649
1067688
1067709
1067728
1067749
1067788
1067829
1067860
1067885
1067916
1067945
1067986
1068019
1068034
1068065
1068096
1068123
1068162
1068197
1068216
1068249
1068274
1068303
1068334
1068375
1068416
1068449
1068466
1068489
1068500
1068535
1068556
1068579
1068610
1068645
1068668
1068699
1068730
1068753
1068796
1068833
1068862
1068889
1068910
1068941
1068974
1068995
1069022
1069059
1069072
1069101
1069130
1069167
1069198
1069233
1069262
1069289
1069328
1069357
1069386
1069405
1069434
1069477
1069504
1069539
1069554
1069579
1069610
1069631
1069654
1069701
1069732
1069769
1069806
1069839
1069872
1069901
1069916
1069943
1069968
1070005
1070026
1070059
1070086
1070113
1070132
1070167
1070192
1070229
1070266
1070287
1070326
1070337
1070364
1070399
1070416
1070437
1070474
1070505
1070542
1070571
1070594
1070625
1070642
1070663
1070694
1070717
1070738
1070755
1070784
1070825
1070860
1070883
1070906
1070945
1070988
1071007
1071026
1071049
1071082
1071119
1071152
1071167
1071200
1071235
1071270
1071311
1071338
1071367
1071410
1071445
1071466
1071493
1071516
1071527
1071556
1071561
1071594
1071619
1071642
1071659
1071676
1071695
1071724
1071753
1071780
1071815
1071848
1071877
1071908
1071939
1071962
1071987
1072008
1072033
1072060
1072097
1072116
1072133
1072158
1072183
1072220
1072247
1072278
1072313
1072338
1072373
1072392
1072431
1072462
1072485
1072506
1072549
1072582
1072615
1072630
1072659
1072682
1072713
1072744
1072775
1072796
1072823
1072842
1072879
1072908
1072929
1072968
1073003
1073034
1073063
1073102
1073129
1073162
1073187
1073206
1073229
1073266
1073311
1073334
1073357
1073384
1073405
1073432
1073451
1073484
1073515
1073538
1073561
1073590
1073625
1073652
1073669
1073700
1073727
1073768
1073793
1073824
1073845
1073882
1073911
1073928
1073959
1073994
1074013
1074050
1074075
1074112
1074139
1074156
1074197
1074230
1074247
1074276
1074315
1074346
1074383
1074402
1074431
1074452
1074481
1074514
1074525
1074558
1074591
1074620
1074659
1074696
1074707
1074744
1074763
1074792
1074833
1074880
1074901
1074922
1074961
1074990
1075021
1075050
1075077
1075112
1075141
1075164
1075181
1075200
1075231
1075262
1075283
1075312
1075339
1075368
1075403
1075430
1075469
1075512
1075541
1075570
1075599
1075620
1075659
1075698
1075737
1075770
1075807
1075828
1075849
1075874
1075899
1075928
1075943
1075980
1076005
1076034
1076071
1076090
1076115
1076144
1076155
1076180
1076213
1076236
1076259
1076296
1076331
1076356
1076383
1076410
1076441
1076468
1076495
1076522
1076539
1076564
1076597
1076624
1076639
1076656
1076689
1076722
1076737
1076774
1076815
1076842
1076861
1076892
1076923
1076934
1076949
1076972
1077009
1077054
1077089
1077118
1077127
1077146
1077175
1077200
1077259
1077280
1077295
1077340
1077363
1077378
1077395
1077418
1077451
1077486
1077515
1077544
1077567
1077596
1077627
1077662
1077687
1077704
1077725
1077754
1077777
1077798
1077845
1077886
1077909
1077930
1077947
1077976
1078023
1078042
1078065
1078092
1078123
1078140
1078183
1078216
1078261
1078296
1078321
1078356
1078369
1078400
1078425
1078444
1078473
1078500
1078525
1078552
1078597
1078616
1078651
1078686
1078707
1078742
1078773
1078808
1078849
1078880
1078895
1078928
1078963
1078998
1079033
1079046
1079081
1079110
1079135
1079170
1079201
1079240
1079261
1079284
1079317
1079366
1079389
1079414
1079425
1079440
1079467
1079484
1079519
1079542
1079575
1079610
1079653
1079700
1079715
1079754
1079785
1079804
1079841
1079888
1079945
1079974
1080011
1080040
1080075
1080098
1080123
1080146
1080187
1080220
1080257
1080276
1080305
1080332
1080367
1080402
1080421
1080462
1080503
1080542
1080573
1080606
1080641
1080674
1080711
1080740
1080773
1080814
1080841
1080864
1080895
1080918
1080943
1080958
1080987
1081028
1081051
1081082
1081113
1081138
1081157
1081194
1081219
1081252
1081283
1081308
1081343
1081362
1081385
1081406
1081429
1081462
1081485
1081510
1081535
1081564
1081599
1081620
1081649
1081678
1081713
1081748
1081783
1081820
1081857
1081882
1081909
1081944
1081955
1081980
1082011
1082050
1082069
1082100
1082139
1082168
1082205
1082226
1082251
1082286
1082309
1082350
1082379
1082412
1082439
1082450
1082481
1082496
1082529
1082546
1082583
1082606
1082631
1082652
1082673
1082698
1082725
1082760
1082789
1082814
1082853
1082886
1082903
1082930
1082947
1082982
1083017
1083054
1083075
1083088
1083129
1083166
1083191
1083226
1083265
1083290
1083303
1083322
1083353
1083374
1083403
1083422
1083449
1083478
1083497
1083526
1083543
1083586
1083625
1083658
1083687
1083708
1083739
1083758
1083779
1083804
1083833
1083864
1083893
1083930
1083951
1083976
1084005
1084028
1084069
1084108
1084127
1084160
1084199
1084234
1084273
1084298
1084319
1084352
1084393
1084414
1084431
1084452
1084491
1084524
1084565
1084596
1084617
1084636
1084671
1084692
1084717
1084760
1084797
1084818
1084849
1084876
1084895
1084916
1084939
1084968
1084999
1085022
1085067
1085096
1085125
1085172
1085205
1085226
1085259
1085300
1085335
1085362
1085385
1085392
1085427
1085454
1085485
1085506
1085527
1085562
1085587
1085616
1085649
1085680
1085715
1085748
1085771
1085800
1085835
1085860
1085883
1085904
1085947
1085990
1086013
1086054
1086081
1086110
1086139
1086174
1086201
1086236
1086255
1086282
1086311
1086342
1086383
1086404
1086437
1086462
1086483
1086516
1086543
1086558
1086571
1086598
1086633
1086674
1086719
1086760
1086795
1086816
1086847
1086864
1086885
1086914
1086939
1086968
1086999
1087016
1087051
1087062
1087105
1087128
1087159
1087194
1087207
1087248
1087267
1087304
1087339
1087370
1087409
1087436
1087451
1087482
1087505
1087538
1087571
1087608
1087647
1087680
1087705
1087718
1087741
1087770
1087797
1087830
1087847
1087876
1087891
1087930
1087957
1087982
1088011
1088032
1088067
1088096
1088125
1088154
1088171
1088202
1088227
1088260
1088293
1088322
1088347
1088366
1088399
1088430
1088447
1088464
1088497
1088532
1088575
1088600
1088627
1088648
1088671
1088710
1088729
1088770
1088795
1088812
1088847
1088892
1088919
1088942
1088967
1089004
1089033
1089068
1089083
1089120
1089149
1089170
1089191
1089216
1089247
1089278
1089317
1089336
1089369
1089410
1089441
1089472
1089493
1089510
1089547
1089574
1089591
1089616
1089651
1089680
1089717
1089750
1089777
1089790
1089829
1089854
1089885
1089920
1089943
1089962
1089989
1090016
1090037
1090048
1090067
1090094
1090123
1090134
1090147
1090164
1090185
1090202
1090235
1090266
1090301
1090338
1090371
1090392
1090417
1090450
1090469
1090486
1090507
1090554
1090587
1090616
1090643
1090680
1090701
1090728
1090761
1090788
1090829
1090842
1090869
1090898
1090925
1090954
1090979
1091000
1091031
1091056
1091093
1091124
1091151
1091172
1091203
1091232
1091263
1091272
1091305
1091334
1091381
1091392
1091423
1091456
1091489
1091520
1091549
1091576
1091591
1091630
1091659
1091682
1091713
1091730
1091769
1091800
1091827
1091854
1091887
1091916
1091939
1091966
1091993
1092012
1092037
1092068
1092099
1092112
1092127
1092156
1092171
1092206
1092235
1092256
1092299
1092342
1092373
1092404
1092445
1092450
1092483
1092516
1092559
1092586
1092609
1092648
1092695
1092716
1092747
1092788
1092799
1092836
1092875
1092910
1092943
1092962
1092991
1093028
1093057
1093092
1093135
1093176
1093203
1093222
1093243
1093264
1093281
1093316
1093353
1093386
1093405
1093444
1093471
1093516
1093535
1093560
1093573
1093606
1093637
1093670
1093703
1093738
1093767
1093782
1093805
1093824
1093847
1093880
1093905
1093932
1093953
1093986
1094023
1094050
1094067
1094108
1094131
1094150
1094187
1094216
1094263
1094282
1094309
1094326
1094359
1094400
1094413
1094450
1094479
1094518
1094545
1094572
1094601
1094626
1094655
1094690
1094713
1094746
1094803
1094820
1094843
1094850
1094883
1094906
1094939
1094984
1095009
1095034
1095071
1095094
1095123
1095172
1095195
1095228
1095265
1095286
1095315
1095352
1095389
1095426
1095471
1095504
1095529
1095554
1095579
1095608
1095637
1095662
1095687
1095718
1095755
1095778
1095813
1095840
1095875
1095908
1095933
1095944
1095977
1096012
1096035
1096066
1096099
1096132
1096169
1096192
1096209
1096250
1096291
1096316
1096351
1096380
1096415
1096448
1096477
1096498
1096521
1096546
1096573
1096612
1096635
1096648
1096671
1096712
1096737
1096776
1096809
1096842
1096867
1096900
1096927
1096976
1096999
1097026
1097045
1097074
1097101
1097132
1097151
1097178
1097211
1097238
1097249
1097280
1097305
1097334
1097391
1097420
1097453
1097474
1097503
1097546
1097581
1097612
1097635
1097694
1097727
1097736
1097765
1097802
1097839
1097882
1097921
1097954
1097971
1097998
1098029
1098072
1098105
1098124
1098157
1098208
1098237
1098266
1098307
1098344
1098375
1098414
1098447
1098460
1098495
1098520
1098559
1098594
1098633
1098674
1098695
1098730
1098755
1098784
1098813
1098838
1098881
1098914
1098949
1098984
1099013
1099036
1099047
1099086
1099119
1099148
1099169
1099186
1099223
1099242
1099261
1099288
1099311
1099344
1099365
1099396
1099431
1099462
1099491
1099528
1099553
1099580
1099601
1099634
1099669
1099698
1099719
1099736
1099755
1099790
1099819
1099850
1099891
1099932
1099957
1099980
1100013
1100038
1100057
1100068
1100101
1100118
1100153
1100184
1100205
1100226
1100249
1100292
1100313
1100338
1100367
1100392
1100419
1100430
1100461
1100492
1100543
1100558
1100591
1100614
1100651
1100682
1100707
1100738
1100773
1100802
1100827
1100854
1100875
1100922
1100945
1100970
1101003
1101040
1101067
1101090
1101125
1101144
1101173
1101202
1101219
1101260
1101285
1101314
1101337
1101360
1101403
1101440
1101471
1101488
1101501
1101538
1101571
1101592
1101627
1101658
1101677
1101710
1101741
1101780
1101813
1101834
1101859
1101886
1101919
1101960
1101971
1102004
1102015
1102034
1102075
1102114
1102147
1102194
1102219
1102248
1102267
1102288
1102315
1102358
1102379
1102410
1102459
1102484
1102525
1102558
1102585
1102604
1102641
1102658
1102687
1102716
1102739
1102762
1102793
1102814
1102845
1102860
1102895
1102914
1102925
1102964
1102979
1103006
1103035
1103068
1103095
1103144
1103183
1103206
1103239
1103262
1103289
1103322
1103357
1103378
1103411
1103428
1103447
1103462
1103491
1103526
1103539
1103552
1103583
1103616
1103629
1103662
1103693
1103732
1103761
1103800
1103831
1103862
1103887
1103910
1103947
1103972
1103993
1104010
1104027
1104052
1104089
1104132
1104167
1104200
1104229
1104256
1104275
1104302
1104321
1104346
1104367
1104396
1104435
1104458
1104507
1104532
1104571
1104594
1104621
1104656
1104679
1104716
1104743
1104764
1104799
1104820
1104847
1104872
1104915
1104974
1105015
1105058
1105081
1105120
1105149
1105172
1105205
1105232
1105259
1105296
1105321
1105348
1105387
1105410
1105441
1105468
1105495
1105512
1105531
1105560
1105593
1105612
1105625
1105652
1105681
1105716
1105739
1105768
1105811
1105842
1105863
1105904
1105933
1105942
1105965
1105990
1106015
1106044
1106077
1106110
1106129
1106148
1106185
1106230
1106257
1106276
1106307
1106336
1106367
1106402
1106431
1106462
1106487
1106512
1106551
1106592
1106621
1106652
1106687
1106728
1106767
1106790
1106815
1106838
1106869
1106896
1106921
1106956
1106991
1107022
1107059
1107094
1107143
1107164
1107195
1107226
1107243
1107278
1107315
1107338
1107367
1107382
1107403
1107432
1107445
1107484
1107513
1107550
1107579
1107600
1107627
1107664
1107687
1107708
1107733
1107740
1107765
1107792
1107811
1107836
1107853
1107880
1107907
1107930
1107955
1107974
1107997
1108028
1108059
1108086
1108119
1108150
1108177
1108208
1108231
1108256
1108293
1108334
1108359
1108398
1108417
1108454
1108479
1108490
1108521
1108550
1108573
1108598
1108623
1108652
1108677
1108702
1108727
1108750
1108777
1108792
1108823
1108862
1108889
1108916
1108949
1108978
1109005
1109030
1109055
1109084
1109107
1109124
1109163
1109184
1109205
1109226
1109249
1109278
1109297
1109308
1109337
1109354
1109387
1109402
1109433
1109462
1109477
1109514
1109539
1109570
1109603
1109632
1109659
1109678
1109689
1109712
1109737
1109762
1109797
1109820
1109843
1109886
1109895
1109934
1109959
1109992
1110027
1110052
1110079
1110098
1110131
1110156
1110199
1110230
1110269
1110296
1110327
1110350
1110387
1110424
1110453
1110480
1110509
1110530
1110561
1110598
1110625
1110660
1110687
1110720
1110755
1110794
1110817
1110840
1110867
1110896
1110923
1110956
1110985
1111004
1111025
1111068
1111101
1111122
1111145
1111170
1111199
1111234
1111275
1111302
1111331
1111352
1111383
1111416
1111441
1111478
1111519
1111548
1111581
1111600
1111629
1111656
1111685
1111720
1111747
1111780
1111803
1111830
1111859
1111896
1111931
1111948
1111987
1112020
1112061
1112102
1112145
1112184
1112213
1112230
1112259
1112292
1112313
1112336
1112369
1112394
1112425
1112438
1112459
1112488
1112519
1112540
1112565
1112600
1112629
1112668
1112695
1112728
1112763
1112798
1112821
1112852
1112871
1112894
1112923
1112954
1112993
1113036
1113069
1113092
1113115
1113144
1113179
1113214
1113239
1113270
1113303
1113332
1113357
1113388
1113415
1113432
1113463
1113500
1113527
1113556
1113575
1113594
1113617
1113646
1113677
1113698
1113715
1113750
1113765
1113788
1113817
1113846
1113875
1113916
1113945
1113956
1113989
1114028
1114067
1114096
1114123
1114160
1114187
1114206
1114237
1114276
1114301
1114334
1114367
1114394
1114423
1114474
1114519
1114536
1114559
1114592
1114619
1114648
1114683
1114706
1114737
1114770
1114803
1114826
1114849
1114872
1114901
1114928
1114949
1114976
1115005
1115032
1115049
1115076
1115105
1115136
1115155
1115172
1115193
1115216
1115249
1115286
1115311
1115350
1115377
1115406
1115461
1115494
1115521
1115540
1115569
1115590
1115621
1115652
1115685
1115712
1115731
1115744
1115765
1115792
1115823
1115836
1115859
1115878
1115913
1115942
1115981
1116010
1116055
1116094
1116121
1116152
1116173
1116200
1116233
1116256
1116287
1116302
1116335
1116366
1116395
1116404
1116423
1116456
1116479
1116502
1116531
1116560
1116585
1116622
1116649
1116666
1116705
1116744
1116765
1116796
1116827
1116848
1116875
1116912
1116925
1116962
1116995
1117016
1117031
1117052
1117081
1117118
1117147
1117174
1117201
1117224
1117255
1117278
1117303
1117316
1117347
1117384
1117409
1117440
1117443
1117468
1117499
1117526
1117559
1117588
1117625
1117654
1117673
1117690
1117715
1117742
1117767
1117792
1117819
1117846
1117871
1117908
1117935
1117968
1118001
1118036
1118063
1118094
1118133
1118166
1118187
1118210
1118225
1118256
1118291
1118314
1118341
1118366
1118413
1118434
1118471
1118496
1118521
1118548
1118569
1118596
1118639
1118678
1118705
1118732
1118763
1118788
1118817
1118846
1118875
1118904
1118939
1118958
1118993
1119018
1119051
1119088
1119123
1119158
1119205
1119230
1119263
1119294
1119325
1119342
1119367
1119394
1119417
1119452
1119489
1119522
1119555
1119580
1119609
1119648
1119673
1119712
1119749
1119790
1119843
1119866
1119891
1119926
1119955
1119988
1120007
1120046
1120065
1120100
1120121
1120150
1120173
1120204
1120229
1120252
1120283
1120316
1120353
1120386
1120411
1120448
1120495
1120514
1120533
1120562
1120583
1120624
1120651
1120680
1120707
1120722
1120755
1120776
1120799
1120820
1120831
1120868
1120889
1120924
1120959
1120974
1121009
1121038
1121083
1121120
1121153
1121190
1121215
1121234
1121273
1121302
1121333
1121358
1121387
1121426
1121445
1121476
1121509
1121528
1121563
1121588
1121621
1121660
1121683
1121720
1121739
1121762
1121777
1121804
1121829
1121852
1121877
1121918
1121937
1121966
1121995
1122024
1122051
1122094
1122129
1122152
1122181
1122218
1122233
1122274
1122305
1122332
1122353
1122386
1122405
1122434
1122463
1122494
1122517
1122542
1122571
1122602
1122641
1122676
1122697
1122732
1122767
1122808
1122835
1122858
1122893
1122924
1122939
1122968
1122987
1123018
1123043
1123086
1123119
1123154
1123181
1123214
1123243
1123266
1123319
1123344
1123381
1123402
1123417
1123444
1123475
1123496
1123533
1123568
1123593
1123626
1123661
1123686
1123731
1123766
1123791
1123822
1123843
1123882
1123913
1123946
1123971
1124010
1124033
1124066
1124089
1124124
1124157
1124184
1124211
1124242
1124263
1124284
1124321
1124346
1124393
1124416
1124457
1124490
1124533
1124568
1124585
1124620
1124649
1124666
1124687
1124724
1124759
1124784
1124811
1124832
1124861
1124904
1124935
1124964
1125001
1125026
1125055
1125096
1125123
1125156
1125189
1125220
1125247
1125284
1125313
1125342
1125375
1125420
1125445
1125464
1125491
1125518
1125549
1125564
1125591
1125626
1125651
1125676
1125701
1125736
1125769
1125796
1125841
1125876
1125903
1125934
1125959
1125980
1126013
1126040
1126063
1126096
1126121
1126162
1126191
1126214
1126247
1126264
1126285
1126326
1126349
1126380
1126397
1126436
1126477
1126508
1126527
1126556
1126599
1126632
1126669
1126694
1126717
1126740
1126761
1126794
1126823
1126850
1126867
1126904
1126931
1126954
1126983
1127010
1127047
1127062
1127099
1127126
1127155
1127188
1127199
1127228
1127263
1127302
1127315
1127346
1127389
1127410
1127437
1127458
1127477
1127504
1127531
1127566
1127583
1127620
1127657
1127690
1127725
1127764
1127787
1127818
1127853
1127890
1127915
1127938
1127975
1128002
1128047
1128064
1128087
1128110
1128137
1128170
1128193
1128220
1128249
1128272
1128301
1128332
1128349
1128382
1128413
1128440
1128485
1128504
1128533
1128554
1128583
1128606
1128635
1128660
1128701
1128734
1128763
1128794
1128827
1128854
1128887
1128918
1128951
1128984
1128997
1129020
1129045
1129096
1129131
1129174
1129201
1129220
1129249
1129282
1129309
1129346
1129375
1129396
1129417
1129442
1129473
1129504
1129533
1129574
1129609
1129636
1129663
1129700
1129727
1129766
1129799
1129824
1129847
1129878
1129903
1129930
1129943
1129952
1129985
1130002
1130039
1130066
1130105
1130126
1130157
1130172
1130203
1130234
1130267
1130306
1130333
1130362
1130389
1130424
1130443
1130476
1130515
1130560
1130591
1130640
1130675
1130706
1130725
1130756
1130791
1130842
1130875
1130914
1130935
1130968
1130993
1131022
1131049
1131080
1131111
1131126
1131173
1131200
1131243
1131280
1131307
1131334
1131377
1131412
1131427
1131464
1131481
1131500
1131531
1131554
1131571
1131602
1131615
1131652
1131681
1131718
1131745
1131762
1131783
1131820
1131845
1131880
1131897
1131916
1131935
1131974
1131995
1132032
1132067
1132084
1132117
1132146
1132187
1132212
1132253
1132276
1132311
1132332
1132363
1132404
1132427
1132462
1132495
1132536
1132573
1132602
1132635
1132654
1132673
1132708
1132737
1132750
1132787
1132816
1132873
1132900
1132939
1132968
1132999
1133034
1133063
1133100
1133133
1133150
1133187
1133216
1133251
1133288
1133311
1133340
1133371
1133398
1133439
1133464
1133505
1133538
1133565
1133592
1133615
1133646
1133679
1133722
1133757
1133792
1133829
1133862
1133881
1133912
1133933
1133952
1133991
1134032
1134063
1134092
1134137
1134162
1134191
1134214
1134245
1134270
1134307
1134342
1134381
1134416
1134443
1134480
1134509
1134536
1134569
1134584
1134621
1134640
1134679
1134704
1134721
1134740
1134783
1134812
1134841
1134864
1134879
1134892
1134915
1134928
1134963
1135002
1135025
1135052
1135077
1135096
1135123
1135146
1135173
1135196
1135211
1135246
1135269
1135292
1135317
1135334
1135383
1135406
1135431
1135466
1135489
1135520
1135543
1135574
1135597
1135630
1135661
1135692
1135709
1135752
1135793
1135824
1135849
1135884
1135897
1135924
1135959
1135988
1136017
1136038
1136059
1136096
1136137
1136162
1136191
1136224
1136255
1136282
1136309
1136330
1136359
1136390
1136429
1136470
1136489
1136522
1136541
1136576
1136613
1136656
1136683
1136714
1136753
1136784
1136817
1136826
1136857
1136880
1136911
1136932
1136971
1136996
1137033
1137058
1137083
1137110
1137137
1137160
1137187
1137204
1137237
1137278
1137321
1137346
1137387
1137402
1137423
1137450
1137483
1137504
1137527
1137562
1137599
1137628
1137651
1137680
1137705
1137734
1137759
1137780
1137785
1137808
1137839
1137860
1137899
1137924
1137949
1137982
1138017
1138042
1138075
1138102
1138141
1138176
1138193
1138226
1138265
1138286
1138319
1138348
1138371
1138412
1138439
1138474
1138499
1138536
1138589
1138622
1138665
1138710
1138747
1138772
1138805
1138848
1138869
1138894
1138921
1138956
1138977
1138998
1139019
1139042
1139065
1139094
1139141
1139156
1139199
1139216
1139233
1139244
1139279
1139310
1139343
1139362
1139403
1139418
1139455
1139482
1139515
1139542
1139575
1139600
1139633
1139660
1139675
1139710
1139755
1139776
1139807
1139856
1139889
1139914
1139945
1139980
1139999
1140020
1140043
1140082
1140105
1140130
1140163
1140196
1140225
1140256
1140281
1140320
1140337
1140360
1140385
1140422
1140449
1140478
1140511
1140526
1140545
1140578
1140615
1140650
1140683
1140698
1140723
1140742
1140763
1140804
1140827
1140850
1140873
1140906
1140943
1140970
1140991
1141032
1141053
1141078
1141105
1141114
1141147
1141190
1141229
1141252
1141293
1141320
1141353
1141378
1141401
1141432
1141453
1141496
1141541
1141560
1141577
1141612
1141647
1141676
1141701
1141716
1141751
1141786
1141813
1141850
1141885
1141910
1141937
1141974
1142005
1142040
1142067
1142086
1142105
1142132
1142163
1142190
1142215
1142254
1142291
1142322
1142355
1142374
1142413
1142442
1142487
1142516
1142545
1142576
1142595
1142630
1142671
1142696
1142721
1142744
1142777
1142798
1142833
1142852
1142871
1142896
1142911
1142940
1142971
1142990
1143015
1143040
1143085
1143114
1143161
1143188
1143237
1143254
1143287
1143330
1143351
1143362
1143399
1143430
1143469
1143494
1143525
1143558
1143587
1143614
1143649
1143662
1143679
1143710
1143749
1143778
1143805
1143834
1143861
1143886
1143909
1143948
1143981
1144014
1144035
1144062
1144081
1144098
1144123
1144150
1144167
1144204
1144217
1144244
1144273
1144296
1144335
1144360
1144389
1144418
1144449
1144478
1144515
1144546
1144573
1144602
1144633
1144666
1144689
1144710
1144743
1144772
1144789
1144810
1144851
1144898
1144945
1144968
1145001
1145022
1145047
1145076
1145101
1145136
1145157
1145174
1145193
1145214
1145249
1145270
1145295
1145310
1145335
1145364
1145399
1145424
1145455
1145474
1145493
1145518
1145549
1145592
1145629
1145654
1145667
1145692
1145717
1145744
1145775
1145804
1145829
1145854
1145887
1145906
1145935
1145970
1145993
1146014
1146045
1146082
1146117
1146154
1146189
1146222
1146249
1146292
1146327
1146356
1146399
1146440
1146455
1146476
1146491
1146512
1146545
1146590
1146625
1146644
1146663
1146702
1146733
1146740
1146769
1146800
1146831
1146866
1146891
1146910
1146945
1146984
1147017
1147038
1147093
1147120
1147153
1147184
1147211
1147238
1147263
1147286
1147311
1147334
1147353
1147380
1147409
1147444
1147475
1147510
1147529
1147552
1147597
1147618
1147637
1147668
1147703
1147736
1147759
1147794
1147829
1147860
1147895
1147920
1147957
1147996
1148025
1148060
1148109
1148146
1148165
1148186
1148223
1148250
1148279
1148304
1148329
1148354
1148377
1148424
1148463
1148498
1148539
1148572
1148605
1148634
1148659
1148688
1148715
1148740
1148763
1148796
1148825
1148844
1148887
1148920
1148943
1148970
1148987
1149010
1149049
1149074
1149097
1149124
1149143
1149164
1149179
1149212
1149257
1149280
1149321
1149338
1149363
1149388
1149419
1149440
1149481
1149508
1149545
1149586
1149611
1149636
1149665
1149690
1149721
1149764
1149787
1149832
1149867
1149888
1149913
1149944
1149983
1150020
1150037
1150066
1150115
1150138
1150175
1150196
1150243
1150284
1150307
1150344
1150377
1150400
1150433
1150472
1150503
1150530
1150563
1150590
1150617
1150632
1150689
1150708
1150735
1150764
1150795
1150828
1150833
1150874
1150897
1150920
1150951
1150984
1151035
1151078
1151101
1151134
1151153
1151194
1151229
1151264
1151293
1151356
1151397
1151428
1151459
1151492
1151511
1151548
1151579
1151610
1151635
1151664
1151687
1151736
1151771
1151834
1151865
1151878
1151901
1151942
1151987
1152024
1152057
1152084
1152109
1152124
1152151
1152178
1152205
1152230
1152265
1152286
1152325
1152384
1152425
1152456
1152481
1152502
1152531
1152578
1152619
1152650
1152683
1152716
1152733
1152756
1152773
1152812
1152835
1152864
1152885
1152926
1152967
1152996
1153023
1153064
1153097
1153122
1153159
1153186
1153223
1153266
1153297
1153338
1153383
1153408
1153443
1153470
1153501
1153540
1153565
1153590
1153617
1153648
1153695
1153724
1153741
1153770
1153809
1153824
1153859
1153886
1153911
1153952
1153971
1153998
1154029
1154062
1154083
1154114
1154139
1154170
1154203
1154236
1154251
1154286
1154309
1154346
1154375
1154402
1154439
1154482
1154495
1154512
1154547
1154586
1154605
1154646
1154673
1154700
1154725
1154744
1154773
1154806
1154851
1154888
1154917
1154948
1154985
1155004
1155035
1155062
1155093
1155128
1155163
1155190
1155227
1155254
1155287
1155326
1155357
1155372
1155407
1155430
1155461
1155484
1155515
1155540
1155571
1155602
1155639
1155674
1155707
1155730
1155761
1155796
1155829
1155850
1155875
1155902
1155921
1155946
1155971
1155996
1156025
1156054
1156073
1156104
1156127
1156154
1156171
1156206
1156239
1156270
1156313
1156354
1156381
1156420
1156425
1156452
1156469
1156492
1156507
1156528
1156549
1156588
1156617
1156638
1156673
1156704
1156737
1156772
1156803
1156834
1156863
1156900
1156919
1156954
1156989
1157028
1157057
1157084
1157121
1157148
1157187
1157208
1157249
1157278
1157303
1157342
1157367
1157390
1157425
1157460
1157491
1157518
1157543
1157572
1157595
1157634
1157663
1157698
1157735
1157782
1157805
1157848
1157881
1157902
1157927
1157952
1157987
1158022
1158041
1158068
1158105
1158140
1158167
1158198
1158239
1158270
1158285
1158318
1158339
1158358
1158383
1158414
1158431
1158460
1158485
1158500
1158531
1158554
1158603
1158632
1158683
1158728
1158755
1158792
1158807
1158838
1158867
1158902
1158919
1158952
1158983
1159000
1159025
1159056
1159089
1159108
1159141
1159172
1159197
1159226
1159265
1159282
1159315
1159354
1159391
1159424
1159461
1159468
1159503
1159542
1159579
1159612
1159649
1159670
1159689
1159726
1159751
1159794
1159817
1159838
1159867
1159896
1159951
1159980
1160019
1160046
1160097
1160126
1160147
1160178
1160213
1160250
1160293
1160316
1160357
1160382
1160421
1160458
1160481
1160516
1160547
1160578
1160623
1160658
1160671
1160712
1160753
1160800
1160819
1160846
1160879
1160904
1160939
1160982
1161001
1161030
1161055
1161096
1161121
1161142
1161189
1161218
1161245
1161284
1161317
1161336
1161357
1161384
1161409
1161432
1161461
1161472
1161499
1161514
1161535
1161572
1161593
1161628
1161669
1161698
1161725
1161750
1161789
1161822
1161865
1161892
1161939
1161966
1162003
1162020
1162053
1162070
1162087
1162108
1162143
1162162
1162197
1162228
1162269
1162298
1162339
1162364
1162383
1162414
1162439
1162488
1162515
1162548
1162577
1162614
1162645
1162668
1162687
1162718
1162739
1162756
1162813
1162822
1162845
1162872
1162901
1162926
1162955
1162984
1163017
1163044
1163075
1163104
1163133
1163158
1163189
1163224
1163243
1163268
1163303
1163330
1163361
1163384
1163419
1163454
1163493
1163512
1163545
1163560
1163585
1163602
1163617
1163652
1163673
1163704
1163747
1163772
1163807
1163832
1163849
1163876
1163903
1163946
1163977
1164012
1164045
1164076
1164117
1164134
1164161
1164194
1164235
1164258
1164275
1164302
1164347
1164380
1164425
1164446
1164479
1164508
1164525
1164550
1164569
1164592
1164623
1164638
1164669
1164718
1164763
1164802
1164835
1164872
1164897
1164924
1164967
1164984
1165019
1165044
1165067
1165090
1165115
1165138
1165159
1165184
1165213
1165246
1165299
1165324
1165363
1165390
1165419
1165452
1165495
1165520
1165545
1165568
1165585
1165618
1165647
1165686
1165707
1165736
1165781
1165804
1165827
1165846
1165869
1165896
1165929
1165978
1166013
1166042
1166057
1166080
1166109
1166140
1166169
1166208
1166237
1166274
1166303
1166332
1166359
1166386
1166413
1166438
1166467
1166502
1166543
1166570
1166607
1166646
1166677
1166714
1166739
1166760
1166789
1166816
1166841
1166866
1166889
1166914
1166947
1166970
1166987
1167020
1167057
1167086
1167123
1167160
1167183
1167204
1167239
1167268
1167299
1167334
1167363
1167384
1167419
1167446
1167471
1167486
1167517
1167562
1167601
1167616
1167649
1167682
1167719
1167748
1167775
1167794
1167823
1167858
1167881
1167902
1167931
1167964
1167993
1168024
1168045
1168072
1168093
1168116
1168143
1168180
1168205
1168234
1168251
1168286
1168307
1168334
1168357
1168388
1168425
1168464
1168495
1168548
1168581
1168598
1168611
1168640
1168679
1168724
1168755
1168792
1168829
1168844
1168883
1168918
1168951
1168966
1168987
1169026
1169069
1169094
1169107
1169124
1169159
1169192
1169217
1169244
1169273
1169296
1169317
1169350
1169379
1169406
1169459
1169502
1169527
1169556
1169579
1169608
1169635
1169668
1169705
1169732
1169763
1169790
1169827
1169860
1169889
1169926
1169953
1169974
1170007
1170024
1170047
1170060
1170091
1170124
1170151
1170178
1170207
1170240
1170279
1170312
1170351
1170360
1170389
1170424
1170457
1170486
1170523
1170554
1170579
1170614
1170641
1170674
1170711
1170744
1170787
1170824
1170861
1170900
1170925
1170944
1170967
1170994
1171031
1171070
1171091
1171116
1171153
1171182
1171213
1171254
1171293
1171328
1171351
1171370
1171395
1171422
1171451
1171480
1171503
1171542
1171581
1171620
1171651
1171668
1171697
1171718
1171749
1171772
1171797
1171824
1171849
1171890
1171925
1171962
1171989
1172004
1172031
1172070
1172101
1172126
1172161
1172198
1172223
1172252
1172279
1172298
1172317
1172356
1172383
1172414
1172441
1172456
1172493
1172532
1172553
1172596
1172619
1172648
1172685
1172702
1172717
1172754
1172781
1172808
1172819
1172850
1172881
1172910
1172945
1172986
1173015
1173052
1173073
1173108
1173133
1173148
1173171
1173188
1173219
1173238
1173269
1173298
1173327
1173350
1173383
1173408
1173461
1173488
1173511
1173540
1173563
1173598
1173641
1173662
1173699
1173734
1173769
1173798
1173821
1173836
1173865
1173906
1173949
1173974
1173995
1174026
1174053
1174076
1174103
1174136
1174153
1174178
1174199
1174226
1174237
1174256
1174293
1174328
1174369
1174416
1174463
1174496
1174531
1174556
1174581
1174610
1174647
1174672
1174707
1174742
1174755
1174796
1174817
1174848
1174871
1174912
1174931
1174964
1174997
1175038
1175049
1175068
1175099
1175126
1175151
1175200
1175219
1175240
1175271
1175290
1175341
1175368
1175405
1175432
1175451
1175482
1175511
1175534
1175563
1175594
1175635
1175666
1175687
1175734
1175761
1175794
1175835
1175856
1175885
1175910
1175929
1175964
1175987
1176026
1176049
1176082
1176119
1176146
1176167
1176180
1176217
1176246
1176273
1176308
1176341
1176364
1176383
1176404
1176447
1176468
1176497
1176522
1176553
1176576
1176617
1176642
1176669
1176696
1176727
1176762
1176791
1176812
1176835
1176862
1176899
1176920
1176957
1176994
1177015
1177040
1177061
1177098
1177129
1177166
1177203
1177236
1177269
1177290
1177325
1177356
1177379
1177412
1177447
1177466
1177487
1177522
1177539
1177576
1177603
1177620
1177653
1177672
1177701
1177730
1177761
1177774
1177807
1177844
1177879
1177900
1177907
1177940
1177967
1177998
1178023
1178050
1178085
1178118
1178147
1178170
1178185
1178224
1178251
1178286
1178325
1178356
1178391
1178432
1178449
1178474
1178495
1178526
1178563
1178600
1178635
1178654
1178689
1178702
1178719
1178752
1178783
1178818
1178843
1178868
1178885
1178918
1178945
1178974
1178997
1179032
1179051
1179082
1179105
1179140
1179179
1179198
1179213
1179234
1179263
1179286
1179311
1179334
1179361
1179394
1179417
1179436
1179461
1179478
1179521
1179532
1179565
1179608
1179635
1179662
1179695
1179710
1179727
1179746
1179797
1179832
1179859
1179892
1179915
1179940
1179977
1180006
1180033
1180062
1180099
1180122
1180163
1180184
1180217
1180240
1180277
1180312
1180341
1180370
1180395
1180436
1180475
1180512
1180513
1180556
1180589
1180600
1180619
1180650
1180675
1180698
1180723
1180756
1180779
1180820
1180849
1180876
1180917
1180946
1180975
1180996
1181037
1181062
1181095
1181152
1181177
1181204
1181247
1181264
1181309
1181336
1181361
1181386
1181419
1181452
1181457
1181520
1181543
1181584
1181611
1181638
1181677
1181696
1181711
1181740
1181765
1181788
1181811
1181844
1181867
1181892
1181933
1181962
1181993
1182024
1182037
1182064
1182081
1182120
1182151
1182180
1182205
1182228
1182273
1182308
1182335
1182356
1182399
1182440
1182471
1182504
1182531
1182560
1182577
1182606
1182635
1182670
1182707
1182734
1182771
1182806
1182847
1182892
1182913
1182934
1182965
1183002
1183047
1183092
1183129
1183148
1183183
1183218
1183247
1183272
1183301
1183332
1183361
1183396
1183423
1183450
1183479
1183518
1183543
1183578
1183607
1183630
1183663
1183690
1183715
1183748
1183807
1183840
1183871
1183884
1183927
1183956
1183979
1184016
1184061
1184070
1184103
1184130
1184163
1184200
1184239
1184256
1184287
1184324
1184349
1184384
1184409
1184438
1184461
1184492
1184513
1184542
1184577
1184598
1184639
1184680
1184709
1184744
1184787
1184806
1184841
1184870
1184899
1184936
1184965
1185000
1185033
1185052
1185073
1185102
1185139
1185168
1185199
1185226
1185253
1185276
1185315
1185352
1185381
1185408
1185447
1185468
1185481
1185504
1185535
1185562
1185585
1185608
1185631
1185654
1185693
1185730
1185761
1185790
1185813
1185836
1185867
1185902
1185921
1185934
1185983
1186008
1186039
1186064
1186089
1186126
1186157
1186172
1186211
1186244
1186289
1186314
1186355
1186388
1186409
1186436
1186459
1186490
1186521
1186550
1186577
1186598
1186627
1186652
1186671
1186704
1186723
1186754
1186787
1186814
1186843
1186884
1186899
1186922
1186935
1186970
1186999
1187030
1187059
1187092
1187125
1187160
1187187
1187210
1187239
1187258
1187289
1187322
1187351
1187368
1187397
1187436
1187459
1187500
1187529
1187562
1187587
1187638
1187683
1187740
1187759
1187770
1187775
1187800
1187833
1187862
1187891
1187918
1187955
1187994
1188023
1188046
1188095
1188120
1188145
1188168
1188199
1188230
1188251
1188290
1188315
1188348
1188371
1188388
1188417
1188450
1188487
1188512
1188533
1188552
1188589
1188610
1188649
1188672
1188713
1188754
1188773
1188796
1188829
1188854
1188885
1188924
1188935
1188958
1188985
1189012
1189045
1189066
1189085
1189124
1189159
1189200
1189235
1189270
1189293
1189324
1189355
1189394
1189417
1189430
1189463
1189492
1189513
1189542
1189579
1189614
1189655
1189660
1189685
1189712
1189725
1189758
1189783
1189824
1189841
1189876
1189919
1189954
1189975
1189994
1190013
1190046
1190077
1190102
1190127
1190152
1190183
1190228
1190263
1190294
1190331
1190364
1190387
1190422
1190443
1190472
1190487
1190510
1190553
1190578
1190599
1190626
1190657
1190682
1190713
1190734
1190777
1190808
1190843
1190846
1190871
1190900
1190927
1190950
1190995
1191022
1191061
1191090
1191109
1191146
1191165
1191218
1191259
1191288
1191311
1191352
1191373
1191398
1191441
1191470
1191503
1191552
1191569
1191596
1191615
1191664
1191697
1191732
1191745
1191788
1191819
1191848
1191871
1191898
1191927
1191956
1191991
1192024
1192053
1192080
1192113
1192156
1192167
1192188
1192217
1192242
1192267
1192324
1192359
1192394
1192429
1192462
1192495
1192518
1192551
1192584
1192605
1192624
1192645
1192688
1192707
1192726
1192747
1192770
1192797
1192838
1192869
1192896
1192923
1192952
1192965
1192984
1193017
1193036
1193059
1193096
1193109
1193146
1193167
1193194
1193239
1193264
1193289
1193316
1193349
1193374
1193411
1193428
1193459
1193486
1193523
1193562
1193595
1193636
1193661
1193680
1193725
1193752
1193777
1193806
1193829
1193866
1193905
1193932
1193963
1193982
1194009
1194042
1194083
1194114
1194135
1194168
1194191
1194218
1194245
1194266
1194287
1194340
1194357
1194376
1194383
1194428
1194457
1194490
1194527
1194564
1194587
1194610
1194641
1194662
1194689
1194718
1194755
1194792
1194801
1194846
1194881
1194900
1194929
1194952
1194985
1195014
1195035
1195062
1195095
1195130
1195159
1195180
1195207
1195244
1195271
1195308
1195337
1195352
1195365
1195402
1195445
1195478
1195517
1195548
1195587
1195614
1195645
1195654
1195681
1195728
1195751
1195762
1195803
1195824
1195845
1195878
1195897
1195918
1195961
1195988
1196031
1196048
1196073
1196098
1196135
1196168
1196191
1196226
1196249
1196274
1196289
1196312
1196343
1196372
1196407
1196440
1196457
1196480
1196503
1196550
1196577
1196612
1196641
1196672
1196699
1196734
1196761
1196800
1196831
1196862
1196885
1196898
1196933
1196962
1196993
1197028
1197039
1197066
1197085
1197114
1197137
1197164
1197181
1197196
1197211
1197238
1197259
1197300
1197337
1197364
1197385
1197422
1197441
1197468
1197489
1197538
1197567
1197594
1197615
1197632
1197655
1197678
1197723
1197750
1197775
1197790
1197821
1197852
1197879
1197914
1197967
1197986
1198025
1198048
1198067
1198074
1198091
1198124
1198153
1198176
1198201
1198228
1198267
1198298
1198319
1198340
1198361
1198392
1198413
1198434
1198469
1198494
1198531
1198556
1198589
1198618
1198637
1198674
1198695
1198728
1198767
1198802
1198837
1198874
1198897
1198926
1198955
1198992
1199011
1199048
1199075
1199100
1199125
1199168
1199195
1199224
1199253
1199286
1199313
1199348
1199375
1199412
1199429
1199466
1199489
1199516
1199551
1199572
1199591
1199616
1199639
1199672
1199701
1199732
1199751
1199786
1199817
1199854
1199871
1199892
1199931
1199954
1199989
1200024
1200083
1200114
1200143
1200174
1200203
1200238
1200283
1200318
1200357
1200386
1200407
1200448
1200465
1200510
1200533
1200566
1200591
1200628
1200665
1200696
1200725
1200754
1200789
1200818
1200847
1200900
1200929
1200950
1200975
1201000
1201021
1201048
1201079
1201130
1201153
1201172
1201199
1201230
1201259
1201286
1201327
1201350
1201379
1201412
1201453
1201480
1201507
1201528
1201565
1201598
1201629
1201668
1201701
1201728
1201757
1201782
1201809
1201844
1201881
1201920
1201955
1201972
1201999
1202028
1202053
1202084
1202095
1202112
1202143
1202182
1202207
1202222
1202255
1202278
1202313
1202356
1202373
1202392
1202427
1202448
1202469
1202502
1202519
1202538
1202581
1202604
1202621
1202664
1202685
1202714
1202733
1202770
1202789
1202836
1202857
1202892
1202933
1202958
1202989
1203022
1203051
1203072
1203111
1203126
1203167
1203198
1203223
1203236
1203259
1203282
1203307
1203342
1203375
1203410
1203449
1203472
1203495
1203526
1203571
1203596
1203619
1203644
1203665
1203696
1203727
1203750
1203781
1203810
1203843
1203872
1203893
1203916
1203955
1203982
1204021
1204048
1204067
1204092
1204121
1204164
1204207
1204234
1204271
1204302
1204315
1204350
1204387
1204412
1204455
1204496
1204525
1204560
1204597
1204628
1204667
1204726
1204729
1204748
1204781
1204814
1204861
1204882
1204935
1204956
1204985
1205028
1205051
1205088
1205119
1205152
1205179
1205220
1205239
1205286
1205321
1205350
1205385
1205416
1205441
1205470
1205519
1205550
1205581
1205620
1205663
1205692
1205729
1205752
1205779
1205822
1205845
1205880
1205925
1205964
1205975
1206002
1206039
1206056
1206083
1206128
1206141
1206174
1206205
1206242
1206285
1206312
1206341
1206390
1206411
1206432
1206449
1206484
1206507
1206518
1206549
1206584
1206615
1206640
1206679
1206716
1206741
1206780
1206817
1206838
1206875
1206902
1206931
1206942
1206965
1207002
1207047
1207080
1207101
1207142
1207171
1207200
1207223
1207252
1207285
1207310
1207347
1207372
1207413
1207432
1207459
1207488
1207507
1207538
1207575
1207604
1207643
1207672
1207699
1207720
1207749
1207776
1207809
1207836
1207863
1207890
1207943
1207962
1207993
1208016
1208045
1208086
1208135
1208174
1208213
1208226
1208279
1208296
1208331
1208372
1208393
1208414
1208441
1208462
1208479
1208502
1208523
1208558
1208583
1208610
1208647
1208678
1208705
1208738
1208769
1208806
1208845
1208862
1208887
1208926
1208957
1208988
1209017
1209046
1209067
1209078
1209119
1209142
1209169
1209200
1209235
1209270
1209293
1209316
1209357
1209386
1209429
1209448
1209469
1209512
1209541
1209576
1209609
1209648
1209685
1209720
1209757
1209784
1209797
1209820
1209857
1209888
1209917
1209946
1209975
1209998
1210025
1210072
1210117
1210174
1210191
1210218
1210253
1210304
1210339
1210366
1210391
1210418
1210451
1210488
1210527
1210556
1210583
1210624
1210661
1210674
1210713
1210748
1210771
1210808
1210843
1210862
1210889
1210924
1210947
1210976
1211019
1211054
1211083
1211116
1211145
1211178
1211205
1211240
1211271
1211300
1211341
1211372
1211409
1211446
1211481
1211522
1211543
1211570
1211603
1211642
1211687
1211698
1211719
1211744
1211789
1211824
1211869
1211894
1211919
1211938
1211963
1211986
1212009
1212044
1212075
1212104
1212141
1212170
1212199
1212222
1212255
1212274
1212293
1212332
1212385
1212412
1212439
1212464
1212497
1212526
1212545
1212566
1212593
1212628
1212667
1212700
1212739
1212740
1212769
1212810
1212839
1212866
1212907
1212936
1212965
1213000
1213017
1213046
1213079
1213116
1213141
1213172
1213189
1213218
1213235
1213254
1213279
1213308
1213331
1213362
1213405
1213442
1213471
1213500
1213531
1213568
1213585
1213612
1213641
1213668
1213697
1213720
1213749
1213778
1213813
1213846
1213879
1213908
1213917
1213956
1214005
1214038
1214053
1214074
1214105
1214132
1214173
1214194
1214239
1214262
1214297
1214318
1214369
1214418
1214467
1214494
1214525
1214556
1214591
1214624
1214643
1214676
1214707
1214748
1214765
1214790
1214833
1214862
1214897
1214928
1214955
1214972
1214991
1215020
1215035
1215066
1215097
1215110
1215149
1215186
1215217
1215242
1215277
1215322
1215353
1215370
1215397
1215432
1215467
1215504
1215537
1215550
1215571
1215602
1215643
1215672
1215695
1215734
1215771
1215790
1215809
1215836
1215875
1215900
1215927
1215952
1215983
1216000
1216021
1216046
1216063
1216102
1216139
1216164
1216195
1216220
1216243
1216272
1216283
1216318
1216343
1216370
1216393
1216432
1216465
1216496
1216523
1216562
1216591
1216612
1216659
1216686
1216699
1216732
1216765
1216788
1216803
1216836
1216867
1216890
1216921
1216958
1216981
1217012
1217031
1217070
1217111
1217142
1217171
1217208
1217233
1217258
1217299
1217326
1217363
1217392
1217431
1217454
1217489
1217528
1217551
1217576
1217609
1217638
1217667
1217700
1217721
1217758
1217779
1217822
1217851
1217882
1217921
1217966
1217995
1218018
1218047
1218072
1218107
1218146
1218191
1218212
1218245
1218256
1218285
1218314
1218339
1218372
1218405
1218432
1218455
1218476
1218511
1218536
1218557
1218592
1218623
1218632
1218679
1218694
1218725
1218752
1218773
1218806
1218839
1218866
1218901
1218932
1218961
1219006
1219025
1219064
1219079
1219102
1219139
1219170
1219201
1219236
1219265
1219288
1219309
1219328
1219343
1219372
1219385
1219414
1219445
1219472
1219511
1219536
1219549
1219586
1219617
1219646
1219683
1219714
1219745
1219784
1219805
1219832
1219853
1219880
1219913
1219940
1219963
1219996
1220031
1220062
1220093
1220114
1220153
1220176
1220225
1220256
1220273
1220300
1220325
1220356
1220379
1220396
1220421
1220466
1220487
1220518
1220547
1220576
1220601
1220632
1220665
1220702
1220743
1220768
1220795
1220830
1220855
1220888
1220901
1220932
1220939
1220964
1220993
1221032
1221059
1221080
1221105
1221132
1221161
1221188
1221223
1221252
1221281
1221292
1221329
1221366
1221407
1221434
1221469
1221498
1221523
1221566
1221595
1221616
1221643
1221664
1221703
1221742
1221769
1221804
1221849
1221900
1221923
1221946
1221965
1221994
1222019
1222044
1222061
1222088
1222105
1222130
1222157
1222184
1222219
1222250
1222283
1222314
1222347
1222386
1222429
1222460
1222483
1222506
1222545
1222572
1222593
1222618
1222621
1222650
1222677
1222712
1222747
1222778
1222811
1222844
1222877
1222912
1222941
1222962
1222997
1223022
1223051
1223078
1223101
1223136
1223151
1223196
1223213
1223246
1223281
1223318
1223343
1223372
1223409
1223450
1223477
1223512
1223537
1223576
1223603
1223634
1223663
1223688
1223717
1223766
1223797
1223842
1223875
1223920
1223939
1223966
1223991
1224014
1224037
1224068
1224095
1224128
1224147
1224176
1224213
1224246
1224271
1224290
1224315
1224344
1224371
1224402
1224441
1224472
1224507
1224528
1224561
1224612
1224635
1224656
1224689
1224710
1224733
1224758
1224795
1224816
1224861
1224904
1224941
1224974
1225013
1225034
1225061
1225078
1225113
1225158
1225191
1225222
1225235
1225262
1225289
1225312
1225339
1225376
1225413
1225444
1225495
1225512
1225541
1225568
1225609
1225666
1225695
1225722
1225749
1225800
1225831
1225852
1225875
1225918
1225955
1225988
1226017
1226046
1226075
1226102
1226147
1226180
1226217
1226246
1226271
1226298
1226337
1226362
1226397
1226430
1226457
1226492
1226533
1226566
1226593
1226628
1226661
1226670
1226693
1226724
1226749
1226798
1226833
1226864
1226887
1226916
1226943
1226968
1227001
1227028
1227059
1227070
1227097
1227128
1227151
1227188
1227211
1227238
1227265
1227294
1227329
1227366
1227371
1227400
1227423
1227442
1227481
1227506
1227547
1227582
1227605
1227622
1227647
1227678
1227703
1227728
1227759
1227780
1227805
1227824
1227851
1227870
1227893
1227920
1227939
1227976
1228003
1228016
1228061
1228106
1228125
1228158
1228169
1228190
1228229
1228262
1228299
1228324
1228351
1228378
1228395
1228424
1228453
1228478
1228513
1228552
1228577
1228600
1228621
1228654
1228683
1228718
1228753
1228774
1228803
1228824
1228853
1228888
1228915
1228942
1228961
1229000
1229037
1229058
1229077
1229094
1229137
1229154
1229181
1229204
1229235
1229260
1229287
1229320
1229347
1229372
1229403
1229426
1229459
1229490
1229513
1229562
1229593
1229634
1229659
1229678
1229713
1229748
1229765
1229786
1229813
1229844
1229877
1229890
1229919
1229962
1229983
1230012
1230057
1230112
1230143
1230178
1230213
1230238
1230257
1230294
1230315
1230336
1230353
1230382
1230423
1230448
1230475
1230518
1230553
1230578
1230609
1230628
1230663
1230674
1230691
1230728
1230749
1230772
1230803
1230812
1230839
1230868
1230877
1230912
1230941
1230974
1230997
1231018
1231053
1231086
1231105
1231148
1231167
1231196
1231221
1231244
1231271
1231288
1231319
1231350
1231383
1231418
1231437
1231470
1231483
1231520
1231541
1231572
1231603
1231636
1231675
1231694
1231739
1231770
1231797
1231824
1231851
1231872
1231919
1231944
1231959
1231990
1232027
1232070
1232103
1232142
1232175
1232194
1232227
1232246
1232285
1232320
1232361
1232394
1232411
1232456
1232499
1232540
1232569
1232594
1232619
1232652
1232669
1232710
1232739
1232760
1232783
1232828
1232849
1232868
1232903
1232936
1232981
1233022
1233037
1233068
1233081
1233098
1233139
1233160
1233191
1233214
1233251
1233262
1233287
1233320
1233357
1233392
1233411
1233436
1233471
1233500
1233537
1233564
1233595
1233630
1233655
1233692
1233733
1233760
1233789
1233820
1233857
1233888
1233921
1233956
1233981
1234014
1234027
1234050
1234079
1234110
1234143
1234170
1234199
1234224
1234245
1234276
1234307
1234336
1234377
1234414
1234433
1234466
1234493
1234534
1234545
1234586
1234625
1234656
1234695
1234736
1234767
1234792
1234811
1234844
1234871
1234908
1234929
1234960
1234977
1235008
1235033
1235066
1235087
1235118
1235147
1235186
1235219
1235238
1235251
1235272
1235307
1235340
1235367
1235386
1235417
1235448
1235469
1235502
1235533
1235576
1235617
1235658
1235683
1235712
1235737
1235768
1235791
1235806
1235837
1235882
1235897
1235918
1235945
1235976
1236009
1236036
1236051
1236076
1236097
1236126
1236147
1236190
1236227
1236248
1236285
1236314
1236329
1236342
1236369
1236394
1236431
1236446
1236489
1236518
1236545
1236566
1236603
1236622
1236649
1236682
1236705
1236746
1236769
1236798
1236833
1236870
1236901
1236928
1236965
1237004
1237035
1237078
1237111
1237148
1237183
1237206
1237235
1237258
1237289
1237318
1237355
1237378
1237405
1237444
1237471
1237494
1237557
1237600
1237633
1237662
1237689
1237720
1237753
1237780
1237819
1237848
1237877
1237904
1237933
1237956
1237967
1237990
1238011
1238028
1238075
1238106
1238125
1238136
1238167
1238188
1238221
1238236
1238261
1238288
1238321
1238350
1238401
1238436
1238479
1238500
1238535
1238562
1238593
1238630
1238645
1238668
1238705
1238710
1238747
1238788
1238805
1238824
1238851
1238892
1238915
1238956
1238991
1239030
1239051
1239074
1239111
1239140
1239167
1239206
1239235
1239258
1239293
1239310
1239339
1239358
1239379
1239404
1239443
1239464
1239485
1239516
1239543
1239552
1239573
1239592
1239609
1239670
1239693
1239728
1239765
1239788
1239819
1239868
1239899
1239934
1239971
1239992
1240015
1240056
1240083
1240110
1240137
1240166
1240181
1240200
1240233
1240278
1240303
1240324
1240341
1240380
1240425
1240456
1240485
1240508
1240561
1240586
1240625
1240652
1240677
1240714
1240767
1240800
1240823
1240848
1240877
1240910
1240925
1240944
1240967
1240990
1241019
1241040
1241065
1241088
1241113
1241140
1241165
1241206
1241255
1241300
1241327
1241366
1241387
1241426
1241455
1241472
1241493
1241528
1241561
1241586
1241631
1241674
1241723
1241756
1241797
1241820
1241849
1241872
1241891
1241922
1241947
1241982
1242023
1242052
1242077
1242110
1242139
1242164
1242193
1242234
1242285
1242306
1242337
1242356
1242375
1242398
1242435
1242464
1242479
1242506
1242537
1242564
1242607
1242624
1242657
1242674
1242697
1242732
1242749
1242774
1242809
1242844
1242877
1242902
1242935
1242958
1242991
1243024
1243045
1243094
1243115
1243176
1243209
1243234
1243275
1243306
1243345
1243374
1243399
1243420
1243469
1243498
1243515
1243552
1243613
1243640
1243663
1243690
1243727
1243736
1243763
1243800
1243831
1243872
1243905
1243940
1243975
1244000
1244039
1244078
1244105
1244126
1244163
1244184
1244211
1244246
1244265
1244312
1244339
1244362
1244387
1244404
1244441
1244474
1244499
1244520
1244543
1244546
1244561
1244574
1244621
1244658
1244689
1244724
1244755
1244780
1244817
1244836
1244857
1244878
1244895
1244940
1244971
1244982
1245017
1245040
1245073
1245106
1245133
1245164
1245199
1245232
1245259
1245288
1245309
1245334
1245373
1245406
1245429
1245450
1245469
1245500
1245533
1245548
1245567
1245594
1245623
1245642
1245655
1245668
1245685
1245732
1245763
1245790
1245825
1245864
1245899
1245928
1245953
1245970
1245995
1246022
1246055
1246088
1246127
1246146
1246173
1246206
1246241
1246274
1246301
1246322
1246345
1246388
1246403
1246436
1246449
1246484
1246517
1246552
1246583
1246600
1246619
1246654
1246685
1246720
1246755
1246778
1246803
1246848
1246875
1246914
1246941
1246978
1247001
1247028
1247053
1247100
1247127
1247168
1247193
1247226
1247251
1247274
1247311
1247358
1247375
1247392
1247419
1247450
1247475
1247498
1247521
1247542
1247587
1247628
1247675
1247696
1247725
1247752
1247785
1247810
1247843
1247870
1247919
1247968
1247997
1248022
1248043
1248084
1248105
1248132
1248163
1248192
1248219
1248258
1248287
1248320
1248357
1248384
1248401
1248414
1248453
1248466
1248477
1248496
1248529
1248550
1248579
1248610
1248653
1248682
1248739
1248756
1248787
1248814
1248851
1248878
1248905
1248940
1248947
1248972
1249011
1249050
1249071
1249090
1249121
1249164
1249185
1249218
1249253
1249278
1249305
1249326
1249355
1249378
1249399
1249428
1249453
1249470
1249493
1249516
1249545
1249564
1249583
1249600
1249637
1249674
1249699
1249720
1249749
1249782
1249827
1249842
1249863
1249900
1249917
1249952
1249977
1250010
1250045
1250068
1250101
1250120
1250159
1250182
1250195
1250236
1250257
1250292
1250317
1250334
1250375
1250402
1250425
1250466
1250491
1250512
1250537
1250560
1250585
1250610
1250629
1250660
1250703
1250746
1250785
1250806
1250855
1250902
1250951
1250976
1250993
1251020
1251065
1251094
1251137
1251168
1251199
1251220
1251259
1251284
1251307
1251348
1251379
1251402
1251421
1251450
1251479
1251508
1251535
1251578
1251591
1251624
1251651
1251674
1251697
1251734
1251755
1251782
1251801
1251826
1251855
1251886
1251915
1251946
1251949
1251972
1252013
1252040
1252057
1252094
1252123
1252140
1252161
1252196
1252231
1252260
1252279
1252306
1252323
1252358
1252393
1252434
1252455
1252472
1252491
1252518
1252545
1252558
1252587
1252610
1252637
1252676
1252709
1252748
1252783
1252812
1252847
1252880
1252921
1252956
1252991
1253028
1253059
1253084
1253121
1253164
1253187
1253218
1253275
1253296
1253319
1253334
1253373
1253402
1253445
1253464
1253487
1253530
1253577
1253616
1253651
1253694
1253733
1253754
1253775
1253796
1253823
1253838
1253873
1253910
1253925
1253950
1253971
1254002
1254017
1254046
1254067
1254096
1254127
1254166
1254199
1254232
1254251
1254296
1254325
1254350
1254379
1254416
1254449
1254484
1254509
1254538
1254563
1254584
1254605
1254646
1254675
1254700
1254721
1254762
1254799
1254826
1254853
1254880
1254897
1254930
1254949
1254984
1255001
1255040
1255055
1255080
1255117
1255150
1255183
1255216
1255251
1255276
1255305
1255326
1255349
1255382
1255415
1255434
1255469
1255500
1255531
1255556
1255565
1255602
1255647
1255678
1255705
1255730
1255751
1255796
1255821
1255846
1255859
1255884
1255887
1255936
1255957
1255982
1256015
1256044
1256083
1256104
1256137
1256180
1256211
1256236
1256281
1256316
1256355
1256384
1256413
1256442
1256477
1256514
1256551
1256580
1256591
1256620
1256649
1256686
1256721
1256754
1256783
1256812
1256853
1256906
1256925
1256964
1256991
1257028
1257063
1257082
1257113
1257146
1257167
1257198
1257209
1257244
1257267
1257304
1257321
1257350
1257365
1257402
1257437
1257460
1257501
1257532
1257559
1257586
1257619
1257636
1257675
1257702
1257741
1257758
1257793
1257824
1257843
1257882
1257919
1257954
1257979
1258010
1258023
1258050
1258081
1258112
1258133
1258170
1258195
1258224
1258253
1258290
1258315
1258344
1258365
1258396
1258423
1258440
1258475
1258522
1258553
1258576
1258623
1258660
1258685
1258712
1258749
1258792
1258813
1258840
1258857
1258902
1258921
1258948
1258975
1259000
1259029
1259056
1259091
1259116
1259157
1259192
1259243
1259278
1259309
1259332
1259377
1259416
1259447
1259482
1259515
1259544
1259579
1259614
1259637
1259680
1259711
1259750
1259773
1259802
1259819
1259834
1259857
1259890
1259925
1259970
1259995
1260030
1260047
1260086
1260109
1260130
1260155
1260190
1260213
1260248
1260277
1260326
1260359
1260378
1260405
1260440
1260497
1260524
1260551
1260588
1260623
1260652
1260685
1260706
1260745
1260776
1260795
1260824
1260845
1260884
1260917
1260960
1260983
1260998
1261011
1261046
1261075
1261088
1261109
1261148
1261175
1261208
1261249
1261294
1261317
1261344
1261365
1261390
1261451
1261468
1261495
1261510
1261535
1261578
1261599
1261630
1261655
1261686
1261709
1261748
1261791
1261820
1261849
1261870
1261883
1261918
1261943
1261966
1262009
1262042
1262065
1262088
1262113
1262140
1262185
1262212
1262239
1262272
1262299
1262328
1262355
1262384
1262417
1262440
1262479
1262508
1262519
1262550
1262571
1262604
1262621
1262656
1262679
1262708
1262735
1262768
1262795
1262816
1262853
1262884
1262915
1262948
1262975
1263010
1263041
1263076
1263107
1263144
1263179
1263196
1263233
1263262
1263275
1263318
1263341
1263380
1263411
1263430
1263457
1263502
1263525
1263552
1263567
1263606
1263637
1263662
1263687
1263716
1263739
1263758
1263789
1263818
1263849
1263882
1263919
1263946
1263973
1263996
1264017
1264046
1264075
1264106
1264155
1264176
1264213
1264250
1264269
1264298
1264325
1264350
1264387
1264432
1264473
1264492
1264521
1264556
1264589
1264618
1264655
1264686
1264707
1264742
1264755
1264786
1264819
1264846
1264871
1264902
1264933
1264976
1265013
1265052
1265065
1265096
1265145
1265184
1265205
1265232
1265245
1265282
1265315
1265334
1265377
1265416
1265443
1265474
1265499
1265520
1265537
1265564
1265597
1265630
1265659
1265694
1265729
1265742
1265775
1265808
1265823
1265856
1265889
1265912
1265945
1265972
1265995
1266026
1266065
1266082
1266111
1266140
1266177
1266198
1266237
1266250
1266275
1266290
1266317
1266360
1266393
1266428
1266461
1266490
1266511
1266540
1266565
1266598
1266639
1266684
1266717
1266748
1266791
1266822
1266843
1266866
1266891
1266908
1266941
1266980
1267027
1267052
1267091
1267108
1267125
1267178
1267197
1267208
1267233
1267254
1267285
1267324
1267347
1267400
1267431
1267472
1267495
1267546
1267563
1267580
1267611
1267646
1267677
1267704
1267745
1267766
1267811
1267842
1267861
1267880
1267901
1267926
1267947
1267980
1268001
1268034
1268075
1268104
1268149
1268178
1268235
1268252
1268285
1268334
1268359
1268390
1268429
1268458
1268491
1268518
1268545
1268586
1268619
1268636
1268653
1268664
1268681
1268724
1268741
1268756
1268791
1268824
1268859
1268886
1268927
1268958
1268991
1269012
1269045
1269066
1269105
1269116
1269143
1269182
1269203
1269236
1269271
1269282
1269313
1269358
1269387
1269412
1269445
1269496
1269519
1269544
1269569
1269592
1269617
1269666
1269693
1269716
1269739
1269760
1269795
1269828
1269851
1269894
1269921
1269956
1269985
1270022
1270055
1270098
1270127
1270160
1270191
1270218
1270231
1270256
1270303
1270336
1270367
1270396
1270421
1270448
1270483
1270510
1270551
1270608
1270625
1270658
1270683
1270706
1270733
1270768
1270789
1270820
1270851
1270892
1270919
1270962
1271003
1271050
1271081
1271114
1271145
1271174
1271207
1271222
1271253
1271272
1271299
1271320
1271363
1271398
1271435
1271478
1271509
1271540
1271565
1271596
1271621
1271650
1271667
1271692
1271701
1271734
1271751
1271796
1271817
1271852
1271879
1271904
1271943
1271974
1272003
1272036
1272071
1272092
1272129
1272150
1272179
1272202
1272251
1272268
1272301
1272326
1272349
1272370
1272395
1272428
1272451
1272472
1272493
1272510
1272551
1272602
1272623
1272660
1272687
1272718
1272753
1272766
1272793
1272816
1272831
1272876
1272915
1272938
1272953
1272986
1273013
1273048
1273093
1273138
1273181
1273200
1273227
1273256
1273283
1273316
1273345
1273382
1273403
1273428
1273451
1273476
1273515
1273542
1273579
1273600
1273633
1273654
1273681
1273722
1273741
1273778
1273809
1273832
1273871
1273902
1273927
1273960
1273985
1274022
1274051
1274070
1274087
1274118
1274137
1274172
1274201
1274228
1274251
1274292
1274317
1274342
1274373
1274410
1274457
1274496
1274509
1274544
1274579
1274606
1274639
1274678
1274711
1274760
1274809
1274834
1274865
1274902
1274927
1274962
1274977
1275016
1275039
1275078
1275099
1275122
1275151
1275184
1275211
1275238
1275263
1275286
1275291
1275340
1275365
1275392
1275423
1275452
1275483
1275510
1275547
1275570
1275597
1275632
1275645
1275656
1275685
1275718
1275751
1275768
1275779
1275818
1275843
1275874
1275905
1275926
1275955
1275990
1276023
1276046
1276087
1276116
1276133
1276162
1276201
1276226
1276263
1276300
1276341
1276366
1276415
1276438
1276477
1276520
1276545
1276570
1276595
1276632
1276661
1276684
1276741
1276790
1276815
1276854
1276881
1276918
1276953
1276992
1277029
1277054
1277077
1277104
1277137
1277162
1277187
1277226
1277249
1277302
1277321
1277354
1277381
1277406
1277451
1277490
1277521
1277546
1277565
1277592
1277617
1277646
1277677
1277710
1277747
1277788
1277813
1277854
1277881
1277922
1277947
1277962
1277983
1278008
1278043
1278082
1278111
1278160
1278183
1278208
1278237
1278272
1278289
1278322
1278343
1278376
1278409
1278434
1278467
1278494
1278521
1278546
1278581
1278614
1278637
1278666
1278697
1278720
1278743
1278806
1278827
1278852
1278885
1278926
1278959
1278998
1279029
1279062
1279103
1279134
1279149
1279198
1279221
1279264
1279293
1279316
1279341
1279374
1279409
1279432
1279449
1279482
1279509
1279536
1279563
1279600
1279625
1279648
1279667
1279698
1279743
1279770
1279805
1279830
1279855
1279886
1279921
1279966
1279987
1280004
1280043
1280066
1280087
1280102
1280139
1280178
1280211
1280226
1280259
1280292
1280323
1280354
1280401
1280414
1280447
1280490
1280515
1280544
1280573
1280592
1280627
1280656
1280691
1280730
1280761
1280782
1280807
1280838
1280865
1280898
1280935
1280956
1280991
1281018
1281043
1281070
1281101
1281138
1281177
1281204
1281249
1281274
1281327
1281352
1281367
1281402
1281443
1281472
1281489
1281512
1281539
1281566
1281595
1281624
1281641
1281678
1281701
1281740
1281775
1281798
1281839
1281878
1281909
1281952
1281991
1282016
1282047
1282082
1282103
1282124
1282155
1282178
1282207
1282234
1282265
1282308
1282337
1282366
1282383
1282398
1282425
1282452
1282499
1282530
1282551
1282570
1282591
1282626
1282659
1282684
1282709
1282720
1282747
1282778
1282815
1282840
1282871
1282902
1282931
1282950
1282971
1283006
1283031
1283042
1283081
1283104
1283125
1283158
1283177
1283218
1283247
1283270
1283293
1283330
1283367
1283420
1283455
1283476
1283517
1283544
1283593
1283628
1283677
1283698
1283723
1283754
1283779
1283824
1283831
1283872
1283897
1283936
1283973
1283988
1284023
1284056
1284089
1284116
1284143
1284174
1284205
1284226
1284261
1284298
1284323
1284338
1284365
1284370
1284413
1284446
1284475
1284488
1284523
1284568
1284593
1284634
1284653
1284688
1284729
1284750
1284777
1284804
1284843
1284870
1284905
1284944
1284981
1285008
1285035
1285068
1285105
1285136
1285165
1285204
1285235
1285272
1285305
1285340
1285361
1285386
1285407
1285454
1285493
1285514
1285543
1285568
1285597
1285636
1285665
1285698
1285723
1285758
1285775
1285802
1285831
1285854
1285891
1285932
1285955
1285988
1286013
1286048
1286079
1286110
1286117
1286144
1286183
1286208
1286237
1286280
1286311
1286346
1286371
1286414
1286451
1286470
1286501
1286532
1286561
1286592
1286629
1286654
1286681
1286716
1286749
1286782
1286817
1286844
1286885
1286910
1286941
1286974
1287009
1287050
1287083
1287110
1287129
1287158
1287199
1287230
1287251
1287272
1287305
1287336
1287353
1287374
1287409
1287426
1287463
1287488
1287525
1287542
1287579
1287602
1287627
1287656
1287677
1287712
1287749
1287770
1287809
1287816
1287845
1287872
1287903
1287932
1287979
1288008
1288023
1288050
1288079
1288112
1288145
1288184
1288215
1288244
1288271
1288298
1288341
1288368
1288403
1288438
1288471
1288504
1288521
1288534
1288555
1288586
1288621
1288654
1288695
1288732
1288763
1288806
1288829
1288860
1288891
1288924
1288943
1288972
1288987
1289016
1289071
1289098
1289133
1289158
1289185
1289222
1289259
1289288
1289321
1289354
1289381
1289418
1289447
1289480
1289501
1289522
1289553
1289574
1289607
1289636
1289669
1289704
1289731
1289760
1289795
1289820
1289845
1289874
1289897
1289924
1289963
1289982
1290003
1290030
1290061
1290080
1290099
1290116
1290147
1290172
1290201
1290234
1290265
1290294
1290315
1290338
1290359
1290402
1290437
1290456
1290483
1290528
1290561
1290580
1290615
1290630
1290671
1290704
1290729
1290764
1290797
1290822
1290849
1290882
1290905
1290928
1290955
1290984
1291015
1291054
1291091
1291126
1291147
1291166
1291177
1291200
1291227
1291246
1291273
1291312
1291345
1291384
1291419
1291454
1291479
1291502
1291525
1291552
1291579
1291612
1291639
1291676
1291715
1291754
1291773
1291790
1291823
1291864
1291891
1291916
1291949
1291976
1292001
1292026
1292059
1292078
1292123
1292156
1292191
1292228
1292257
1292280
1292313
1292352
1292381
1292404
1292429
1292454
1292491
1292526
1292557
1292588
1292609
1292658
1292675
1292692
1292719
1292748
1292785
1292808
1292833
1292858
1292893
1292922
1292953
1292990
1293007
1293050
1293071
1293108
1293139
1293160
1293183
1293222
1293245
1293260
1293285
1293312
1293343
1293360
1293395
1293434
1293463
1293474
1293523
1293546
1293571
1293602
1293633
1293666
1293687
1293724
1293749
1293772
1293791
1293832
1293859
1293880
1293903
1293932
1293961
1293996
1294025
1294064
1294097
1294120
1294149
1294190
1294219
1294246
1294291
1294316
1294337
1294356
1294391
1294420
1294453
1294488
1294525
1294554
1294591
1294624
1294661
1294688
1294701
1294726
1294759
1294792
1294831
1294876
1294909
1294950
1294967
1294990
1295017
1295056
1295083
1295120
1295167
1295208
1295241
1295268
1295289
1295318
1295349
1295372
1295405
1295442
1295483
1295518
1295563
1295586
1295617
1295650
1295689
1295718
1295741
1295774
1295793
1295814
1295835
1295880
1295897
1295926
1295951
1295970
1296007
1296034
1296063
1296110
1296149
1296172
1296189
1296220
1296257
1296286
1296321
1296374
1296399
1296432
1296467
1296494
1296527
1296556
1296617
1296650
1296689
1296728
1296755
1296776
1296805
1296836
1296869
1296882
1296903
1296930
1296965
1297006
1297033
1297086
1297097
1297116
1297137
1297176
1297205
1297228
1297251
1297272
1297295
1297324
1297343
1297378
1297403
1297434
1297457
1297500
1297541
1297578
1297593
1297596
1297621
1297648
1297673
1297714
1297743
1297768
1297803
1297842
1297871
1297894
1297925
1297966
1297991
1298014
1298031
1298062
1298085
1298128
1298145
1298162
1298193
1298212
1298243
1298282
1298297
1298332
1298353
1298390
1298423
1298452
1298489
1298522
1298541
1298564
1298589
1298616
1298653
1298688
1298717
1298746
1298779
1298804
1298823
1298856
1298883
1298912
1298929
1298950
1298969
1299002
1299021
1299064
1299093
1299108
1299153
1299180
1299213
1299236
1299273
1299296
1299357
1299386
1299417
1299436
1299475
1299498
1299531
1299570
1299595
1299624
1299653
1299684
1299727
1299758
1299785
1299816
1299847
1299868
1299895
1299924
1299951
1299988
1300035
1300070
1300089
1300106
1300141
1300146
1300163
1300186
1300227
1300252
1300259
1300286
1300311
1300370
1300407
1300456
1300483
1300508
1300521
1300546
1300577
1300600
1300629
1300664
1300697
1300734
1300769
1300802
1300845
1300878
1300923
1300966
1300999
1301022
1301063
1301102
1301135
1301166
1301207
1301244
1301261
1301280
1301315
1301340
1301369
1301408
1301435
1301466
1301497
1301516
1301541
1301566
1301589
1301624
1301651
1301678
1301699
1301730
1301741
1301774
1301819
1301838
1301867
1301902
1301921
1301946
1301983
1302022
1302039
1302068
1302115
1302144
1302173
1302202
1302237
1302268
1302299
1302314
1302345
1302386
1302411
1302450
1302465
1302482
1302511
1302552
1302595
1302620
1302665
1302694
1302721
1302748
1302769
1302794
1302813
1302854
1302895
1302924
1302953
1302984
1303011
1303052
1303083
1303108
1303155
1303184
1303217
1303242
1303263
1303292
1303319
1303360
1303399
1303436
1303475
1303498
1303515
1303546
1303575
1303604
1303639
1303670
1303683
1303716
1303755
1303782
1303821
1303856
1303893
1303920
1303949
1303982
1304003
1304024
1304067
1304100
1304147
1304172
1304191
1304222
1304261
1304292
1304317
1304360
1304373
1304400
1304441
1304462
1304479
1304520
1304535
1304564
1304597
1304620
1304649
1304666
1304697
1304724
1304747
1304784
1304817
1304842
1304877
1304902
1304927
1304962
1304991
1305024
1305057
1305092
1305123
1305154
1305187
1305210
1305249
1305290
1305329
1305362
1305383
1305410
1305445
1305478
1305515
1305536
1305571
1305608
1305631
1305658
1305687
1305706
1305735
1305762
1305781
1305810
1305845
1305870
1305893
1305924
1305943
1305990
1306021
1306048
1306073
1306100
1306135
1306160
1306187
1306226
1306247
1306260
1306283
1306314
1306351
1306370
1306395
1306428
1306449
1306490
1306531
1306556
1306593
1306614
1306641
1306672
1306709
1306726
1306763
1306780
1306819
1306842
1306875
1306906
1306945
1306962
1306991
1307030
1307061
1307084
1307111
1307132
1307155
1307178
1307193
1307218
1307245
1307272
1307297
1307326
1307355
1307386
1307417
1307446
1307481
1307522
1307549
1307588
1307623
1307638
1307677
1307714
1307735
1307776
1307799
1307830
1307849
1307862
1307883
1307926
1307955
1307984
1308015
1308042
1308071
1308098
1308115
1308148
1308163
1308188
1308219
1308248
1308269
1308282
1308309
1308324
1308341
1308368
1308395
1308432
1308461
1308490
1308509
1308528
1308555
1308578
1308609
1308634
1308663
1308706
1308739
1308766
1308789
1308818
1308837
1308858
1308883
1308900
1308933
1308958
1308985
1309022
1309061
1309088
1309127
1309164
1309183
1309200
1309229
1309244
1309281
1309310
1309339
1309370
1309401
1309432
1309461
1309498
1309533
1309566
1309611
1309648
1309673
1309710
1309737
1309766
1309803
1309842
1309867
1309898
1309911
1309950
1309991
1310020
1310053
1310094
1310115
1310136
1310161
1310186
1310219
1310236
1310263
1310298
1310329
1310354
1310395
1310420
1310455
1310476
1310519
1310542
1310583
1310624
1310653
1310678
1310707
1310742
1310777
1310808
1310833
1310866
1310903
1310938
1310967
1311008
1311023
1311050
1311085
1311122
1311151
1311188
1311215
1311244
1311267
1311298
1311331
1311362
1311399
1311438
1311465
1311488
1311517
1311560
1311595
1311616
1311647
1311666
1311697
1311734
1311783
1311820
1311861
best case: 992335
Average case: 9595
worst case: 1048707
