3_12_04 1, 9, 5
1_18_06 16
6_19_08 5, 13, 1, 9, 6, 14
5_23_22 13, 5, 9, 1, 6
8_18_06 4, 12, 16, 8, 5, 13, 1, 9
3_11_06 6, 14, 10
4_4_22 12, 4, 8, 16
1_30_20 10
6_2_08 5, 13, 1, 9, 2, 10
4_30_16 12, 4, 8, 16
7_10_20 13, 5, 9, 1, 10, 2, 6
1_1_06 4
2_13_04 6, 14
4_28_22 14, 6, 10, 2
3_14_20 10, 2, 6
3_11_18 12, 4, 16
8_17_16 9, 1, 5, 13, 10, 2, 6, 14
6_24_06 5, 13, 1, 9, 2, 10
8_20_06 4, 12, 16, 8, 5, 13, 1, 9
1_4_14 12
7_4_20 11, 3, 7, 15, 16, 8, 12
1_19_16 1
7_28_12 9, 1, 5, 13, 14, 6, 10
8_11_14 10, 2, 6, 14, 11, 3, 7, 15
8_23_02 3, 11, 15, 7, 4, 12, 16, 8
7_6_18 11, 3, 7, 15, 8, 16, 4
4_14_16 12, 4, 8, 16
4_26_04 5, 13, 1, 9
2_27_02 4, 12
8_25_18 12, 4, 8, 16, 13, 5, 9, 1
5_10_04 5, 13, 1, 9, 2
5_6_12 8, 16, 4, 12, 5
5_24_10 7, 15, 3, 11, 12
2_8_06 1, 9
1_14_14 7
7_30_04 6, 14, 2, 10, 15, 7, 11
7_18_14 8, 16, 4, 12, 5, 13, 1
1_22_14 5
3_22_16 6, 14, 2
8_12_08 7, 15, 3, 11, 8, 16, 4, 12
7_4_10 6, 14, 2, 10, 11, 3, 7
3_26_12 5, 13, 1
7_23_04 4, 12, 16, 8, 13, 5, 9
8_29_10 9, 1, 5, 13, 6, 14, 2, 10
5_18_00 1, 9, 13, 5, 14
8_29_02 5, 13, 1, 9, 2, 10, 14, 6
8_12_10 8, 16, 4, 12, 9, 1, 5, 13
7_19_08 5, 13, 1, 9, 14, 6, 10
6_20_06 4, 12, 16, 8, 1, 9
4_18_20 11, 3, 7, 15
2_29_10 9, 1
7_30_14 11, 3, 7, 15, 4, 12, 16
2_31_10 9, 1
7_2_00 1, 9, 13, 5, 14, 6, 10
6_24_16 10, 2, 6, 14, 7, 15
2_16_00 16, 8
8_26_00 3, 11, 15, 7, 4, 12, 16, 8
7_22_02 3, 11, 15, 7, 16, 8, 12
7_21_22 13, 5, 9, 1, 14, 6, 10
2_2_06 16, 8
7_24_16 10, 2, 6, 14, 15, 7, 11
6_12_00 3, 11, 15, 7, 16, 8
8_21_06 5, 13, 1, 9, 6, 14, 2, 10
6_4_00 1, 9, 13, 5, 14, 6
5_8_18 11, 3, 7, 15, 16
1_31_02 13
5_1_12 7, 15, 3, 11, 8
8_14_18 13, 5, 9, 1, 10, 2, 6, 14
3_23_16 10, 2, 14
6_1_04 3, 11, 15, 7, 4, 12
8_17_12 7, 15, 3, 11, 8, 16, 4, 12
6_13_06 7, 15, 3, 11, 4, 12
6_4_14 8, 16, 4, 12, 5, 13
7_2_04 3, 11, 15, 7, 16, 8, 12
3_29_14 11, 3, 7
2_14_00 16, 8
8_23_18 11, 3, 7, 15, 12, 4, 8, 16
1_7_02 11
1_1_06 4
5_8_04 4, 12, 16, 8, 9
6_26_10 8, 16, 4, 12, 5, 13
1_10_06 2
8_30_10 9, 1, 5, 13, 6, 14, 2, 10
3_23_06 5, 13, 9
4_20_12 7, 15, 3, 11
7_24_12 8, 16, 4, 12, 13, 5, 9
7_11_04 5, 13, 1, 9, 14, 6, 10
3_12_04 1, 9, 5
8_8_06 5, 13, 1, 9, 6, 14, 2, 10
6_29_22 15, 7, 11, 3, 12, 4
4_8_06 5, 13, 1, 9
6_26_10 8, 16, 4, 12, 5, 13
6_10_04 5, 13, 1, 9, 2, 10
4_8_10 7, 15, 3, 11
8_10_20 13, 5, 9, 1, 14, 6, 10, 2
2_2_12 3, 11
8_13_20 14, 6, 10, 2, 11, 3, 7, 15
8_21_20 12, 4, 8, 16, 13, 5, 9, 1
4_23_10 7, 15, 3, 11
8_27_18 12, 4, 8, 16, 13, 5, 9, 1
7_30_02 5, 13, 1, 9, 14, 6, 10
5_27_18 12, 4, 8, 16, 5
2_26_20 9, 1
4_7_16 10, 2, 6, 14
1_13_16 12
4_26_06 6, 14, 2, 10
7_6_20 12, 4, 8, 16, 9, 1, 5
8_30_10 9, 1, 5, 13, 6, 14, 2, 10
8_9_08 7, 15, 3, 11, 8, 16, 4, 12
4_17_00 1, 9, 13, 5
3_18_22 8, 16, 4
5_30_16 12, 4, 8, 16, 5
7_16_04 6, 14, 2, 10, 7, 15, 3
6_5_02 3, 11, 15, 7, 4, 12
3_11_18 12, 4, 16
1_17_10 6
8_10_08 7, 15, 3, 11, 8, 16, 4, 12
4_28_12 9, 1, 5, 13
4_13_00 4,12, 16, 8
8_31_20 14, 6, 10, 2, 11, 3, 7, 15
4_19_20 11, 3, 7, 15
1_5_16 10
4_21_08 6, 14, 2, 10
8_20_10 6, 14, 2, 10, 7, 15, 3, 11
3_14_20 10, 2, 6
8_26_18 12, 4, 8, 16, 13, 5, 9, 1
1_22_10 3
5_8_10 7, 15, 3, 11, 12
1_31_02 13
1_12_00 7
8_18_18 10, 2, 6, 14, 11, 3, 7, 15
7_29_18 13, 5, 9, 1, 10, 2, 6
8_27_20 13, 5, 9, 1, 14, 6, 10, 2
5_16_16 12, 4, 8, 16, 13
8_9_02 4, 12, 16, 8, 5, 13, 1, 9
8_2_10 6, 14, 2, 10, 7, 15, 3, 11
7_13_20 14, 6, 10, 2, 11, 3, 7
5_26_20 13, 5, 9, 1, 10
7_7_00 2, 10, 14, 6, 11, 3, 7
1_12_00 7
6_23_20 12, 4, 8, 16, 13, 5
4_3_16 9, 1, 5, 13
8_27_16 11, 3, 7, 15, 12, 4, 8, 16
8_13_18 13, 5, 9, 1, 10, 2, 6, 14
2_18_12 3, 11
4_7_02 3, 11, 15, 7
7_11_16 11, 3, 7, 15, 4, 12, 16
6_10_04 5, 13, 1, 9, 2, 10
2_26_04 1, 9
6_29_06 7, 15, 3, 11, 4, 12
2_31_12 10, 2
1_21_18 11
2_23_06 5, 13
6_6_00 2, 10, 14, 6, 15, 7
5_31_22 15, 7, 11, 3, 4
2_23_06 5, 13
5_15_08 8, 16, 4, 12, 13
5_20_12 7, 15, 3, 11, 12
6_29_08 8, 16, 4, 12, 5, 13
2_30_14 7, 15
7_24_20 12, 4, 8, 16, 1, 9, 13
2_8_22 9, 1
4_17_02 2, 10, 14, 6
4_30_20 14, 6, 10, 2
4_5_22 13, 5, 9, 1
4_1_04 3, 11, 15, 7
4_24_18 11, 3, 7, 15
6_7_00 2, 10, 14, 6, 3, 11
4_20_18 10, 2, 6, 14
8_2_14 8, 16, 4, 12, 9, 1, 5, 13
1_12_10 12
6_11_04 5, 13, 1, 9, 6, 14
4_12_10 8, 16, 4, 12
3_18_06 16, 8, 12
3_1_08 5, 13, 1
1_7_20 4
6_4_10 6, 14, 2, 10, 3, 11
1_18_04 15
7_19_12 7, 15, 3, 11, 16, 8, 12
3_3_16 9, 1, 13
3_28_18 8, 16, 12
6_17_00 1, 9, 13, 5, 2, 10
3_21_08 6, 14, 2
1_31_04 14
2_15_10 9, 1
4_2_04 3, 11, 15, 7
4_19_00 1, 9, 13, 5
1_21_18 11
7_26_04 5, 13, 1, 9, 2, 10, 14
3_14_04 2, 10, 14
4_17_16 9, 1, 5, 13
3_1_18 10, 2, 6
4_11_02 4, 12, 16, 8
6_30_10 9, 1, 5, 13, 2, 10
7_1_04 3, 11, 15, 7, 4, 12, 16
1_23_10 15
2_3_04 3, 11
6_17_00 1, 9, 13, 5, 2, 10
6_2_10 6, 14, 2, 10, 3, 11
5_29_02 5, 13, 1, 9, 2
3_13_16 12, 4, 8
6_7_22 13, 5, 9, 1, 14, 6
2_14_12 6, 14
4_24_14 9, 1, 5, 13
8_1_00 1, 9, 13, 5, 2, 10, 14, 6
6_5_12 8, 16, 4, 12, 9, 1
3_17_00 1, 9, 13
8_18_04 3, 11, 15, 7, 4, 12, 16, 8
8_10_08 7, 15, 3, 11, 8, 16, 4, 12
5_1_16 9, 1, 5, 13, 10
2_26_18 8, 16
1_23_20 4
2_16_02 1, 9
1_16_20 2
1_2_16 5
8_19_06 4, 12, 16, 8, 5, 13, 1, 9
1_3_02 10
3_9_06 6, 14, 2
7_19_14 8, 16, 4, 12, 1, 9, 13
2_25_14 10, 2
5_21_14 9, 1, 5, 13, 10
5_31_14 11, 3, 7, 15, 16
2_7_14 9, 1
8_26_02 4, 12, 16, 8, 5, 13, 1, 9
2_28_08 3, 11
3_7_18 11, 3, 15
6_1_06 4, 12, 16, 8, 5, 13
2_3_08 5, 13
1_5_20 12
2_9_04 5, 13
4_1_18 10, 2, 6, 14
8_1_14 8, 16, 4, 12, 9, 1, 5, 13
8_23_06 5, 13, 1, 9, 6, 14, 2, 10
6_6_22 13, 5, 9, 1, 10, 2
4_28_04 5, 13, 1, 9
2_21_18 11, 3
5_11_02 4, 12, 16, 8, 13
6_1_14 8, 16, 4, 12, 9, 1
4_29_00 4,12, 16, 8
4_1_16 9, 1, 5, 13
4_8_10 7, 15, 3, 11
3_11_18 12, 4, 16
1_12_20 1
4_1_16 9, 1, 5, 13
4_12_00 3, 11, 15, 7
6_29_08 8, 16, 4, 12, 5, 13
5_20_14 8, 16, 4, 12, 13
5_10_16 11, 3, 7, 15, 8
3_2_00 13, 5, 9
2_27_04 5, 13
