1_17_00 1
3_10_04 1, 9, 13
2_17_02 2, 10
5_10_00 3, 11, 15, 7, 16
5_4_14 8, 16, 4, 12, 13
7_28_02 4, 12, 16, 8, 9, 1, 5
2_11_04 5, 13
6_23_00 2, 10, 14, 6, 3, 11
4_10_12 9, 1, 5, 13
1_21_02 3
8_16_02 5, 13, 1, 9, 2, 10, 14, 6
6_25_10 8, 16, 4, 12, 9, 1
5_2_00 1, 9, 13, 5, 14
5_25_00 3, 11, 15, 7, 4
1_20_00 5
1_12_18 16
6_24_02 3, 11, 15, 7, 16, 8
7_10_06 6, 14, 2, 10, 3, 11, 15
2_7_00 2, 10
1_13_00 4
4_4_20 11, 3, 7, 15
8_6_14 9, 1, 5, 13, 10, 2, 6, 14
6_31_10 9, 1, 5, 13, 6, 14
8_13_12 10, 2, 6, 14, 7, 15, 3, 11
7_19_16 9, 1, 5, 13, 2, 10, 14
2_24_06 1, 9
2_21_22 13, 5
1_8_12 12
4_19_06 4, 12, 16, 8
4_28_10 8, 16, 4, 12
5_18_06 4, 12, 16, 8, 1
5_4_20 11, 3, 7, 15, 16
2_8_16 6, 14
8_4_22 12, 4, 8, 16, 13, 5, 9, 1
3_15_08 8, 16, 12
6_31_14 11, 3, 7, 15, 8, 16
3_14_06 3, 11, 15
3_15_06 7, 15, 11
5_31_14 11, 3, 7, 15, 16
3_1_04 3, 11, 15
1_27_16 3
5_21_22 13, 5, 9, 1, 14
8_20_16 9, 1, 5, 13, 10, 2, 6, 14
8_12_20 13, 5, 9, 1, 14, 6, 10, 2
2_21_20 12, 4
3_28_20 9, 1, 13
5_23_10 7, 15, 3, 11, 16
3_31_14 11, 3, 15
6_26_06 6, 14, 2, 10, 3, 11
5_13_22 15, 7, 11, 3, 12
1_11_08 15
3_19_12 7, 15, 11
2_20_04 15, 7
6_29_14 11, 3, 7, 15, 8, 16
6_13_10 9, 1, 5, 13, 6, 14
2_1_04 3, 11
5_14_10 9, 1, 5, 13, 2
7_26_16 11, 3, 7, 15, 8, 16, 4
8_22_08 6, 14, 2, 10, 7, 15, 3, 11
6_5_08 6, 14, 2, 10, 7, 15
1_9_06 6
4_23_20 12, 4, 8, 16
4_28_22 14, 6, 10, 2
3_1_20 11, 3, 7
7_20_22 12, 4, 8, 16, 1, 9, 13
1_26_18 8
5_19_02 2, 10, 14, 6, 11
7_15_12 10, 2, 6, 14, 15, 7, 11
3_25_22 14, 6, 10
2_7_00 2, 10
7_17_02 2, 10, 14, 6, 3, 11, 15
5_2_16 9, 1, 5, 13, 6
5_23_06 5, 13, 1, 9, 14
1_27_16 3
8_30_18 13, 5, 9, 1, 10, 2, 6, 14
8_27_16 11, 3, 7, 15, 12, 4, 8, 16
8_18_22 12, 4, 8, 16, 13, 5, 9, 1
7_21_06 5, 13, 1, 9, 6, 14, 2
7_19_06 4, 12, 16, 8, 13, 5, 9
5_1_00 1, 9, 13, 5, 2
2_6_22 9, 1
8_6_00 2, 10, 14, 6, 3, 11, 15, 7
7_23_06 5, 13, 1, 9, 14, 6, 10
4_22_16 10, 2, 6, 14
4_24_14 9, 1, 5, 13
6_7_12 8, 16, 4, 12, 9, 1
1_14_08 4
7_15_06 7, 15, 3, 11, 12, 4, 8
7_28_18 12, 4, 8, 16, 1, 9, 13
7_19_16 9, 1, 5, 13, 2, 10, 14
8_12_04 5, 13, 1, 9, 6, 14, 2, 10
3_12_12 5, 13, 9
2_14_20 10, 2
2_1_04 3, 11
8_22_12 8, 16, 4, 12, 9, 1, 5, 13
7_30_02 5, 13, 1, 9, 14, 6, 10
8_2_16 9, 1, 5, 13, 10, 2, 6, 14
5_17_16 9, 1, 5, 13, 10
8_1_12 7, 15, 3, 11, 8, 16, 4, 12
6_28_16 11, 3, 7, 15, 8, 16
2_18_20 7, 15
4_17_02 2, 10, 14, 6
6_18_16 9, 1, 5, 13, 6, 14
3_7_14 9, 1, 13
4_24_06 5, 13, 1, 9
5_7_02 3, 11, 15, 7, 12
7_20_18 10, 2, 6, 14, 15, 7, 11
1_12_04 9
2_6_06 1, 9
1_17_02 2
3_12_02 16, 8, 4
3_28_00 15, 7, 3
8_4_10 6, 14, 2, 10, 7, 15, 3, 11
7_19_14 8, 16, 4, 12, 1, 9, 13
4_30_12 10, 2, 6, 14
1_19_00 9
4_18_16 9, 1, 5, 13
4_18_20 11, 3, 7, 15
4_29_10 9, 1, 5, 13
4_31_14 11, 3, 7, 15
8_5_04 4, 12, 16, 8, 5, 13, 1, 9
7_13_10 9, 1, 5, 13, 6, 14, 2
2_12_22 10, 2
2_27_18 12, 4
7_1_04 3, 11, 15, 7, 4, 12, 16
1_2_16 5
3_24_08 2, 10, 6
4_2_16 9, 1, 5, 13
5_27_04 5, 13, 1, 9, 14
3_14_12 6, 14, 2
7_29_12 10, 2, 6, 14, 7, 15, 3
5_25_12 9, 1, 5, 13, 10
3_17_14 8, 16, 4
8_29_16 12, 4, 8, 16, 9, 1, 5, 13
8_15_00 4, 12, 16, 8, 1, 9, 13, 5
2_27_04 5, 13
4_16_22 15, 7, 11, 3
3_21_10 7, 15, 3
5_25_10 8, 16, 4, 12, 9
7_8_00 2, 10, 14, 6, 7, 15, 3
7_2_04 3, 11, 15, 7, 16, 8, 12
1_5_02 3
6_24_16 10, 2, 6, 14, 7, 15
2_29_02 5, 13
6_17_08 5, 13, 1, 9, 6, 14
4_6_16 10, 2, 6, 14
4_12_16 11, 3, 7, 15
4_25_12 9, 1, 5, 13
8_4_06 4, 12, 16, 8, 5, 13, 1, 9
1_29_00 4
6_20_10 6, 14, 2, 10, 3, 11
8_17_02 2, 10, 14, 6, 3, 11, 15, 7
2_14_12 6, 14
5_25_06 6, 14, 2, 10, 7
7_3_12 7, 15, 3, 11, 16, 8, 12
3_31_16 12, 4, 16
2_14_00 16, 8
1_13_10 9
5_17_02 2, 10, 14, 6, 3
2_4_06 16, 8
6_5_06 5, 13, 1, 9, 6, 14
2_2_02 14, 6
5_7_08 6, 14, 2, 10, 15
6_20_12 7, 15, 3, 11, 4, 12
7_2_20 11, 3, 7, 15, 8, 16, 4
8_9_02 4, 12, 16, 8, 5, 13, 1, 9
4_23_12 8, 16, 4, 12
7_26_06 6, 14, 2, 10, 3, 11, 15
2_8_14 5, 13
8_10_10 8, 16, 4, 12, 9, 1, 5, 13
4_15_14 11, 3, 7, 15
3_11_00 3, 11, 7
2_24_22 9, 1
4_21_12 8, 16, 4, 12
2_30_18 9, 1
3_20_20 7, 15, 11
2_8_10 3, 11
2_15_10 9, 1
4_27_22 14, 6, 10, 2
3_7_16 10, 2, 14
5_7_14 9, 1, 5, 13, 2
3_2_22 8, 16, 4
3_25_02 4, 12, 16
5_17_18 10, 2, 6, 14, 11
6_24_04 4, 12, 16, 8, 1, 9
6_17_14 8, 16, 4, 12, 9, 1
1_2_22 8
7_1_14 8, 16, 4, 12, 9, 1, 5
8_11_10 8, 16, 4, 12, 9, 1, 5, 13
8_5_06 5, 13, 1, 9, 6, 14, 2, 10
6_26_00 3, 11, 15, 7, 16, 8
6_16_12 10, 2, 6, 14, 3, 11
7_18_18 10, 2, 6, 14, 7, 15, 3
1_15_14 3
3_8_16 6, 14, 10
4_11_20 13, 5, 9, 1
7_17_00 1, 9, 13, 5, 2, 10, 14
7_29_14 11, 3, 7, 15, 8, 16, 4
5_11_08 7, 15, 3, 11, 16
6_16_20 14, 6, 10, 2, 7, 15
4_19_08 5, 13, 1, 9
3_27_08 7, 15, 11
2_13_18 13, 5
1_27_08 15
2_29_12 10, 2
7_15_10 9, 1, 5, 13, 14, 6, 10
3_27_10 8, 16, 12
4_6_22 13, 5, 9, 1
3_29_20 14, 6, 10
3_24_04 16, 8, 4
1_22_08 2
5_30_08 8, 16, 4, 12, 1
8_15_08 8, 16, 4, 12, 5, 13, 1, 9
4_13_08 8, 16, 4, 12
3_26_10 4, 12, 16
1_22_20 8
5_20_00 1, 9, 13, 5, 6
5_11_02 4, 12, 16, 8, 13
5_19_14 8, 16, 4, 12, 1
1_22_16 6
7_9_12 9, 1, 5, 13, 10, 2, 6
8_13_18 13, 5, 9, 1, 10, 2, 6, 14
6_19_10 6, 14, 2, 10, 7, 15
1_30_20 10
4_31_08 8, 16, 12
3_1_02 2, 10, 14
1_2_18 6
1_28_18 16
6_6_00 2, 10, 14, 6, 15, 7
7_20_06 4, 12, 16, 8, 9, 1, 5
4_1_18 10, 2, 6, 14
6_31_18 13, 5, 9, 1, 10, 2
1_20_16 13
2_1_10 6, 14
6_21_00 2, 10, 14, 6, 3, 11
5_11_22 14, 6, 10, 2, 7
8_22_14 9, 1, 5, 13, 10, 2, 6, 14
1_16_00 8
5_2_12 7, 15, 3, 11, 4
2_27_14 10, 2
8_30_12 10, 2, 6, 14, 7, 15, 3, 11
2_10_20 9, 1
1_17_18 10
3_30_08 4, 12, 16
4_26_08 7, 15, 3, 11
8_15_10 9, 1, 5, 13, 6, 14, 2, 10
1_2_10 2
8_29_20 14, 6, 10, 2, 11, 3, 7, 15
6_14_02 5, 13, 1, 9, 14, 6
8_4_04 3, 11, 15, 7, 4, 12, 16, 8
1_24_10 11
8_31_18 13, 5, 9, 1, 10, 2, 6, 14
8_18_08 5, 13, 1, 9, 6, 14, 2, 10
5_22_10 7, 15, 3, 11, 4
3_14_20 10, 2, 6
6_4_08 5, 13, 1, 9, 2, 10
7_29_08 8, 16, 4, 12, 5, 13, 1
3_12_08 3, 11, 7
7_12_04 5, 13, 1, 9, 10, 2, 6
4_28_12 9, 1, 5, 13
