294765
294768
294771
294776
294781
294786
294793
294800
294807
294816
294825
294830
294839
294850
294863
294870
294881
294892
294899
294910
294923
294932
294947
294962
294971
294988
295003
295020
295031
295042
295051
295058
295067
295080
295087
295104
295121
295132
295149
295166
295185
295204
295223
295236
295247
295262
295281
295302
295315
295334
295349
295370
295387
295410
295423
295436
295453
295478
295505
295520
295541
295550
295561
295576
295587
295600
295611
295632
295653
295666
295689
295700
295717
295746
295767
295782
295795
295808
295813
295826
295843
295852
295867
295890
295911
295934
295953
295954
295971
295990
296003
296020
296035
296050
296069
296086
296109
296122
296145
296164
296183
296194
296213
296228
296239
296258
296279
296294
296313
296334
296353
296366
296387
296406
296413
296422
296445
296466
296489
296508
296531
296546
296571
296584
296597
296618
296631
296646
296659
296672
296681
296702
296723
296736
296757
296768
296791
296804
296829
296842
296857
296870
296893
296918
296935
296952
296977
296992
297013
297034
297053
297068
297091
297112
297127
297150
297165
297178
297201
297220
297243
297258
297281
297292
297311
297336
297361
297384
297411
297424
297439
297456
297483
297504
297521
297536
297555
297566
297591
297618
297641
297654
297675
297690
297707
297732
297757
297772
297797
297814
297839
297858
297887
297908
297933
297946
297967
297980
297995
298010
298029
298056
298075
298102
298129
298152
298175
298188
298211
298224
298247
298262
298281
298292
298311
298324
298341
298370
298397
298422
298437
298454
298475
298498
298515
298546
298565
298588
298605
298624
298655
298686
298701
298726
298749
298776
298793
298814
298829
298862
298877
298884
298901
298934
298965
298988
299005
299024
299047
299066
299083
299108
299129
299154
299177
299204
299219
299236
299259
299292
299301
299320
299337
299366
299391
299416
299443
299464
299483
299514
299535
299562
299585
299598
299631
299656
299677
299706
299725
299738
299755
299770
299787
299806
299823
299838
299863
299886
299903
299928
299953
299966
299991
300006
300027
300048
300077
300102
300113
300148
300167
300190
300203
300224
300249
300266
300301
300314
300337
300360
300379
300416
300431
300452
300479
300508
300525
300550
300577
300600
300619
300638
300667
300698
300723
300734
300761
300786
300803
300822
300839
300862
300877
300898
300917
300942
300959
300986
301005
301026
301045
301066
301083
301104
301143
301166
301189
301210
301243
301266
301287
301302
301325
301352
301377
301402
301429
301442
301469
301488
301505
301522
301539
301564
301585
301600
301623
301646
301667
301696
301727
301738
301751
301780
301811
301826
301841
301864
301883
301898
301925
301954
301977
301990
302015
302038
302059
302082
302107
302140
302167
302180
302197
302212
302239
302258
302271
302290
302297
302310
302333
302352
302387
302420
302435
302454
302489
302520
302545
302568
302593
302620
302647
302660
302681
302698
302723
302750
302775
302798
302835
302854
302879
302910
302931
302960
302975
302994
303021
303040
303069
303090
303115
303148
303169
303192
303207
303232
303259
303290
303311
303328
303351
303370
303385
303422
303451
303480
303505
303516
303541
303570
303599
303626
303649
303678
303701
303722
303759
303778
303795
303810
303845
303870
303889
303920
303941
303974
303999
304024
304041
304070
304101
304128
304137
304152
304179
304206
304225
304256
304279
304308
304325
304360
304393
304414
304447
304472
304489
304512
304537
304564
304581
304610
304623
304642
304673
304702
304723
304738
304747
304780
304815
304838
304859
304872
304899
304924
304943
304968
304983
305008
305021
305048
305071
305096
305125
305156
305171
305204
305229
305258
305267
305284
305313
305338
305361
305384
305409
305430
305447
305474
305497
305514
305547
305562
305593
305618
305637
305662
305683
305714
305741
305768
305793
305814
305833
305854
305881
305902
305921
305932
305969
306000
306021
306036
306057
306076
306099
306116
306151
306180
306211
306238
306261
306280
306321
306354
306381
306414
306441
306464
306485
306512
306529
306546
306571
306596
306627
306644
306685
306712
306737
306756
306773
306792
306817
306834
306857
306892
306907
306942
306973
306986
307011
307022
307043
307066
307089
307118
307151
307194
307213
307242
307267
307286
307313
307330
307351
307380
307401
307430
307459
307476
307497
307522
307549
307580
307607
307624
307647
307676
307699
307720
307739
307774
307799
307828
307845
307876
307913
307930
307957
307974
308005
308024
308051
308068
308089
308114
308149
308182
308201
308220
308243
308272
308309
308334
308367
308396
308427
308446
308469
308498
308543
308562
308589
308618
308639
308652
308683
308708
308733
308762
308787
308806
308825
308844
308871
308890
308927
308958
308989
309016
309033
309060
309079
309112
309139
309166
309179
309214
309231
309254
309287
309312
309331
309352
309383
309400
309431
309458
309493
309504
309521
309550
309575
309592
309615
309624
309641
309666
309699
309734
309765
309804
309851
309866
309895
309912
309937
309968
309991
310038
310065
310106
310129
310156
310171
310192
310217
310240
310275
310306
310315
310342
310371
310398
310417
310440
310467
310488
310503
310532
310555
310570
310619
310636
310655
310692
310719
310740
310769
310812
310837
310862
310879
310914
310951
310980
311001
311024
311045
311060
311083
311102
311113
311140
311163
311180
311217
311246
311269
311296
311317
311336
311357
311378
311409
311430
311459
311480
311503
311548
311567
311598
311621
311648
311673
311690
311713
311740
311767
311784
311817
311840
311873
311894
311915
311942
311969
311988
312005
312036
312071
312108
312135
312168
312201
312226
312259
312268
312295
312314
312337
312358
312393
312412
312441
312466
312481
312502
312537
312568
312601
312624
312655
312686
312715
312748
312777
312794
312819
312848
312885
312914
312959
312990
313015
313032
313051
313072
313111
313132
313159
313180
313197
313214
313231
313252
313283
313312
313333
313356
313381
313410
313431
313456
313485
313508
313515
313534
313561
313600
313633
313656
313685
313706
313725
313778
313799
313828
313849
313868
313887
313926
313953
313980
314005
314034
314053
314080
314109
314130
314169
314208
314255
314278
314311
314340
314367
314404
314439
314466
314483
314500
314521
314546
314563
314580
314611
314632
314655
314678
314707
314734
314763
314792
314825
314848
314869
314894
314915
314954
314977
315002
315025
315040
315071
315088
315113
315136
315161
315188
315205
315230
315249
315270
315307
315342
315365
315388
315409
315424
315449
315472
315501
315518
315541
315570
315593
315628
315651
315656
315675
315698
315727
315760
315781
315802
315827
315858
315875
315886
315911
315936
315963
315980
316007
316036
316057
316086
316113
316144
316167
316192
316223
316250
316283
316314
316337
316372
316403
316418
316447
316466
316493
316510
316523
316544
316559
316586
316609
316638
316667
316686
316707
316734
316755
316782
316805
316830
316861
316884
316905
316936
316961
316976
316997
317016
317047
317072
317097
317114
317147
317166
317195
317230
317243
317268
317307
317332
317337
317358
317385
317412
317437
317468
317501
317534
317563
317588
317619
317646
317689
317708
317731
317756
317783
317808
317835
317860
317887
317914
317937
317968
317997
318026
318051
318076
318101
318124
318175
318196
318227
318256
318273
318290
318321
318346
318379
318410
318443
318454
318473
318494
318521
318544
318561
318590
318617
318648
318677
318698
318727
318752
318785
318800
318827
318850
318879
318906
318929
318956
318989
319024
319045
319070
319101
319136
319147
319170
319201
319222
319251
319270
319291
319316
319339
319370
319397
319416
319429
319460
319483
319504
319517
319536
319567
319584
319617
319638
319667
319682
319713
319742
319769
319798
319819
319838
319859
319886
319897
319922
319937
319972
320001
320030
320061
320070
320095
320122
320137
320162
320199
320220
320241
320282
320313
320340
320363
320376
320399
320424
320447
320470
320487
320516
320539
320558
320591
320628
320655
320676
320687
320712
320737
320752
320771
320802
320821
320848
320873
320906
320925
320952
320973
321002
321031
321054
321083
321122
321125
321146
321173
321204
321233
321262
321279
321306
321341
321372
321395
321428
321451
321474
321499
321540
321567
321586
321613
321640
321669
321712
321737
321762
321787
321810
321841
321880
321919
321932
321963
321988
322023
322052
322063
322088
322123
322150
322173
322196
322219
322248
322263
322282
322315
322344
322379
322400
322427
322454
322477
322504
322543
322576
322607
322648
322673
322692
322717
322730
322761
322780
322807
322830
322849
322878
322901
322922
322943
322970
322987
322998
323021
323058
323075
323102
323137
323158
323181
323206
323235
323262
323293
323304
323337
323370
323401
323428
323459
323488
323521
323550
323573
323596
323619
323644
323665
323690
323707
323726
323765
323784
323815
323838
323857
323876
323899
323918
323941
323976
324001
324030
324061
324088
324115
324148
324179
324204
324227
324252
324281
324312
324333
324360
324387
324418
324453
324472
324495
324518
324537
324574
324597
324610
324637
324672
324697
324730
324745
324772
324799
324826
324847
324878
324895
324910
324923
324954
324987
325020
325047
325078
325101
325126
325141
325162
325183
325218
325239
325272
325289
325316
325335
325356
325385
325402
325433
325462
325479
325492
325525
325560
325597
325632
325655
325676
325711
325732
325763
325794
325823
325860
325893
325922
325957
325984
326009
326042
326061
326094
326117
326144
326183
326208
326223
326246
326269
326298
326323
326350
326373
326404
326433
326452
326477
326504
326535
326566
326585
326616
326631
326652
326685
326710
326747
326774
326807
326826
326859
326886
326903
326912
326949
326978
327005
327034
327063
327086
327111
327146
327179
327206
327233
327238
327261
327286
327313
327366
327385
327412
327439
327462
327491
327514
327545
327558
327583
327608
327643
327672
327703
327734
327783
327802
327833
327858
327885
327918
327927
327966
327993
328012
328037
328060
328087
328116
328137
328172
328199
328238
328255
328288
328313
328338
328363
328406
328437
328460
328497
328534
328553
328572
328601
328626
328651
328682
328713
328736
328765
328772
328805
328840
328865
328890
328917
328944
328981
329012
329033
329054
329077
329110
329133
329152
329167
329196
329233
329266
329295
329322
329351
329378
329401
329430
329453
329478
329503
329540
329567
329604
329629
329658
329685
329722
329767
329802
329819
329848
329871
329900
329921
329942
329975
329992
330013
330038
330059
330096
330115
330138
330155
330190
330213
330246
330275
330304
330321
330354
330379
330398
330431
330458
330483
330502
330545
330572
330589
330628
330645
330682
330717
330752
330785
330806
330829
330858
330877
330908
330941
330970
331001
331020
331051
331082
331109
331122
331157
331180
331207
331236
331275
331298
331331
331364
331405
331438
331465
331492
331525
331544
331575
331598
331619
331638
331675
331704
331731
331770
331809
331830
331857
331874
331889
331942
331999
332024
332063
332096
332131
332160
332183
332212
332233
332258
332289
332314
332337
332364
332401
332434
332463
332498
332519
332554
332579
332604
332639
332662
332683
332722
332733
332756
332791
332814
332841
332876
332911
332934
332963
332988
333015
333034
333047
333068
333091
333118
333133
333164
333177
333202
333235
333266
333279
333302
333323
333350
333379
333406
333441
333462
333501
333540
333557
333586
333615
333640
333673
333694
333727
333752
333775
333804
333819
333848
333885
333916
333949
333966
333979
334006
334041
334074
334097
334132
334175
334194
334233
334258
334297
334318
334345
334378
334401
334430
334465
334486
334505
334536
334563
334598
334613
334638
334657
334684
334705
334724
334747
334768
334811
334832
334853
334884
334917
334944
334969
335000
335027
335050
335079
335114
335135
335162
335183
335208
335237
335264
335295
335328
335369
335396
335423
335452
335489
335522
335549
335558
335591
335616
335651
335682
335713
335738
335769
335794
335817
335838
335861
335888
335903
335934
335965
335990
336015
336044
336075
336100
336129
336154
336183
336218
336233
336258
336267
336288
336317
336350
336369
336410
336431
336466
336487
336504
336533
336554
336599
336630
336653
336678
336709
336738
336773
336798
336823
336854
336875
336902
336925
336940
336977
337010
337021
337050
337085
337110
337135
337174
337209
337224
337255
337284
337321
337370
337397
337430
337459
337482
337515
337546
337579
337586
337621
337650
337677
337698
337727
337758
337783
337826
337861
337880
337913
337938
337963
338008
338043
338072
338101
338140
338159
338194
338233
338262
338285
338304
338331
338358
338385
338402
338427
338448
338473
338522
338549
338572
338601
338622
338643
338664
338699
338736
338767
338802
338825
338852
338879
338908
338935
338956
338975
339002
339033
339064
339099
339128
339153
339192
339215
339226
339239
339274
339295
339316
339337
339374
339399
339428
339455
339474
339497
339520
339547
339586
339615
339640
339659
339686
339709
339736
339765
339794
339815
339836
339863
339898
339923
339962
339985
340020
340063
340076
340113
340144
340165
340186
340217
340238
340267
340298
340329
340346
340385
340402
340429
340454
340483
340506
340535
340552
340553
340580
340619
340642
340675
340704
340743
340768
340795
340820
340845
340876
340911
340930
340955
340982
341001
341032
341049
341080
341097
341128
341157
341180
341207
341230
341259
341290
341307
341328
341357
341374
341391
341412
341439
341464
341485
341522
341541
341576
341613
341648
341683
341708
341735
341758
341787
341816
341841
341870
341903
341930
341973
341994
342025
342050
342073
342120
342137
342168
342199
342224
342255
342282
342313
342336
342357
342382
342411
342432
342453
342480
342513
342540
342575
342594
342617
342638
342677
342704
342745
342762
342777
342808
342839
342866
342893
342930
342949
342974
343001
343036
343071
343100
343129
343158
343191
343210
343229
343242
343279
343316
343341
343366
343389
343418
343445
343466
343493
343520
343543
343576
343615
343638
343657
343698
343709
343738
343771
343806
343845
343874
343891
343924
343931
343954
343981
343994
344023
344070
344105
344116
344147
344170
344189
344222
344239
344274
344293
344338
344343
344352
344377
344418
344461
344494
344525
344550
344575
344612
344645
344684
344721
344740
344773
344792
344825
344858
344885
344912
344943
344964
344981
345014
345041
345084
345117
345148
345165
345186
345221
345256
345289
345310
345341
345382
345415
345438
345467
345494
345529
345548
345569
345592
345605
345626
345659
345682
345707
345736
345763
345796
345831
345856
345877
345908
345937
345962
345979
346014
346033
346056
346075
346110
346137
346168
346199
346218
346247
346264
346295
346320
346355
346392
346423
346452
346485
346512
346543
346570
346599
346628
346649
346688
346709
346726
346751
346784
346825
346858
346887
346912
346943
346976
347007
347032
347069
347100
347133
347160
347195
347210
347237
347262
347299
347330
347363
347382
347405
347434
347455
347486
347515
347546
347585
347620
347645
347658
347689
347724
347745
347772
347795
347808
347847
347884
347905
347926
347939
347960
347985
348018
348045
348070
348099
348132
348167
348190
348213
348250
348281
348306
348329
348362
348401
348434
348469
348492
348525
348554
348595
348626
348663
348680
348703
348720
348753
348792
348825
348854
348873
348904
348949
348980
349005
349036
349071
349102
349139
349166
349183
349202
349241
349266
349297
349318
349341
349374
349413
349442
349463
349478
349509
349542
349577
349606
349639
349672
349699
349728
349749
349776
349801
349834
349859
349888
349923
349944
349971
349984
350007
350038
350069
350100
350131
350158
350183
350204
350231
350270
350291
350330
350353
350386
350413
350452
350481
350504
350529
350554
350575
350598
350629
350656
350689
350722
350763
350796
350829
350854
350887
350922
350949
350978
351001
351032
351053
351082
351117
351140
351175
351208
351227
351260
351293
351316
351343
351382
351429
351456
351489
351510
351535
351556
351589
351610
351633
351656
351705
351728
351771
351812
351839
351862
351879
351884
351909
351940
351969
351998
352039
352064
352091
352128
352153
352184
352201
352240
352273
352302
352315
352342
352359
352390
352431
352468
352497
352518
352543
352566
352607
352644
352667
352698
352729
352758
352779
352820
352855
352892
352911
352950
352967
352996
353027
353054
353091
353112
353145
353168
353193
353228
353257
353278
353295
353308
353339
353368
353405
353426
353451
353488
353519
353552
353575
353606
353625
353660
353693
353708
353723
353766
353805
353822
353847
353886
353905
353936
353971
354008
354033
354066
354093
354118
354133
354156
354193
354214
354251
354284
354323
354356
354389
354412
354449
354468
354493
354528
354583
354608
354643
354658
354689
354718
354755
354780
354803
354836
354853
354888
354923
354944
354985
355012
355035
355060
355087
355126
355145
355178
355209
355238
355271
355290
355309
355344
355371
355394
355431
355452
355485
355524
355553
355584
355617
355646
355685
355720
355757
355788
355811
355830
355865
355872
355889
355918
355947
355974
356009
356046
356069
356108
356141
356176
356213
356228
356255
356272
356299
356328
356367
356400
356427
356444
356475
356488
356517
356546
356575
356606
356651
356674
356695
356722
356763
356798
356823
356840
356863
356882
356897
356930
356961
356990
357027
357052
357081
357112
357127
357156
357175
357206
357227
357260
357281
357308
357337
357358
357383
357408
357431
357466
357505
357528
357557
357588
357615
357668
357681
357708
357741
357772
357799
357836
357851
357894
357923
357952
357985
358012
358049
358090
358111
358138
358167
358190
358217
358234
358277
358290
358313
358344
358375
358400
358423
358464
358483
358520
358559
358580
358597
358626
358655
358678
358707
358728
358755
358782
358817
358836
358871
358900
358929
358942
358979
359004
359033
359054
359089
359100
359141
359164
359177
359218
359251
359284
359335
359360
359389
359426
359451
359476
359517
359546
359569
359610
359629
359666
359691
359720
359761
359804
359837
359874
359909
359922
359973
359994
360031
360056
360077
360098
360125
360142
360167
360192
360225
360244
360283
360304
360339
360364
360395
360430
360459
360478
360513
360540
360559
360574
360609
360628
360655
360680
360707
360736
360759
360792
360839
360878
360903
360932
360971
361000
361023
361030
361047
361074
361119
361148
361175
361196
361225
361242
361271
361296
361341
361378
361411
361436
361467
361502
361523
361554
361579
361602
361637
361658
361691
361730
361769
361796
361833
361862
361897
361916
361945
361982
362013
362038
362071
362082
362115
362144
362177
362222
362251
362272
362313
362342
362375
362406
362431
362460
362483
362534
362577
362614
362635
362660
362687
362716
362747
362776
362791
362832
362863
362890
362927
362960
362981
363020
363053
363074
363107
363138
363169
363190
363213
363214
363245
363282
363309
363328
363357
363386
363409
363440
363481
363520
363549
363578
363603
363648
363683
363718
363745
363772
363829
363856
363883
363912
363933
363956
363987
364022
364041
364068
364103
364132
364143
364172
364189
364214
364235
364260
364281
364292
364313
364342
364373
364408
364443
364468
364497
364522
364563
364592
364627
364662
364685
364708
364737
364770
364797
364828
364861
364900
364919
364942
364973
364990
365017
365038
365071
365090
365119
365144
365181
365210
365241
365280
365307
365330
365359
365392
365429
365458
365477
365504
365527
365556
365591
365622
365635
365662
365681
365710
365743
365770
365793
365818
365849
365874
365897
365928
365963
365994
366013
366048
366081
366108
366133
366164
366201
366212
366241
366282
366301
366326
366339
366372
366405
366432
366471
366492
366523
366546
366579
366604
366623
366650
366677
366708
366729
366764
366789
366808
366837
366860
366889
366912
366945
366988
367019
367054
367083
367104
367137
367164
367189
367214
367239
367270
367303
367338
367369
367398
367427
367440
367465
367502
367539
367554
367591
367608
367641
367666
367709
367742
367769
367794
367811
367842
367857
367890
367917
367956
367983
368014
368043
368076
368111
368138
368163
368196
368221
368244
368269
368304
368335
368358
368397
368436
368465
368494
368511
368540
368565
368620
368641
368672
368693
368704
368745
368784
368797
368816
368847
368884
368917
368930
368951
368984
369007
369042
369073
369108
369131
369158
369179
369208
369239
369260
369283
369314
369353
369392
369411
369436
369463
369476
369507
369540
369565
369584
369603
369634
369659
369694
369711
369752
369781
369800
369829
369860
369885
369908
369931
369950
369985
370018
370043
370082
370121
370142
370161
370182
370221
370262
370293
370318
370349
370378
370419
370452
370467
370498
370529
370556
370595
370630
370649
370682
370707
370736
370767
370808
370849
370882
370899
370922
370933
370968
370989
371012
371043
371078
371101
371132
371163
371186
371229
371266
371295
371322
371343
371374
371407
371428
371455
371492
371505
371534
371563
371600
371631
371666
371695
371722
371761
371790
371819
371838
371867
371910
371937
371972
371987
372012
372043
372064
372087
372134
372165
372202
372239
372272
372305
372334
372349
372376
372401
372438
372459
372492
372519
372546
372565
372600
372625
372662
372699
372720
372759
372770
372797
372832
372849
372870
372907
372938
372975
373004
373027
373058
373075
373096
373127
373150
373171
373188
373217
373258
373293
373316
373339
373378
373421
373440
373459
373482
373515
373552
373585
373600
373633
373668
373703
373744
373771
373800
373843
373878
373899
373926
373949
373960
373989
373994
374027
374052
374075
374092
374109
374128
374157
374186
374213
374248
374281
374310
374341
374372
374395
374420
374441
374466
374493
374530
374549
374566
374591
374616
374653
374680
374711
374746
374771
374806
374825
374864
374895
374918
374939
374982
375015
375048
375063
375092
375115
375146
375177
375208
375229
375256
375275
375312
375341
375362
375401
375436
375467
375496
375535
375562
375595
375620
375639
375662
375699
375744
375767
375790
375817
375838
375865
375884
375917
375948
375971
375994
376023
376058
376085
376102
376133
376160
376201
376226
376257
376278
376315
376344
376361
376392
376427
376446
376483
376508
376545
376572
376589
376630
376663
376680
376709
376748
376779
376816
376835
376864
376885
376914
376947
376958
376991
377024
377053
377092
377129
377140
377177
377196
377225
377266
377313
377334
377355
377394
377423
377454
377483
377510
377545
377574
377597
377614
377633
377664
377695
377716
377745
377772
377801
377836
377863
377902
377945
377974
378003
378032
378053
378092
378131
378170
378203
378240
378261
378282
378307
378332
378361
378376
378413
378438
378467
378504
378523
378548
378577
378588
378613
378646
378669
378692
378729
378764
378789
378816
378843
378874
378901
378928
378955
378972
378997
379030
379057
379072
379089
379122
379155
379170
379207
379248
379275
379294
379325
379356
379367
379382
379405
379442
379487
379522
379551
379560
379579
379608
379633
379692
379713
379728
379773
379796
379811
379828
379851
379884
379919
379948
379977
380000
380029
380060
380095
380120
380137
380158
380187
380210
380231
380278
380319
380342
380363
380380
380409
380456
380475
380498
380525
380556
380573
380616
380649
380694
380729
380754
380789
380802
380833
380858
380877
380906
380933
380958
380985
381030
381049
381084
381119
381140
381175
381206
381241
381282
381313
381328
381361
381396
381431
381466
381479
381514
381543
381568
381603
381634
381673
381694
381717
381750
381799
381822
381847
381858
381873
381900
381917
381952
381975
382008
382043
382086
382133
382148
382187
382218
382237
382274
382321
382378
382407
382444
382473
382508
382531
382556
382579
382620
382653
382690
382709
382738
382765
382800
382835
382854
382895
382936
382975
383006
383039
383074
383107
383144
383173
383206
383247
383274
383297
383328
383351
383376
383391
383420
383461
383484
383515
383546
383571
383590
383627
383652
383685
383716
383741
383776
383795
383818
383839
383862
383895
383918
383943
383968
383997
384032
384053
384082
384111
384146
384181
384216
384253
384290
384315
384342
384377
384388
384413
384444
384483
384502
384533
384572
384601
384638
384659
384684
384719
384742
384783
384812
384845
384872
384883
384914
384929
384962
384979
385016
385039
385064
385085
385106
385131
385158
385193
385222
385247
385286
385319
385336
385363
385380
385415
385450
385487
385508
385521
385562
385599
385624
385659
385698
385723
385736
385755
385786
385807
385836
385855
385882
385911
385930
385959
385976
386019
386058
386091
386120
386141
386172
386191
386212
386237
386266
386297
386326
386363
386384
386409
386438
386461
386502
386541
386560
386593
386632
386667
386706
386731
386752
386785
386826
386847
386864
386885
386924
386957
386998
387029
387050
387069
387104
387125
387150
387193
387230
387251
387282
387309
387328
387349
387372
387401
387432
387455
387500
387529
387558
387605
387638
387659
387692
387733
387768
387795
387818
387825
387860
387887
387918
387939
387960
387995
388020
388049
388082
388113
388148
388181
388204
388233
388268
388293
388316
388337
388380
388423
388446
388487
388514
388543
388572
388607
388634
388669
388688
388715
388744
388775
388816
388837
388870
388895
388916
388949
388976
388991
389004
389031
389066
389107
389152
389193
389228
389249
389280
389297
389318
389347
389372
389401
389432
389449
389484
389495
389538
389561
389592
389627
389640
389681
389700
389737
389772
389803
389842
389869
389884
389915
389938
389971
390004
390041
390080
390113
390138
390151
390174
390203
390230
390263
390280
390309
390324
390363
390390
390415
390444
390465
390500
390529
390558
390587
390604
390635
390660
390693
390726
390755
390780
390799
390832
390863
390880
390897
390930
390965
391008
391033
391060
391081
391104
391143
391162
391203
391228
391245
391280
391325
391352
391375
391400
391437
391466
391501
391516
391553
391582
391603
391624
391649
391680
391711
391750
391769
391802
391843
391874
391905
391926
391943
391980
392007
392024
392049
392084
392113
392150
392183
392210
392223
392262
392287
392318
392353
392376
392395
392422
392449
392470
392481
392500
392527
392556
392567
392580
392597
392618
392635
392668
392699
392734
392771
392804
392825
392850
392883
392902
392919
392940
392987
393020
393049
393076
393113
393134
393161
393194
393221
393262
393275
393302
393331
393358
393387
393412
393433
393464
393489
393526
393557
393584
393605
393636
393665
393696
393705
393738
393767
393814
393825
393856
393889
393922
393953
393982
394009
394024
394063
394092
394115
394146
394163
394202
394233
394260
394287
394320
394349
394372
394399
394426
394445
394470
394501
394532
394545
394560
394589
394604
394639
394668
394689
394732
394775
394806
394837
394878
394883
394916
394949
394992
395019
395042
395081
395128
395149
395180
395221
395232
395269
395308
395343
395376
395395
395424
395461
395490
395525
395568
395609
395636
395655
395676
395697
395714
395749
395786
395819
395838
395877
395904
395949
395968
395993
396006
396039
396070
396103
396136
396171
396200
396215
396238
396257
396280
396313
396338
396365
396386
396419
396456
396483
396500
396541
396564
396583
396620
396649
396696
396715
396742
396759
396792
396833
396846
396883
396912
396951
396978
397005
397034
397059
397088
397123
397146
397179
397236
397253
397276
397283
397316
397339
397372
397417
397442
397467
397504
397527
397556
397605
397628
397661
397698
397719
397748
397785
397822
397859
397904
397937
397962
397987
398012
398041
398070
398095
398120
398151
398188
398211
398246
398273
398308
398341
398366
398377
398410
398445
398468
398499
398532
398565
398602
398625
398642
398683
398724
398749
398784
398813
398848
398881
398910
398931
398954
398979
399006
399045
399068
399081
399104
399145
399170
399209
399242
399275
399300
399333
399360
399409
399432
399459
399478
399507
399534
399565
399584
399611
399644
399671
399682
399713
399738
399767
399824
399853
399886
399907
399936
399979
400014
400045
400068
400127
400160
400169
400198
400235
400272
400315
400354
400387
400404
400431
400462
400505
400538
400557
400590
400641
400670
400699
400740
400777
400808
400847
400880
400893
400928
400953
400992
401027
401066
401107
401128
401163
401188
401217
401246
401271
401314
401347
401382
401417
401446
401469
401480
401519
401552
401581
401602
401619
401656
401675
401694
401721
401744
401777
401798
401829
401864
401895
401924
401961
401986
402013
402034
402067
402102
402131
402152
402169
402188
402223
402252
402283
402324
402365
402390
402413
402446
402471
402490
402501
402534
402551
402586
402617
402638
402659
402682
402725
402746
402771
402800
402825
402852
402863
402894
402925
402976
402991
403024
403047
403084
403115
403140
403171
403206
403235
403260
403287
403308
403355
403378
403403
403436
403473
403500
403523
403558
403577
403606
403635
403652
403693
403718
403747
403770
403793
403836
403873
403904
403921
403934
403971
404004
404025
404060
404091
404110
404143
404174
404213
404246
404267
404292
404319
404352
404393
404404
404437
404448
404467
404508
404547
404580
404627
404652
404681
404700
404721
404748
404791
404812
404843
404892
404917
404958
404991
405018
405037
405074
405091
405120
405149
405172
405195
405226
405247
405278
405293
405328
405347
405358
405397
405412
405439
405468
405501
405528
405577
405616
405639
405672
405695
405722
405755
405790
405811
405844
405861
405880
405895
405924
405959
405972
405985
406016
406049
406062
406095
406126
406165
406194
406233
406264
406295
406320
406343
406380
406405
406426
406443
406460
406485
406522
406565
406600
406633
406662
406689
406708
406735
406754
406779
406800
406829
406868
406891
406940
406965
407004
407027
407054
407089
407112
407149
407176
407197
407232
407253
407280
407305
407348
407407
407448
407491
407514
407553
407582
407605
407638
407665
407692
407729
407754
407781
407820
407843
407874
407901
407928
407945
407964
407993
408026
408045
408058
408085
408114
408149
408172
408201
408244
408275
408296
408337
408366
408375
408398
408423
408448
408477
408510
408543
408562
408581
408618
408663
408690
408709
408740
408769
408800
408835
408864
408895
408920
408945
408984
409025
409054
409085
409120
409161
409200
409223
409248
409271
409302
409329
409354
409389
409424
409455
409492
409527
409576
409597
409628
409659
409676
409711
409748
409771
409800
409815
409836
409865
409878
409917
409946
409983
410012
410033
410060
410097
410120
410141
410166
410173
410198
410225
410244
410269
410286
410313
410340
410363
410388
410407
410430
410461
410492
410519
410552
410583
410610
410641
410664
410689
410726
410767
410792
410831
410850
410887
410912
410923
410954
410983
411006
411031
411056
411085
411110
411135
411160
411183
411210
411225
411256
411295
411322
411349
411382
411411
411438
411463
411488
411517
411540
411557
411596
411617
411638
411659
411682
411711
411730
411741
411770
411787
411820
411835
411866
411895
411910
411947
411972
412003
412036
412065
412092
412111
412122
412145
412170
412195
412230
412253
412276
412319
412328
412367
412392
412425
412460
412485
412512
412531
412564
412589
412632
412663
412702
412729
412760
412783
412820
412857
412886
412913
412942
412963
412994
413031
413058
413093
413120
413153
413188
413227
413250
413273
413300
413329
413356
413389
413418
413437
413458
413501
413534
413555
413578
413603
413632
413667
413708
413735
413764
413785
413816
413849
413874
413911
413952
413981
414014
414033
414062
414089
414118
414153
414180
414213
414236
414263
414292
414329
414364
414381
414420
414453
414494
414535
414578
414617
414646
414663
414692
414725
414746
414769
414802
414827
414858
414871
414892
414921
414952
414973
414998
415033
415062
415101
415128
415161
415196
415231
415254
415285
415304
415327
415356
415387
415426
415469
415502
415525
415548
415577
415612
415647
415672
415703
415736
415765
415790
415821
415848
415865
415896
415933
415960
415989
416008
416027
416050
416079
416110
416131
416148
416183
416198
416221
416250
416279
416308
416349
416378
416389
416422
416461
416500
416529
416556
416593
416620
416639
416670
416709
416734
416767
416800
416827
416856
416907
416952
416969
416992
417025
417052
417081
417116
417139
417170
417203
417236
417259
417282
417305
417334
417361
417382
417409
417438
417465
417482
417509
417538
417569
417588
417605
417626
417649
417682
417719
417744
417783
417810
417839
417894
417927
417954
417973
418002
418023
418054
418085
418118
418145
418164
418177
418198
418225
418256
418269
418292
418311
418346
418375
418414
418443
418488
418527
418554
418585
418606
418633
418666
418689
418720
418735
418768
418799
418828
418837
418856
418889
418912
418935
418964
418993
419018
419055
419082
419099
419138
419177
419198
419229
419260
419281
419308
419345
419358
419395
419428
419449
419464
419485
419514
419551
419580
419607
419634
419657
419688
419711
419736
419749
419780
419817
419842
419873
419876
419901
419932
419959
419992
420021
420058
420087
420106
420123
420148
420175
420200
420225
420252
420279
420304
420341
420368
420401
420434
420469
420496
420527
420566
420599
420620
420643
420658
420689
420724
420747
420774
420799
420846
420867
420904
420929
420954
420981
421002
421029
421072
421111
421138
421165
421196
421221
421250
421279
421308
421337
421372
421391
421426
421451
421484
421521
421556
421591
421638
421663
421696
421727
421758
421775
421800
421827
421850
421885
421922
421955
421988
422013
422042
422081
422106
422145
422182
422223
422276
422299
422324
422359
422388
422421
422440
422479
422498
422533
422554
422583
422606
422637
422662
422685
422716
422749
422786
422819
422844
422881
422928
422947
422966
422995
423016
423057
423084
423113
423140
423155
423188
423209
423232
423253
423264
423301
423322
423357
423392
423407
423442
423471
423516
423553
423586
423623
423648
423667
423706
423735
423766
423791
423820
423859
423878
423909
423942
423961
423996
424021
424054
424093
424116
424153
424172
424195
424210
424237
424262
424285
424310
424351
424370
424399
424428
424457
424484
424527
424562
424585
424614
424651
424666
424707
424738
424765
424786
424819
424838
424867
424896
424927
424950
424975
425004
425035
425074
425109
425130
425165
425200
425241
425268
425291
425326
425357
425372
425401
425420
425451
425476
425519
425552
425587
425614
425647
425676
425699
425752
425777
425814
425835
425850
425877
425908
425929
425966
426001
426026
426059
426094
426119
426164
426199
426224
426255
426276
426315
426346
426379
426404
426443
426466
426499
426522
426557
426590
426617
426644
426675
426696
426717
426754
426779
426826
426849
426890
426923
426966
427001
427018
427053
427082
427099
427120
427157
427192
427217
427244
427265
427294
427337
427368
427397
427434
427459
427488
427529
427556
427589
427622
427653
427680
427717
427746
427775
427808
427853
427878
427897
427924
427951
427982
427997
428024
428059
428084
428109
428134
428169
428202
428229
428274
428309
428336
428367
428392
428413
428446
428473
428496
428529
428554
428595
428624
428647
428680
428697
428718
428759
428782
428813
428830
428869
428910
428941
428960
428989
429032
429065
429102
429127
429150
429173
429194
429227
429256
429283
429300
429337
429364
429387
429416
429443
429480
429495
429532
429559
429588
429621
429632
429661
429696
429735
429748
429779
429822
429843
429870
429891
429910
429937
429964
429999
430016
430053
430090
430123
430158
430197
430220
430251
430286
430323
430348
430371
430408
430435
430480
430497
430520
430543
430570
430603
430626
430653
430682
430705
430734
430765
430782
430815
430846
430873
430918
430937
430966
430987
431016
431039
431068
431093
431134
431167
431196
431227
431260
431287
431320
431351
431384
431417
431430
431453
431478
431529
431564
431607
431634
431653
431682
431715
431742
431779
431808
431829
431850
431875
431906
431937
431966
432007
432042
432069
432096
432133
432160
432199
432232
432257
432280
432311
432336
432363
432376
432385
432418
432435
432472
432499
432538
432559
432590
432605
432636
432667
432700
432739
432766
432795
432822
432857
432876
432909
432948
432993
433024
433073
433108
433139
433158
433189
433224
433275
433308
433347
433368
433401
433426
433455
433482
433513
433544
433559
433606
433633
433676
433713
433740
433767
433810
433845
433860
433897
433914
433933
433964
433987
434004
434035
434048
434085
434114
434151
434178
434195
434216
434253
434278
434313
434330
434349
434368
434407
434428
434465
434500
434517
434550
434579
434620
434645
434686
434709
434744
434765
434796
434837
434860
434895
434928
434969
435006
435035
435068
435087
435106
435141
435170
435183
435220
435249
435306
435333
435372
435401
435432
435467
435496
435533
435566
435583
435620
435649
435684
435721
435744
435773
435804
435831
435872
435897
435938
435971
435998
436025
436048
436079
436112
436155
436190
436225
436262
436295
436314
436345
436366
436385
436424
436465
436496
436525
436570
436595
436624
436647
436678
436703
436740
436775
436814
436849
436876
436913
436942
436969
437002
437017
437054
437073
437112
437137
437154
437173
437216
437245
437274
437297
437312
437325
437348
437361
437396
best case: 294768
Average case: 1269873
worst case: 330354
