7_18_08 5, 13, 1, 9, 2, 10, 14
2_6_06 1, 9
2_12_10 4, 12
8_12_20 13, 5, 9, 1, 14, 6, 10, 2
4_29_12 10, 2, 6, 14
6_22_06 5, 13, 1, 9, 2, 10
8_8_00 2, 10, 14, 6, 3, 11, 15, 7
2_13_06 7, 15
4_27_12 9, 1, 5, 13
8_19_20 11, 3, 7, 15, 12, 4, 8, 16
1_7_00 10
1_16_10 13
3_2_18 6, 14, 2
8_31_08 8, 16, 4, 12, 5, 13, 1, 9
4_10_12 9, 1, 5, 13
6_12_10 8, 16, 4, 12, 5, 13
8_31_16 12, 4, 8, 16, 9, 1, 5, 13
6_19_14 8, 16, 4, 12, 9, 1
6_14_14 11, 3, 7, 15, 4, 12
3_18_20 7, 15, 3
7_13_02 5, 13, 1, 9, 2, 10, 14
5_29_18 13, 5, 9, 1, 10
4_28_10 8, 16, 4, 12
7_29_04 6, 14, 2, 10, 3, 11, 15
2_30_02 1, 9
1_21_22 13
7_29_12 10, 2, 6, 14, 7, 15, 3
2_18_18 6, 14
8_25_14 10, 2, 6, 14, 11, 3, 7, 15
5_10_20 13, 5, 9, 1, 10
7_4_22 12, 4, 8, 16, 1, 9, 13
2_12_10 4, 12
5_8_20 12, 4, 8, 16, 1
7_2_04 3, 11, 15, 7, 16, 8, 12
7_9_12 9, 1, 5, 13, 10, 2, 6
5_7_14 9, 1, 5, 13, 2
6_17_04 3, 11, 15, 7, 4, 12
2_8_14 5, 13
3_17_18 10, 2, 6
5_22_12 8, 16, 4, 12, 5
4_11_14 10, 2, 6, 14
3_30_04 2, 10, 14
3_31_22 15, 7, 3
8_19_20 11, 3, 7, 15, 12, 4, 8, 16
8_21_06 5, 13, 1, 9, 6, 14, 2, 10
8_18_06 4, 12, 16, 8, 5, 13, 1, 9
1_8_02 7
4_21_18 11, 3, 7, 15
7_31_20 14, 6, 10, 2, 3, 11, 15
5_26_10 8, 16, 4, 12, 5
7_28_02 4, 12, 16, 8, 9, 1, 5
3_15_14 11, 3, 15
7_8_22 13, 5, 9, 1, 2, 10, 14
2_18_06 16, 8
6_19_04 3, 11, 15, 7, 4, 12
3_31_14 11, 3, 15
5_15_06 7, 15, 3, 11, 12
5_22_16 10, 2, 6, 14, 7
5_1_18 10, 2, 6, 14, 11
2_22_16 6, 14
8_5_08 6, 14, 2, 10, 7, 15, 3, 11
8_20_16 9, 1, 5, 13, 10, 2, 6, 14
2_12_02 16, 8
6_15_06 7, 15, 3, 11, 4, 12
2_4_06 16, 8
6_4_18 10, 2, 6, 14, 7, 15
1_5_20 12
1_29_08 8
7_31_04 6, 14, 2, 10, 11, 3, 7
7_12_22 14, 6, 10, 2, 3, 11, 15
5_28_18 12, 4, 8, 16, 1
5_19_12 7, 15, 3, 11, 16
8_20_22 12, 4, 8, 16, 13, 5, 9, 1
2_20_06 16, 8
7_30_14 11, 3, 7, 15, 4, 12, 16
4_28_02 4, 12, 16, 8
2_8_02 15, 7
4_18_04 3, 11, 15, 7
7_12_10 8, 16, 4, 12, 13, 5, 9
1_14_20 10
3_23_06 5, 13, 9
5_28_14 10, 2, 6, 14, 15
1_8_02 7
5_23_00 2, 10, 14, 6, 11
2_11_18 12, 4
6_24_06 5, 13, 1, 9, 2, 10
3_2_00 13, 5, 9
8_9_12 9, 1, 5, 13, 10, 2, 6, 14
1_6_04 16
3_10_06 2, 10, 14
2_3_04 3, 11
8_31_20 14, 6, 10, 2, 11, 3, 7, 15
2_27_22 14, 6
2_21_14 9, 1
6_7_16 10, 2, 6, 14, 11, 3
7_1_02 2, 10, 14, 6, 3, 11, 15
4_1_02 2, 10, 14, 6
3_1_00 1, 9, 13
4_19_04 3, 11, 15, 7
1_3_14 16
3_8_18 7, 15, 11
3_18_16 5, 13, 1
1_12_00 7
6_31_12 10, 2, 6, 14, 7, 15
2_11_14 10, 2
8_27_20 13, 5, 9, 1, 14, 6, 10, 2
7_3_18 10, 2, 6, 14, 3, 11, 15
7_17_00 1, 9, 13, 5, 2, 10, 14
6_31_00 4, 12, 16, 8, 1, 9
3_15_00 4,12, 8
5_23_22 13, 5, 9, 1, 6
8_24_04 4, 12, 16, 8, 5, 13, 1, 9
4_5_08 6, 14, 2, 10
5_24_06 5, 13, 1, 9, 10
8_16_12 10, 2, 6, 14, 7, 15, 3, 11
8_20_12 7, 15, 3, 11, 8, 16, 4, 12
6_17_04 3, 11, 15, 7, 4, 12
5_27_10 8, 16, 4, 12, 1
8_14_22 15, 7, 11, 3, 12, 4, 8, 16
3_31_00 4,12, 8
7_25_16 11, 3, 7, 15, 12, 4, 8
1_7_16 2
8_25_06 6, 14, 2, 10, 7, 15, 3, 11
1_3_04 11
4_2_16 9, 1, 5, 13
4_26_18 12, 4, 8, 16
7_29_22 15, 7, 11, 3, 12, 4, 8
3_17_14 8, 16, 4
5_28_18 12, 4, 8, 16, 1
5_3_06 4, 12, 16, 8, 13
4_2_22 12, 4, 8, 16
4_5_16 10, 2, 6, 14
5_27_20 13, 5, 9, 1, 6
4_28_00 3, 11, 15, 7
6_25_18 12, 4, 8, 16, 13, 5
5_11_04 5, 13, 1, 9, 14
7_23_16 10, 2, 6, 14, 3, 11, 15
8_6_10 7, 15, 3, 11, 8, 16, 4, 12
3_28_12 5, 13, 9
6_19_16 9, 1, 5, 13, 10, 2
5_29_00 4, 12, 16, 8, 1
3_8_06 1, 9, 5
6_21_04 4, 12, 16, 8, 5, 13
1_11_20 5
6_29_12 10, 2, 6, 14, 7, 15
5_5_10 7, 15, 3, 11, 8
3_14_18 9, 1, 5
6_27_22 14, 6, 10, 2, 15, 7
2_27_06 6, 14
2_27_20 13, 5
2_3_00 1, 9
6_3_14 8, 16, 4, 12, 9, 1
1_18_06 16
5_11_00 3, 11, 15, 7, 12
3_19_14 8, 16, 12
8_25_00 3, 11, 15, 7, 4, 12, 16, 8
8_21_14 9, 1, 5, 13, 10, 2, 6, 14
4_26_00 3, 11, 15, 7
1_4_10 10
7_29_02 5, 13, 1, 9, 2, 10, 14
5_23_08 6, 14, 2, 10, 15
6_1_02 2, 10, 14, 6, 3, 11
8_1_20 11, 3, 7, 15, 12, 4, 8, 16
2_14_12 6, 14
3_7_06 5, 13, 9
8_15_22 15, 7, 11, 3, 12, 4, 8, 16
7_26_08 7, 15, 3, 11, 4, 12, 16
8_31_00 4, 12, 16, 8, 1, 9, 13, 5
3_24_20 8, 16, 12
6_4_08 5, 13, 1, 9, 2, 10
1_3_18 2
7_2_14 8, 16, 4, 12, 5, 13, 1
3_18_08 1, 9, 13
6_26_12 9, 1, 5, 13, 6, 14
4_14_04 6, 14, 2, 10
8_23_16 10, 2, 6, 14, 11, 3, 7, 15
8_29_22 15, 7, 11, 3, 12, 4, 8, 16
1_23_08 14
2_21_12 8, 16
3_20_02 14, 6, 2
2_16_14 7, 15
4_3_16 9, 1, 5, 13
2_23_16 10, 2
2_3_16 9, 1
2_11_06 6, 14
1_22_20 8
8_17_02 2, 10, 14, 6, 3, 11, 15, 7
1_13_00 4
8_12_04 5, 13, 1, 9, 6, 14, 2, 10
3_23_02 3, 11, 7
2_19_10 6, 14
4_15_00 4,12, 16, 8
1_30_12 6
2_23_12 8, 16
3_7_14 9, 1, 13
8_2_10 6, 14, 2, 10, 7, 15, 3, 11
6_16_16 12, 4, 8, 16, 5, 13
4_2_08 5, 13, 1, 9
8_19_12 7, 15, 3, 11, 8, 16, 4, 12
4_9_20 13, 5, 9, 1
3_31_22 15, 7, 3
3_23_18 11, 3, 15
3_13_02 5, 13, 1
3_7_22 13, 5, 1
4_9_02 4, 12, 16, 8
4_14_12 10, 2, 6, 14
5_10_14 10, 2, 6, 14, 7
2_1_06 4, 12
8_8_02 3, 11, 15, 7, 4, 12, 16, 8
5_17_12 7, 15, 3, 11, 8
5_15_22 15, 7, 11, 3, 4
5_21_16 10, 2, 6, 14, 11
8_16_06 7, 15, 3, 11, 4, 12, 16, 8
2_13_06 7, 15
1_1_14 8
5_22_14 9, 1, 5, 13, 6
5_30_12 10, 2, 6, 14, 3
4_13_02 5, 13, 1, 9
4_23_18 11, 3, 7, 15
2_10_06 2, 10
4_14_08 8, 16, 4, 12
4_9_12 9, 1, 5, 13
7_12_00 3, 11, 15, 7, 8, 16, 4
1_15_02 13
8_19_20 11, 3, 7, 15, 12, 4, 8, 16
4_27_12 9, 1, 5, 13
5_18_20 11, 3, 7, 15, 8
5_4_04 3, 11, 15, 7, 8
4_20_08 5, 13, 1, 9
2_16_00 16, 8
5_14_18 13, 5, 9, 1, 6
5_20_10 6, 14, 2, 10, 11
8_26_08 7, 15, 3, 11, 8, 16, 4, 12
5_13_18 13, 5, 9, 1, 10
1_4_04 7
5_21_02 3, 11, 15, 7, 4
8_14_06 7, 15, 3, 11, 4, 12, 16, 8
2_28_04 1, 9
4_31_18 13, 5, 9, 1
2_4_14 4, 12
4_7_02 3, 11, 15, 7
2_23_14 9, 1
5_23_16 10, 2, 6, 14, 3
2_8_08 2, 10
7_31_08 8, 16, 4, 12, 13, 5, 9
7_18_06 4, 12, 16, 8, 1, 9, 13
4_15_04 6, 14, 2, 10
4_1_04 3, 11, 15, 7
1_3_04 11
6_7_18 11, 3, 7, 15, 12, 4
8_8_12 8, 16, 4, 12, 9, 1, 5, 13
3_15_06 7, 15, 11
2_5_02 3, 11
3_14_06 3, 11, 15
8_3_18 10, 2, 6, 14, 11, 3, 7, 15
7_27_12 9, 1, 5, 13, 2, 10, 14
2_1_04 3, 11
4_9_04 5, 13, 1, 9
1_13_06 7
4_12_10 8, 16, 4, 12
6_27_10 8, 16, 4, 12, 9, 1
6_9_20 13, 5, 9, 1, 14, 6
6_31_22 15, 7, 11, 3, 12, 4
1_8_22 1
7_18_12 7, 15, 3, 11, 4, 12, 16
6_11_14 10, 2, 6, 14, 11, 3
2_8_18 7, 15
2_31_04 6, 14
8_11_08 7, 15, 3, 11, 8, 16, 4, 12
8_19_14 8, 16, 4, 12, 9, 1, 5, 13
4_11_20 13, 5, 9, 1
5_16_20 14, 6, 10, 2, 15
4_29_16 12, 4, 8, 16
1_14_14 7
2_21_08 6, 14
2_3_18 10, 2
7_20_00 1, 9, 13, 5, 6, 14, 2
6_26_14 10, 2, 6, 14, 7, 15
3_28_08 3, 11, 7
5_4_00 1, 9, 13, 5, 6
3_1_16 9, 1, 5
6_7_02 3, 11, 15, 7, 4, 12
1_14_00 16
5_26_08 7, 15, 3, 11, 4
2_7_20 12, 4
2_30_08 4, 12
2_29_08 8, 16
1_19_16 1
1_28_12 13
2_27_18 12, 4
7_30_02 5, 13, 1, 9, 14, 6, 10
5_6_08 6, 14, 2, 10, 3
1_15_00 12
4_28_10 8, 16, 4, 12
3_25_16 11, 3, 7
4_20_12 7, 15, 3, 11
8_9_06 6, 14, 2, 10, 7, 15, 3, 11
7_18_12 7, 15, 3, 11, 4, 12, 16
3_16_20 10, 2, 14
3_19_14 8, 16, 12
6_24_00 2, 10, 14, 6, 15, 7
6_15_14 11, 3, 7, 15, 8, 16
8_5_16 10, 2, 6, 14, 11, 3, 7, 15
3_12_12 5, 13, 9
6_22_22 13, 5, 9, 1, 10, 2
4_15_10 9, 1, 5, 13
1_21_18 11
1_7_02 11
3_20_12 3, 11, 7
7_2_14 8, 16, 4, 12, 5, 13, 1
5_7_08 6, 14, 2, 10, 15
8_16_00 4, 12, 16, 8, 1, 9, 13, 5
6_18_00 1, 9, 13, 5, 14, 6
7_1_18 10, 2, 6, 14, 11, 3, 7
7_24_18 11, 3, 7, 15, 16, 8, 12
6_2_14 8, 16, 4, 12, 5, 13
5_24_10 7, 15, 3, 11, 12
1_16_08 12
3_7_12 8, 16, 12
3_1_20 11, 3, 7
1_18_18 6
4_13_18 13, 5, 9, 1
1_6_16 6
1_3_20 3
7_12_08 7, 15, 3, 11, 12, 4, 8
6_17_02 2, 10, 14, 6, 3, 11
1_31_10 1
3_24_16 6, 14, 10
4_29_02 5, 13, 1, 9
1_28_04 9
3_22_16 6, 14, 2
4_15_12 10, 2, 6, 14
5_11_14 10, 2, 6, 14, 3
3_16_02 1, 9, 5
6_4_16 9, 1, 5, 13, 6, 14
1_15_00 12
5_28_22 14, 6, 10, 2, 3
8_17_22 12, 4, 8, 16, 13, 5, 9, 1
8_20_12 7, 15, 3, 11, 8, 16, 4, 12
1_22_12 4
6_27_02 4, 12, 16, 8, 5, 13
7_27_22 14, 6, 10, 2, 7, 15, 3
2_29_18 13, 5
7_28_04 5, 13, 1, 9, 10, 2, 6
5_19_04 3, 11, 15, 7, 12
5_2_12 7, 15, 3, 11, 4
5_29_16 12, 4, 8, 16, 9
1_14_18 9
3_31_08 8, 16, 12
2_31_04 6, 14
1_26_22 10
1_6_06 1
3_20_10 2, 10, 6
5_12_08 7, 15, 3, 11, 12
4_16_02 5, 13, 1, 9
3_13_18 13, 5, 9
2_20_20 7, 15
6_15_08 8, 16, 4, 12, 5, 13
3_28_16 7, 15, 11
5_26_04 5, 13, 1, 9, 2
8_20_10 6, 14, 2, 10, 7, 15, 3, 11
7_28_16 11, 3, 7, 15, 16, 8, 12
5_6_00 2, 10, 14, 6, 15
8_28_00 3, 11, 15, 7, 4, 12, 16, 8
8_14_22 15, 7, 11, 3, 12, 4, 8, 16
8_17_16 9, 1, 5, 13, 10, 2, 6, 14
4_7_18 11, 3, 7, 15
4_18_20 11, 3, 7, 15
5_11_06 6, 14, 2, 10, 15
1_10_14 6
2_29_06 7, 15
8_26_00 3, 11, 15, 7, 4, 12, 16, 8
4_8_10 7, 15, 3, 11
1_22_12 4
1_19_18 2
5_15_14 11, 3, 7, 15, 16
7_9_10 8, 16, 4, 12, 9, 1, 5
3_24_14 5, 13, 9
5_17_10 6, 14, 2, 10, 7
5_20_10 6, 14, 2, 10, 11
8_17_00 1, 9, 13, 5, 2, 10, 14, 6
5_7_18 11, 3, 7, 15, 4
2_15_04 6, 14
1_6_16 6
7_7_16 10, 2, 6, 14, 3, 11, 15
3_25_22 14, 6, 10
3_25_20 13, 5, 9
8_9_10 8, 16, 4, 12, 9, 1, 5, 13
6_22_10 7, 15, 3, 11, 4, 12
2_26_18 8, 16
8_12_00 3, 11, 15, 7, 4, 12, 16, 8
2_25_04 5, 13
4_24_14 9, 1, 5, 13
7_26_04 5, 13, 1, 9, 2, 10, 14
6_18_20 11, 3, 7, 15, 8, 16
2_16_10 5, 13
2_11_10 8, 16
5_5_06 5, 13, 1, 9, 6
6_9_00 3, 11, 15, 7, 4, 12
3_5_12 8, 16, 4
5_20_00 1, 9, 13, 5, 6
4_10_02 4, 12, 16, 8
3_2_00 13, 5, 9
2_11_08 7, 15
4_4_22 12, 4, 8, 16
8_17_20 11, 3, 7, 15, 12, 4, 8, 16
3_23_04 4, 12, 8
6_10_00 3, 11, 15, 7, 16, 8
1_31_18 5
3_15_06 7, 15, 11
1_2_02 14
2_17_14 8, 16
6_5_18 11, 3, 7, 15, 12, 4
5_18_18 10, 2, 6, 14, 7
5_21_16 10, 2, 6, 14, 11
8_25_10 8, 16, 4, 12, 9, 1, 5, 13
6_31_22 15, 7, 11, 3, 12, 4
5_11_22 14, 6, 10, 2, 7
4_31_12 10, 2, 6, 14
3_28_20 9, 1, 13
4_15_12 10, 2, 6, 14
2_1_10 6, 14
7_30_08 8, 16, 4, 12, 1, 9, 13
6_9_10 8, 16, 4, 12, 9, 1
8_14_14 11, 3, 7, 15, 8, 16, 4, 12
1_10_12 5
7_8_06 5, 13, 1, 9, 10, 2, 6
5_18_18 10, 2, 6, 14, 7
4_24_22 13, 5, 9, 1
2_4_20 7, 15
4_20_22 12, 4, 8, 16
1_20_08 9
1_21_00 2
5_20_02 2, 10, 14, 6, 7
3_10_18 8, 16, 4
1_20_16 13
7_22_16 10, 2, 6, 14, 7, 15, 3
1_3_04 11
8_16_20 14, 6, 10, 2, 11, 3, 7, 15
6_25_02 4, 12, 16, 8, 5, 13
6_20_18 10, 2, 6, 14, 7, 15
4_27_08 7, 15, 3, 11
4_11_00 3, 11, 15, 7
2_26_14 6, 14
8_27_04 5, 13, 1, 9, 6, 14, 2, 10
5_21_22 13, 5, 9, 1, 14
2_23_12 8, 16
2_28_10 4, 12
3_21_20 12, 4, 8
8_26_20 13, 5, 9, 1, 14, 6, 10, 2
7_27_06 6, 14, 2, 10, 15, 7, 11
4_30_10 9, 1, 5, 13
4_10_08 7, 15, 3, 11
8_21_14 9, 1, 5, 13, 10, 2, 6, 14
7_30_22 15, 7, 11, 3, 8, 16, 4
8_13_08 8, 16, 4, 12, 5, 13, 1, 9
5_4_22 12, 4, 8, 16, 1
6_12_14 10, 2, 6, 14, 7, 15
3_17_14 8, 16, 4
1_3_16 1
4_13_16 12, 4, 8, 16
4_6_22 13, 5, 9, 1
8_13_16 12, 4, 8, 16, 9, 1, 5, 13
7_23_04 4, 12, 16, 8, 13, 5, 9
2_20_02 14, 6
3_12_22 10, 2, 14
2_4_00 13, 5
1_12_02 8
1_14_12 6
3_8_02 15, 7, 3
1_14_08 4
7_13_08 8, 16, 4, 12, 5, 13, 1
4_16_02 5, 13, 1, 9
3_6_18 7, 15, 3
8_1_14 8, 16, 4, 12, 9, 1, 5, 13
8_9_16 11, 3, 7, 15, 12, 4, 8, 16
2_20_12 3, 11
1_8_06 9
3_10_12 5, 13, 1
4_13_20 14, 6, 10, 2
7_23_22 13, 5, 9, 1, 6, 14, 2
4_2_06 4, 12, 16, 8
3_22_18 7, 15, 3
5_10_00 3, 11, 15, 7, 16
3_10_14 6, 14, 2
2_2_12 3, 11
8_10_02 4, 12, 16, 8, 5, 13, 1, 9
2_26_18 8, 16
2_28_04 1, 9
3_21_16 10, 2, 6
7_2_18 10, 2, 6, 14, 7, 15, 3
4_18_08 5, 13, 1, 9
8_19_16 9, 1, 5, 13, 10, 2, 6, 14
2_17_02 2, 10
3_9_06 6, 14, 2
4_13_10 9, 1, 5, 13
2_7_20 12, 4
3_17_12 7, 15, 3
3_4_22 8, 16, 12
4_27_02 4, 12, 16, 8
6_18_14 8, 16, 4, 12, 5, 13
5_17_20 11, 3, 7, 15, 12
1_15_14 3
1_12_12 13
5_22_02 3, 11, 15, 7, 16
5_20_20 11, 3, 7, 15, 16
3_6_06 1, 9, 13
1_29_22 15
8_22_22 13, 5, 9, 1, 14, 6, 10, 2
4_29_02 5, 13, 1, 9
2_1_20 11, 3
1_7_22 5
2_13_18 13, 5
8_15_02 5, 13, 1, 9, 2, 10, 14, 6
7_2_00 1, 9, 13, 5, 14, 6, 10
5_23_08 6, 14, 2, 10, 15
7_23_18 11, 3, 7, 15, 4, 12, 16
6_16_04 6, 14, 2, 10, 15, 7
5_14_12 10, 2, 6, 14, 3
7_24_06 5, 13, 1, 9, 10, 2, 6
3_14_16 8, 16, 4
8_4_06 4, 12, 16, 8, 5, 13, 1, 9
8_11_00 3, 11, 15, 7, 4, 12, 16, 8
5_22_10 7, 15, 3, 11, 4
2_1_22 12, 4
3_17_06 4, 12, 16
3_18_18 6, 14, 2
2_14_02 1, 9
5_9_08 7, 15, 3, 11, 8
5_30_10 9, 1, 5, 13, 2
3_12_18 8, 16, 12
6_16_00 4, 12, 16, 8, 13, 5
2_20_08 1, 9
2_21_02 3, 11
3_11_22 14, 6, 2
2_8_18 7, 15
2_10_20 9, 1
2_12_18 8, 16
4_15_08 8, 16, 12
4_28_22 14, 6, 10, 2
1_18_02 14
4_12_00 3, 11, 15, 7
4_25_04 5, 13, 1, 9
1_11_22 6
5_24_02 3, 11, 15, 7, 8
7_30_00 4, 12, 16, 8, 13, 5, 9
6_5_12 8, 16, 4, 12, 9, 1
4_26_20 13, 5, 9, 1
6_7_04 4, 12, 16, 8, 5, 13
1_1_16 9
8_21_18 11, 3, 7, 15, 12, 4, 8, 16
7_25_06 6, 14, 2, 10, 7, 15, 3
2_13_22 15, 7
1_1_22 12
4_30_08 8, 16, 4, 12
5_20_14 8, 16, 4, 12, 13
5_25_22 14, 6, 10, 2, 15
7_7_08 6, 14, 2, 10, 15, 7, 11
8_30_00 4, 12, 16, 8, 1, 9, 13, 5
5_18_16 9, 1, 5, 13, 6
4_22_04 4, 12, 16, 8
4_8_00 2, 10, 14, 6
7_19_06 4, 12, 16, 8, 13, 5, 9
6_24_10 7, 15, 3, 11, 4, 12
3_3_10 6, 14, 10
6_24_10 7, 15, 3, 11, 4, 12
4_1_08 5, 13, 1, 9
6_18_18 10, 2, 6, 14, 7, 15
2_6_10 3, 11
2_31_20 14, 6
8_23_20 12, 4, 8, 16, 13, 5, 9, 1
3_12_10 4, 12, 8
6_13_18 13, 5, 9, 1, 10, 2
5_1_02 2, 10, 14, 6, 3
6_25_06 6, 14, 2, 10, 7, 15
7_3_02 2, 10, 14, 6, 11, 3, 7
2_2_06 16, 8
4_22_16 10, 2, 6, 14
2_21_22 13, 5
5_14_10 9, 1, 5, 13, 2
5_20_12 7, 15, 3, 11, 12
8_8_16 10, 2, 6, 14, 11, 3, 7, 15
2_13_16 12, 4
7_22_02 3, 11, 15, 7, 16, 8, 12
2_3_06 4, 12
2_16_06 3, 11
2_16_14 7, 15
7_12_14 10, 2, 6, 14, 15, 7, 11
6_10_02 4, 12, 16, 8, 1, 9
2_23_06 5, 13
1_20_22 16
2_11_20 13, 5
1_22_04 16
2_18_14 4, 12
1_25_12 9
8_25_10 8, 16, 4, 12, 9, 1, 5, 13
5_23_00 2, 10, 14, 6, 11
4_21_02 3, 11, 15, 7
2_18_14 4, 12
4_20_16 9, 1, 5, 13
3_15_16 12, 4, 16
2_15_00 4,12
5_22_06 5, 13, 1, 9, 2
5_21_16 10, 2, 6, 14, 11
6_20_12 7, 15, 3, 11, 4, 12
7_1_14 8, 16, 4, 12, 9, 1, 5
1_24_04 8
7_7_02 3, 11, 15, 7, 12, 4, 8
3_14_08 4, 12, 16
7_5_10 7, 15, 3, 11, 8, 16, 4
5_21_02 3, 11, 15, 7, 4
5_11_20 13, 5, 9, 1, 6
3_28_04 1, 9, 5
3_5_02 3, 11, 15
6_29_12 10, 2, 6, 14, 7, 15
8_3_04 3, 11, 15, 7, 4, 12, 16, 8
7_26_00 3, 11, 15, 7, 16, 8, 12
8_21_20 12, 4, 8, 16, 13, 5, 9, 1
3_23_18 11, 3, 15
7_2_18 10, 2, 6, 14, 7, 15, 3
5_19_14 8, 16, 4, 12, 1
7_2_10 6, 14, 2, 10, 3, 11, 15
6_22_04 4, 12, 16, 8, 1, 9
8_4_22 12, 4, 8, 16, 13, 5, 9, 1
6_18_06 4, 12, 16, 8, 1, 9
7_7_10 7, 15, 3, 11, 16, 8, 12
4_5_10 7, 15, 3, 11
5_30_00 4, 12, 16, 8, 13
3_6_18 7, 15, 3
6_19_08 5, 13, 1, 9, 6, 14
7_5_10 7, 15, 3, 11, 8, 16, 4
6_29_04 6, 14, 2, 10, 3, 11
3_3_12 7, 15, 11
3_5_08 6, 14, 2
4_4_08 5, 13, 1, 9
3_7_06 5, 13, 9
1_17_02 2
5_15_00 4, 12, 16, 8, 9
7_22_06 5, 13, 1, 9, 2, 10, 14
2_2_00 13, 5
2_10_02 16, 8
7_11_10 8, 16, 4, 12, 1, 9, 13
6_10_16 11, 3, 7, 15, 8, 16
8_22_00 2, 10, 14, 6, 3, 11, 15, 7
4_22_16 10, 2, 6, 14
5_25_22 14, 6, 10, 2, 15
3_31_18 13, 5, 1
6_3_14 8, 16, 4, 12, 9, 1
8_20_08 5, 13, 1, 9, 6, 14, 2, 10
4_23_06 5, 13, 1, 9
5_12_22 14, 6, 10, 2, 3
8_4_02 2, 10, 14, 6, 3, 11, 15, 7
5_3_14 8, 16, 4, 12, 1
4_24_04 4, 12, 16, 8
7_19_18 10, 2, 6, 14, 3, 11, 15
2_3_16 9, 1
4_13_12 10, 2, 6, 14
8_13_14 11, 3, 7, 15, 8, 16, 4, 12
7_23_12 8, 16, 4, 12, 1, 9, 13
2_10_02 16, 8
5_15_12 10, 2, 6, 14, 15
6_29_16 12, 4, 8, 16, 9, 1
8_28_06 6, 14, 2, 10, 7, 15, 3, 11
4_6_06 5, 13, 1, 9
4_1_02 2, 10, 14, 6
3_8_22 9, 1, 13
7_27_12 9, 1, 5, 13, 2, 10, 14
8_18_14 8, 16, 4, 12, 9, 1, 5, 13
1_8_00 6
2_2_20 7, 15
8_20_04 3, 11, 15, 7, 4, 12, 16, 8
1_24_14 13
5_13_18 13, 5, 9, 1, 10
6_19_14 8, 16, 4, 12, 9, 1
3_3_12 7, 15, 11
2_12_20 9, 1
8_17_00 1, 9, 13, 5, 2, 10, 14, 6
2_27_20 13, 5
8_22_00 2, 10, 14, 6, 3, 11, 15, 7
8_9_16 11, 3, 7, 15, 12, 4, 8, 16
3_3_02 2, 10, 6
6_14_04 6, 14, 2, 10, 15, 7
4_29_04 6, 14, 2, 10
4_30_10 9, 1, 5, 13
1_9_10 8
3_1_16 9, 1, 5
5_1_12 7, 15, 3, 11, 8
4_20_16 9, 1, 5, 13
7_18_04 3, 11, 15, 7, 16, 8, 12
6_1_16 9, 1, 5, 13, 10, 2
1_5_06 5
7_2_22 12, 4, 8, 16, 9, 1, 5
8_4_06 4, 12, 16, 8, 5, 13, 1, 9
5_30_06 7, 15, 3, 11, 16
4_15_06 7, 15, 3, 11
6_1_20 11, 3, 7, 15, 12, 4
3_29_14 11, 3, 7
6_27_12 9, 1, 5, 13, 10, 2
1_5_12 8
7_12_00 3, 11, 15, 7, 8, 16, 4
1_1_12 7
8_29_14 11, 3, 7, 15, 8, 16, 4, 12
3_3_00 1, 9, 5
1_25_14 10
4_25_16 11, 3, 7, 15
5_28_00 3, 11, 15, 7, 8
2_9_20 13, 5
3_19_14 8, 16, 12
2_28_06 2, 10
6_19_04 3, 11, 15, 7, 4, 12
7_3_18 10, 2, 6, 14, 3, 11, 15
7_10_12 9, 1, 5, 13, 6, 14, 2
4_30_12 10, 2, 6, 14
4_25_20 13, 5, 9, 1
1_29_14 11
6_27_20 13, 5, 9, 1, 14, 6
2_31_12 10, 2
5_25_00 3, 11, 15, 7, 4
7_3_18 10, 2, 6, 14, 3, 11, 15
5_10_16 11, 3, 7, 15, 8
1_21_08 6
2_26_08 3, 11
5_6_08 6, 14, 2, 10, 3
8_19_18 10, 2, 6, 14, 11, 3, 7, 15
2_12_22 10, 2
6_13_12 10, 2, 6, 14, 7, 15
5_4_08 5, 13, 1, 9, 10
6_29_10 9, 1, 5, 13, 6, 14
8_11_20 13, 5, 9, 1, 14, 6, 10, 2
3_31_02 5, 13, 9
1_31_22 7
6_25_02 4, 12, 16, 8, 5, 13
8_7_16 10, 2, 6, 14, 11, 3, 7, 15
4_11_20 13, 5, 9, 1
1_9_00 3
4_8_16 10, 2, 6, 14
1_16_16 16
1_29_20 14
8_7_00 2, 10, 14, 6, 3, 11, 15, 7
4_24_04 4, 12, 16, 8
4_25_18 12, 4, 8, 16
3_28_02 16, 8, 4
1_19_08 13
3_4_22 8, 16, 12
4_31_16 12, 4, 8, 16
8_16_10 9, 1, 5, 13, 6, 14, 2, 10
3_23_14 9, 1, 13
3_13_22 15, 7, 11
2_13_22 15, 7
5_9_14 10, 2, 6, 14, 11
1_16_04 10
6_16_06 7, 15, 3, 11, 16, 8
6_12_04 5, 13, 1, 9, 2, 10
6_29_06 7, 15, 3, 11, 4, 12
1_26_04 1
4_9_00 3, 11, 15, 7
5_9_14 10, 2, 6, 14, 11
4_20_08 5, 13, 1, 9
4_18_06 4, 12, 16, 8
1_13_08 8
4_12_16 11, 3, 7, 15
6_31_14 11, 3, 7, 15, 8, 16
1_24_22 1
2_22_20 8, 16
6_12_18 12, 4, 8, 16, 9, 1
5_23_04 4, 12, 16, 8, 13
2_17_14 8, 16
6_21_22 13, 5, 9, 1, 14, 6
1_30_06 3
2_27_08 7, 15
2_18_02 14, 6
1_1_22 12
1_1_12 7
4_20_00 1, 9, 13, 5
1_29_22 15
8_5_10 7, 15, 3, 11, 8, 16, 4, 12
7_3_10 6, 14, 2, 10, 15, 7, 11
5_7_06 5, 13, 1, 9, 14
3_16_12 6, 14, 10
1_15_18 5
5_29_16 12, 4, 8, 16, 9
5_3_16 9, 1, 5, 13, 2
1_13_14 11
3_2_12 3, 11, 15
1_10_12 5
5_16_14 11, 3, 7, 15, 12
3_5_02 3, 11, 15
5_31_12 10, 2, 6, 14, 15
3_23_18 11, 3, 15
7_11_18 12, 4, 8, 16, 5, 13, 1
7_12_18 12, 4, 8, 16, 1, 9, 13
6_6_12 8, 16, 4, 12, 5, 13
3_13_02 5, 13, 1
3_27_10 8, 16, 12
5_11_08 7, 15, 3, 11, 16
8_23_18 11, 3, 7, 15, 12, 4, 8, 16
8_23_12 8, 16, 4, 12, 9, 1, 5, 13
8_1_20 11, 3, 7, 15, 12, 4, 8, 16
7_8_16 10, 2, 6, 14, 15, 7, 11
7_14_10 9, 1, 5, 13, 2, 10, 14
2_11_14 10, 2
2_19_18 10, 2
1_12_08 11
7_22_20 12, 4, 8, 16, 9, 1, 5
4_1_08 5, 13, 1, 9
7_12_12 9, 1, 5, 13, 14, 6, 10
4_11_22 14, 6, 10, 2
7_18_14 8, 16, 4, 12, 5, 13, 1
7_19_14 8, 16, 4, 12, 1, 9, 13
7_25_22 14, 6, 10, 2, 15, 7, 11
3_4_20 7, 15, 11
6_31_00 4, 12, 16, 8, 1, 9
3_2_18 6, 14, 2
3_23_10 7, 15, 11
1_2_02 14
7_20_00 1, 9, 13, 5, 6, 14, 2
3_3_00 1, 9, 5
4_27_22 14, 6, 10, 2
8_31_08 8, 16, 4, 12, 5, 13, 1, 9
5_29_08 8, 16, 4, 12, 5
3_9_18 12, 4, 8
2_6_00 14, 6
8_19_06 4, 12, 16, 8, 5, 13, 1, 9
5_12_12 9, 1, 5, 13, 14
3_10_12 5, 13, 1
2_1_00 1, 9
4_15_22 15, 7, 11, 3
2_29_20 14, 6
1_14_20 10
7_30_12 10, 2, 6, 14, 3, 11, 15
3_28_14 6, 14, 10
7_24_12 8, 16, 4, 12, 13, 5, 9
4_19_22 12, 4, 8, 16
7_14_04 6, 14, 2, 10, 15, 7, 11
3_30_10 5, 13, 1
5_6_00 2, 10, 14, 6, 15
2_25_00 3, 11
8_10_12 9, 1, 5, 13, 10, 2, 6, 14
4_25_06 6, 14, 2, 10
1_24_14 13
8_27_08 7, 15, 3, 11, 8, 16, 4, 12
7_31_06 7, 15, 3, 11, 12, 4, 8
8_9_20 13, 5, 9, 1, 14, 6, 10, 2
3_24_20 8, 16, 12
3_16_04 2, 10, 6
1_21_00 2
2_30_04 2, 10
4_20_04 3, 11, 15, 7
4_26_14 10, 2, 6, 14
7_29_18 13, 5, 9, 1, 10, 2, 6
6_27_16 11, 3, 7, 15, 12, 4
7_31_22 15, 7, 11, 3, 4, 12, 16
5_14_20 14, 6, 10, 2, 7
4_1_12 7, 15, 3, 11
4_30_20 14, 6, 10, 2
1_15_08 16
3_22_20 8, 16, 4
3_30_16 8, 16, 4
3_18_12 3, 11, 15
2_24_16 6, 14
3_1_04 3, 11, 15
1_14_02 1
7_11_04 5, 13, 1, 9, 14, 6, 10
5_21_08 6, 14, 2, 10, 7
6_16_12 10, 2, 6, 14, 3, 11
4_9_22 14, 6, 10, 2
3_16_20 10, 2, 14
7_11_14 10, 2, 6, 14, 3, 11, 15
8_20_08 5, 13, 1, 9, 6, 14, 2, 10
4_24_10 7, 15, 3, 11
3_27_12 9, 1, 13
6_5_04 4, 12, 16, 8, 5, 13
2_18_14 4, 12
2_14_20 10, 2
6_29_22 15, 7, 11, 3, 12, 4
7_4_10 6, 14, 2, 10, 11, 3, 7
8_3_22 12, 4, 8, 16, 13, 5, 9, 1
3_5_20 12, 4, 8
1_3_10 14
4_4_10 6, 14, 2, 10
5_22_12 8, 16, 4, 12, 5
3_16_08 4, 12, 8
5_23_12 8, 16, 4, 12, 1
6_24_10 7, 15, 3, 11, 4, 12
4_31_12 10, 2, 6, 14
8_22_14 9, 1, 5, 13, 10, 2, 6, 14
7_15_20 14, 6, 10, 2, 3, 11, 15
2_6_08 2, 10
1_28_00 7
6_9_18 12, 4, 8, 16, 13, 5
3_12_04 1, 9, 5
2_8_14 5, 13
2_24_08 2, 10
3_20_08 1, 9, 5
2_29_14 11, 3
1_26_12 5
4_16_00 4,12, 16, 8
5_3_14 8, 16, 4, 12, 1
2_5_10 7, 15
5_16_20 14, 6, 10, 2, 15
5_31_04 6, 14, 2, 10, 11
7_1_22 12, 4, 8, 16, 13, 5, 9
3_24_14 5, 13, 9
7_6_08 6, 14, 2, 10, 3, 11, 15
4_27_06 6, 14, 2, 10
5_8_16 10, 2, 6, 14, 15
8_31_08 8, 16, 4, 12, 5, 13, 1, 9
1_12_02 8
5_8_12 8, 16, 4, 12, 13
1_5_06 5
8_8_14 9, 1, 5, 13, 10, 2, 6, 14
2_18_14 4, 12
7_27_22 14, 6, 10, 2, 7, 15, 3
1_28_04 9
4_28_00 3, 11, 15, 7
8_4_00 1, 9, 13, 5, 2, 10, 14, 6
2_11_14 10, 2
6_28_20 13, 5, 9, 1, 10, 2
4_1_14 8, 16, 4, 12
8_2_08 5, 13, 1, 9, 6, 14, 2, 10
7_19_04 3, 11, 15, 7, 12, 4, 8
5_4_10 6, 14, 2, 10, 11
8_27_12 9, 1, 5, 13, 10, 2, 6, 14
7_16_18 13, 5, 9, 1, 14, 6, 10
1_6_00 14
6_6_08 6, 14, 2, 10, 3, 11
1_6_22 9
6_28_10 8, 16, 4, 12, 5, 13
7_1_10 6, 14, 2, 10, 7, 15, 3
2_5_04 4, 12
7_8_18 11, 3, 7, 15, 16, 8, 12
8_23_02 3, 11, 15, 7, 4, 12, 16, 8
8_7_10 7, 15, 3, 11, 8, 16, 4, 12
7_7_12 8, 16, 4, 12, 1, 9, 13
4_9_02 4, 12, 16, 8
4_14_16 12, 4, 8, 16
1_1_10 6
4_9_04 5, 13, 1, 9
3_10_00 15, 7, 11
6_8_10 7, 15, 3, 11, 4, 12
4_4_16 9, 1, 5, 13
3_27_02 4, 12, 8
4_9_22 14, 6, 10, 2
8_8_22 13, 5, 9, 1, 14, 6, 10, 2
1_14_12 6
3_4_00 13, 5, 1
7_7_12 8, 16, 4, 12, 1, 9, 13
7_21_10 7, 15, 3, 11, 8, 16, 4
6_5_10 7, 15, 3, 11, 8, 16
3_25_00 3, 11, 15
8_30_18 13, 5, 9, 1, 10, 2, 6, 14
6_23_00 2, 10, 14, 6, 3, 11
7_1_22 12, 4, 8, 16, 13, 5, 9
8_20_22 12, 4, 8, 16, 13, 5, 9, 1
1_15_22 7
1_2_00 13
6_27_06 6, 14, 2, 10, 7, 15
1_5_14 9
5_9_08 7, 15, 3, 11, 8
6_7_04 4, 12, 16, 8, 5, 13
1_6_06 1
4_25_02 4, 12, 16, 8
7_24_22 13, 5, 9, 1, 2, 10, 14
2_19_06 4, 12
2_2_12 3, 11
6_20_04 3, 11, 15, 7, 16, 8
2_8_14 5, 13
8_2_12 7, 15, 3, 11, 8, 16, 4, 12
7_1_16 9, 1, 5, 13, 10, 2, 6
5_5_10 7, 15, 3, 11, 8
8_18_04 3, 11, 15, 7, 4, 12, 16, 8
7_27_12 9, 1, 5, 13, 2, 10, 14
2_24_20 8, 16
6_26_08 7, 15, 3, 11, 4, 12
2_25_14 10, 2
2_11_04 5, 13
3_30_16 8, 16, 4
1_24_06 9
1_5_20 12
7_4_16 9, 1, 5, 13, 14, 6, 10
2_30_02 1, 9
3_23_18 11, 3, 15
3_8_04 16, 8, 4
2_4_06 16, 8
3_11_16 11, 3, 15
1_19_02 10
3_17_16 9, 1, 5
2_31_20 14, 6
6_22_16 10, 2, 6, 14, 7, 15
5_29_16 12, 4, 8, 16, 9
1_9_04 5
2_23_04 4, 12
5_16_22 15, 7, 11, 3, 16
6_29_22 15, 7, 11, 3, 12, 4
6_7_22 13, 5, 9, 1, 14, 6
3_29_20 14, 6, 10
4_3_10 6, 14, 2, 10
3_13_18 13, 5, 9
5_11_00 3, 11, 15, 7, 12
2_19_12 7, 15
8_20_14 8, 16, 4, 12, 9, 1, 5, 13
1_31_00 12
6_21_12 8, 16, 4, 12, 9, 1
8_25_02 4, 12, 16, 8, 5, 13, 1, 9
6_27_08 7, 15, 3, 11, 8, 16
3_9_00 3, 11, 15
4_9_20 13, 5, 9, 1
1_24_12 12
7_16_12 10, 2, 6, 14, 11, 3, 7
5_31_20 14, 6, 10, 2, 3
4_20_06 4, 12, 16, 8
1_1_12 7
6_26_18 12, 4, 8, 16, 9, 1
5_22_00 2, 10, 14, 6, 15
4_25_14 10, 2, 6, 14
2_10_08 3, 11
6_23_02 3, 11, 15, 7, 4, 12
6_27_10 8, 16, 4, 12, 9, 1
7_15_02 5, 13, 1, 9, 10, 2, 6
7_12_06 6, 14, 2, 10, 11, 3, 7
2_11_18 12, 4
7_19_06 4, 12, 16, 8, 13, 5, 9
5_10_22 14, 6, 10, 2, 11
4_1_08 5, 13, 1, 9
8_26_08 7, 15, 3, 11, 8, 16, 4, 12
8_21_20 12, 4, 8, 16, 13, 5, 9, 1
3_21_14 9, 1, 5
2_17_10 6, 14
4_6_06 5, 13, 1, 9
6_18_20 11, 3, 7, 15, 8, 16
6_16_22 15, 7, 11, 3, 8, 16
4_19_04 3, 11, 15, 7
4_7_20 12, 4, 8, 16
8_4_08 5, 13, 1, 9, 6, 14, 2, 10
7_31_14 11, 3, 7, 15, 16, 8, 12
2_18_00 13, 5
4_15_08 8, 16, 12
8_31_20 14, 6, 10, 2, 11, 3, 7, 15
2_20_08 1, 9
3_9_18 12, 4, 8
1_5_22 13
8_17_04 3, 11, 15, 7, 4, 12, 16, 8
4_21_06 5, 13, 1, 9
5_21_08 6, 14, 2, 10, 7
3_13_12 10, 2, 6
4_11_06 6, 14, 2, 10
7_14_12 10, 2, 6, 14, 3, 11, 15
7_2_18 10, 2, 6, 14, 7, 15, 3
2_10_14 6, 14
2_25_08 7, 15
2_30_16 8, 16
4_12_02 4, 12, 16, 8
8_13_04 6, 14, 2, 10, 3, 11, 15, 7
3_1_16 9, 1, 5
6_1_10 6, 14, 2, 10, 7, 15
8_1_04 3, 11, 15, 7, 4, 12, 16, 8
7_23_12 8, 16, 4, 12, 1, 9, 13
8_7_04 4, 12, 16, 8, 5, 13, 1, 9
4_6_08 6, 14, 2, 10
6_13_02 5, 13, 1, 9, 2, 10
3_16_10 5, 13, 9
2_26_04 1, 9
7_15_00 4, 12, 16, 8, 9, 1, 5
6_17_12 7, 15, 3, 11, 8, 16
3_1_06 4, 12, 16
8_28_02 4, 12, 16, 8, 5, 13, 1, 9
3_27_02 4, 12, 8
2_8_14 5, 13
6_24_20 12, 4, 8, 16, 9, 1
2_30_00 16, 8
5_19_14 8, 16, 4, 12, 1
7_26_10 8, 16, 4, 12, 5, 13, 1
6_28_06 6, 14, 2, 10, 3, 11
4_1_12 7, 15, 3, 11
4_4_16 9, 1, 5, 13
6_27_18 12, 4, 8, 16, 13, 5
5_1_12 7, 15, 3, 11, 8
8_14_14 11, 3, 7, 15, 8, 16, 4, 12
5_3_14 8, 16, 4, 12, 1
4_4_06 4, 12, 16, 8
4_2_10 6, 14, 2, 10
7_17_22 12, 4, 8, 16, 13, 5, 9
8_27_22 14, 6, 10, 2, 15, 7, 11, 3
4_6_06 5, 13, 1, 9
8_19_22 12, 4, 8, 16, 13, 5, 9, 1
4_12_20 13, 5, 9, 1
6_13_00 4, 12, 16, 8, 1, 9
5_18_02 2, 10, 14, 6, 15
5_26_14 10, 2, 6, 14, 7
2_3_16 9, 1
5_24_10 7, 15, 3, 11, 12
1_28_08 11
5_8_10 7, 15, 3, 11, 12
4_12_00 3, 11, 15, 7
7_28_02 4, 12, 16, 8, 9, 1, 5
8_20_00 1, 9, 13, 5, 2, 10, 14, 6
4_28_10 8, 16, 4, 12
5_7_08 6, 14, 2, 10, 15
8_30_06 7, 15, 3, 11, 4, 12, 16, 8
2_30_10 5, 13
7_15_02 5, 13, 1, 9, 10, 2, 6
2_15_06 7, 15
7_26_20 13, 5, 9, 1, 10, 2, 6
1_3_04 11
8_13_04 6, 14, 2, 10, 3, 11, 15, 7
6_2_04 3, 11, 15, 7, 16, 8
4_7_12 8, 16, 4, 12
7_13_14 11, 3, 7, 15, 8, 16, 4
4_8_22 13, 5, 9, 1
7_11_10 8, 16, 4, 12, 1, 9, 13
2_30_02 1, 9
3_14_14 7, 15, 3
2_6_22 9, 1
1_13_12 10
2_31_12 10, 2
4_8_10 7, 15, 3, 11
2_28_06 2, 10
5_16_16 12, 4, 8, 16, 13
3_17_22 12, 4, 8
7_13_02 5, 13, 1, 9, 2, 10, 14
5_10_06 6, 14, 2, 10, 3
7_20_12 7, 15, 3, 11, 12, 4, 8
1_4_08 9
5_24_06 5, 13, 1, 9, 10
4_25_20 13, 5, 9, 1
3_16_16 8, 16, 12
2_12_22 10, 2
1_24_22 1
2_12_16 7, 15
8_5_08 6, 14, 2, 10, 7, 15, 3, 11
7_25_12 9, 1, 5, 13, 10, 2, 6
8_23_08 6, 14, 2, 10, 7, 15, 3, 11
5_26_02 4, 12, 16, 8, 1
8_19_14 8, 16, 4, 12, 9, 1, 5, 13
5_26_02 4, 12, 16, 8, 1
7_20_00 1, 9, 13, 5, 6, 14, 2
3_3_16 9, 1, 13
8_9_04 5, 13, 1, 9, 6, 14, 2, 10
3_19_20 11, 3, 15
6_27_14 10, 2, 6, 14, 11, 3
8_20_20 11, 3, 7, 15, 12, 4, 8, 16
8_26_16 11, 3, 7, 15, 12, 4, 8, 16
7_5_06 5, 13, 1, 9, 6, 14, 2
7_9_12 9, 1, 5, 13, 10, 2, 6
2_12_14 6, 14
2_24_18 7, 15
8_4_08 5, 13, 1, 9, 6, 14, 2, 10
2_28_08 3, 11
8_9_12 9, 1, 5, 13, 10, 2, 6, 14
1_11_08 15
7_17_14 8, 16, 4, 12, 9, 1, 5
8_24_22 13, 5, 9, 1, 14, 6, 10, 2
1_13_18 13
5_22_16 10, 2, 6, 14, 7
8_10_02 4, 12, 16, 8, 5, 13, 1, 9
7_19_08 5, 13, 1, 9, 14, 6, 10
1_3_08 13
8_27_04 5, 13, 1, 9, 6, 14, 2, 10
8_24_10 7, 15, 3, 11, 8, 16, 4, 12
6_24_22 13, 5, 9, 1, 10, 2
2_21_22 13, 5
2_29_22 15, 7
4_21_06 5, 13, 1, 9
7_9_10 8, 16, 4, 12, 9, 1, 5
5_11_14 10, 2, 6, 14, 3
8_27_22 14, 6, 10, 2, 15, 7, 11, 3
7_7_18 11, 3, 7, 15, 4, 12, 16
5_5_08 6, 14, 2, 10, 7
7_3_14 8, 16, 4, 12, 1, 9, 13
2_16_00 16, 8
8_6_04 4, 12, 16, 8, 5, 13, 1, 9
5_6_12 8, 16, 4, 12, 5
8_22_02 3, 11, 15, 7, 4, 12, 16, 8
7_19_06 4, 12, 16, 8, 13, 5, 9
2_23_20 12, 4
4_29_02 5, 13, 1, 9
6_25_06 6, 14, 2, 10, 7, 15
2_15_14 11, 3
6_4_12 7, 15, 3, 11, 4, 12
7_12_00 3, 11, 15, 7, 8, 16, 4
4_2_14 8, 16, 4, 12
4_25_02 4, 12, 16, 8
3_17_12 7, 15, 3
1_30_00 16
1_13_16 12
7_14_18 13, 5, 9, 1, 6, 14, 2
3_9_00 3, 11, 15
1_26_12 5
3_3_16 9, 1, 13
3_27_00 3, 11, 7
6_14_20 14, 6, 10, 2, 7, 15
5_19_10 6, 14, 2, 10, 15
7_27_14 10, 2, 6, 14, 3, 11, 15
3_3_08 5, 13, 9
1_31_00 12
4_7_18 11, 3, 7, 15
1_14_00 16
2_24_10 3, 11
5_12_12 9, 1, 5, 13, 14
1_5_12 8
7_20_20 11, 3, 7, 15, 16, 8, 12
4_2_22 12, 4, 8, 16
2_20_18 6, 14
6_16_12 10, 2, 6, 14, 3, 11
3_28_18 8, 16, 12
6_1_06 4, 12, 16, 8, 5, 13
2_12_22 10, 2
3_13_12 10, 2, 6
6_21_20 12, 4, 8, 16, 13, 5
4_26_04 5, 13, 1, 9
6_26_20 13, 5, 9, 1, 10, 2
6_24_12 8, 16, 4, 12, 5, 13
2_15_14 11, 3
7_19_10 6, 14, 2, 10, 15, 7, 11
5_17_10 6, 14, 2, 10, 7
7_13_08 8, 16, 4, 12, 5, 13, 1
8_4_14 8, 16, 4, 12, 9, 1, 5, 13
6_29_04 6, 14, 2, 10, 3, 11
8_30_04 6, 14, 2, 10, 3, 11, 15, 7
7_31_00 4, 12, 16, 8, 9, 1, 5
8_14_20 14, 6, 10, 2, 11, 3, 7, 15
7_21_06 5, 13, 1, 9, 6, 14, 2
2_17_00 1, 9
1_23_06 13
1_19_00 9
8_5_00 2, 10, 14, 6, 3, 11, 15, 7
5_31_06 7, 15, 3, 11, 12
3_23_16 10, 2, 14
2_9_02 4, 12
6_19_08 5, 13, 1, 9, 6, 14
1_8_16 14
3_2_18 6, 14, 2
3_12_18 8, 16, 12
7_1_06 4, 12, 16, 8, 5, 13, 1
7_13_02 5, 13, 1, 9, 2, 10, 14
8_3_10 6, 14, 2, 10, 7, 15, 3, 11
6_2_12 7, 15, 3, 11, 4, 12
6_9_10 8, 16, 4, 12, 9, 1
1_21_16 10
3_28_12 5, 13, 9
4_30_14 11, 3, 7, 15
3_17_20 11, 3, 7
8_25_12 9, 1, 5, 13, 10, 2, 6, 14
7_31_20 14, 6, 10, 2, 3, 11, 15
1_9_16 11
1_3_22 4
6_6_20 12, 4, 8, 16, 9, 1
8_2_20 11, 3, 7, 15, 12, 4, 8, 16
3_30_04 2, 10, 14
5_1_08 5, 13, 1, 9, 6
3_27_08 7, 15, 11
2_31_22 15, 7
1_24_22 1
5_22_12 8, 16, 4, 12, 5
4_11_02 4, 12, 16, 8
8_8_18 11, 3, 7, 15, 12, 4, 8, 16
8_1_12 7, 15, 3, 11, 8, 16, 4, 12
8_11_02 4, 12, 16, 8, 5, 13, 1, 9
6_25_10 8, 16, 4, 12, 9, 1
8_3_02 2, 10, 14, 6, 3, 11, 15, 7
7_9_12 9, 1, 5, 13, 10, 2, 6
6_31_18 13, 5, 9, 1, 10, 2
4_8_16 10, 2, 6, 14
6_15_10 9, 1, 5, 13, 6, 14
4_1_04 3, 11, 15, 7
8_8_04 4, 12, 16, 8, 5, 13, 1, 9
6_28_04 5, 13, 1, 9, 2, 10
8_1_14 8, 16, 4, 12, 9, 1, 5, 13
2_4_04 15, 7
2_25_16 11, 3
2_5_00 2, 10
7_23_04 4, 12, 16, 8, 13, 5, 9
2_13_18 13, 5
2_5_18 11, 3
1_6_08 2
7_24_20 12, 4, 8, 16, 1, 9, 13
4_20_16 9, 1, 5, 13
1_2_02 14
4_17_10 6, 14, 2, 10
4_5_22 13, 5, 9, 1
3_23_00 2, 10, 6
7_13_14 11, 3, 7, 15, 8, 16, 4
1_30_22 11
4_7_08 6, 14, 2, 10
1_1_14 8
2_13_08 8, 16
4_6_12 8, 16, 4, 12
8_12_06 6, 14, 2, 10, 7, 15, 3, 11
2_25_20 13, 5
5_30_00 4, 12, 16, 8, 13
1_25_10 8
8_16_02 5, 13, 1, 9, 2, 10, 14, 6
5_6_22 13, 5, 9, 1, 10
8_8_02 3, 11, 15, 7, 4, 12, 16, 8
1_28_06 10
2_9_08 7, 15
5_20_10 6, 14, 2, 10, 11
7_29_14 11, 3, 7, 15, 8, 16, 4
1_19_20 3
5_10_14 10, 2, 6, 14, 7
7_18_16 9, 1, 5, 13, 6, 14, 2
2_21_06 5, 13
2_10_18 8, 16
7_13_10 9, 1, 5, 13, 6, 14, 2
8_3_12 7, 15, 3, 11, 8, 16, 4, 12
3_7_16 10, 2, 14
5_2_06 4, 12, 16, 8, 1
1_29_12 10
6_23_08 6, 14, 2, 10, 7, 15
6_31_18 13, 5, 9, 1, 10, 2
4_29_10 9, 1, 5, 13
2_11_04 5, 13
3_31_10 9, 1, 13
8_12_22 14, 6, 10, 2, 15, 7, 11, 3
3_15_18 13, 5, 1
1_12_00 7
7_16_06 7, 15, 3, 11, 8, 16, 4
6_4_12 7, 15, 3, 11, 4, 12
5_17_08 5, 13, 1, 9, 6
7_30_12 10, 2, 6, 14, 3, 11, 15
4_18_08 5, 13, 1, 9
7_17_00 1, 9, 13, 5, 2, 10, 14
2_20_12 3, 11
3_6_06 1, 9, 13
5_2_12 7, 15, 3, 11, 4
7_10_08 7, 15, 3, 11, 4, 12, 16
8_29_22 15, 7, 11, 3, 12, 4, 8, 16
2_11_22 14, 6
4_11_22 14, 6, 10, 2
8_30_02 5, 13, 1, 9, 2, 10, 14, 6
6_26_20 13, 5, 9, 1, 10, 2
1_5_18 11
3_6_06 1, 9, 13
2_15_22 15, 7
8_29_06 7, 15, 3, 11, 4, 12, 16, 8
5_21_06 5, 13, 1, 9, 6
4_12_14 10, 2, 6, 14
6_26_04 5, 13, 1, 9, 2, 10
7_28_06 6, 14, 2, 10, 11, 3, 7
2_1_18 10, 2
4_25_00 3, 11, 15, 7
3_18_20 7, 15, 3
5_25_00 3, 11, 15, 7, 4
6_17_06 4, 12, 16, 8, 5, 13
2_29_22 15, 7
7_8_06 5, 13, 1, 9, 10, 2, 6
2_3_18 10, 2
4_31_18 13, 5, 9, 1
4_29_02 5, 13, 1, 9
4_10_14 10, 2, 6, 14
6_26_02 4, 12, 16, 8, 1, 9
1_26_22 10
8_3_10 6, 14, 2, 10, 7, 15, 3, 11
8_9_06 6, 14, 2, 10, 7, 15, 3, 11
7_14_16 12, 4, 8, 16, 5, 13, 1
3_2_04 15, 7, 11
7_3_14 8, 16, 4, 12, 1, 9, 13
5_23_16 10, 2, 6, 14, 3
6_28_10 8, 16, 4, 12, 5, 13
4_22_00 2, 10, 14, 6
6_19_18 10, 2, 6, 14, 11, 3
6_10_12 9, 1, 5, 13, 6, 14
3_22_14 5, 13, 1
2_31_00 4,12
3_5_04 4, 12, 16
5_7_06 5, 13, 1, 9, 14
7_11_14 10, 2, 6, 14, 3, 11, 15
6_25_08 7, 15, 3, 11, 8, 16
8_28_18 12, 4, 8, 16, 13, 5, 9, 1
2_18_04 15, 7
3_13_12 10, 2, 6
6_14_12 10, 2, 6, 14, 3, 11
7_19_04 3, 11, 15, 7, 12, 4, 8
7_24_22 13, 5, 9, 1, 2, 10, 14
5_24_00 2, 10, 14, 6, 7
4_2_14 8, 16, 4, 12
2_29_02 5, 13
1_29_02 5
3_9_04 5, 13, 1
2_27_16 11, 3
2_13_12 10, 2
4_28_16 11, 3, 7, 15
8_13_02 5, 13, 1, 9, 2, 10, 14, 6
8_27_08 7, 15, 3, 11, 8, 16, 4, 12
6_9_06 6, 14, 2, 10, 7, 15
3_11_06 6, 14, 10
8_28_18 12, 4, 8, 16, 13, 5, 9, 1
2_10_08 3, 11
1_2_16 5
5_13_08 8, 16, 4, 12, 5
2_3_02 2, 10
8_1_18 10, 2, 6, 14, 11, 3, 7, 15
5_7_06 5, 13, 1, 9, 14
5_7_14 9, 1, 5, 13, 2
1_7_10 15
7_11_00 3, 11, 15, 7, 12, 4, 8
3_22_14 5, 13, 1
4_29_14 11, 3, 7, 15
5_19_14 8, 16, 4, 12, 1
2_7_16 10, 2
4_8_14 9, 1, 5, 13
1_4_04 7
5_27_02 4, 12, 16, 8, 13
3_11_04 5, 13, 9
8_21_08 6, 14, 2, 10, 7, 15, 3, 11
2_8_20 8, 16
5_19_06 4, 12, 16, 8, 13
1_18_08 1
2_4_14 4, 12
5_8_02 3, 11, 15, 7, 8
1_13_20 14
3_24_10 3, 11, 7
2_21_08 6, 14
6_4_10 6, 14, 2, 10, 3, 11
2_19_00 1, 9
3_12_00 15, 7, 3
6_4_08 5, 13, 1, 9, 2, 10
3_24_18 7, 15, 11
7_20_00 1, 9, 13, 5, 6, 14, 2
6_27_12 9, 1, 5, 13, 10, 2
5_6_10 7, 15, 3, 11, 4
5_5_12 8, 16, 4, 12, 9
8_9_12 9, 1, 5, 13, 10, 2, 6, 14
5_8_16 10, 2, 6, 14, 15
2_15_06 7, 15
1_27_14 2
8_8_00 2, 10, 14, 6, 3, 11, 15, 7
7_5_12 8, 16, 4, 12, 9, 1, 5
7_31_08 8, 16, 4, 12, 13, 5, 9
5_23_14 9, 1, 5, 13, 2
5_27_14 10, 2, 6, 14, 3
7_16_04 6, 14, 2, 10, 7, 15, 3
6_4_16 9, 1, 5, 13, 6, 14
8_29_20 14, 6, 10, 2, 11, 3, 7, 15
3_17_20 11, 3, 7
4_18_00 1, 9, 13, 5
1_7_08 14
2_8_00 14, 6
5_10_10 8, 16, 4, 12, 5
2_8_10 3, 11
6_18_06 4, 12, 16, 8, 1, 9
6_1_12 7, 15, 3, 11, 8, 16
4_8_18 11, 3, 7, 15
4_18_20 11, 3, 7, 15
7_31_08 8, 16, 4, 12, 13, 5, 9
7_7_10 7, 15, 3, 11, 16, 8, 12
1_4_18 14
1_2_16 5
5_7_20 12, 4, 8, 16, 5
7_27_10 8, 16, 4, 12, 1, 9, 13
6_26_10 8, 16, 4, 12, 5, 13
5_14_12 10, 2, 6, 14, 3
1_12_08 11
6_31_08 8, 16, 4, 12, 5, 13
8_14_10 9, 1, 5, 13, 6, 14, 2, 10
7_28_22 14, 6, 10, 2, 3, 11, 15
3_10_06 2, 10, 14
4_6_16 10, 2, 6, 14
2_25_14 10, 2
4_2_20 11, 3, 7, 15
2_8_02 15, 7
6_13_14 11, 3, 7, 15, 8, 16
6_3_06 4, 12, 16, 8, 5, 13
5_21_06 5, 13, 1, 9, 6
7_21_10 7, 15, 3, 11, 8, 16, 4
6_5_18 11, 3, 7, 15, 12, 4
6_9_20 13, 5, 9, 1, 14, 6
3_14_10 5, 13, 1
5_18_06 4, 12, 16, 8, 1
7_5_12 8, 16, 4, 12, 9, 1, 5
4_2_18 10, 2, 6, 14
1_4_00 5
1_22_08 2
4_12_10 8, 16, 4, 12
7_11_20 13, 5, 9, 1, 6, 14, 2
7_29_14 11, 3, 7, 15, 8, 16, 4
4_3_16 9, 1, 5, 13
4_21_04 4, 12, 16, 8
7_14_04 6, 14, 2, 10, 15, 7, 11
4_8_14 9, 1, 5, 13
5_23_08 6, 14, 2, 10, 15
3_12_20 9, 1, 13
3_31_20 14, 6, 2
3_27_18 12, 4, 16
4_2_18 10, 2, 6, 14
4_25_12 9, 1, 5, 13
5_15_06 7, 15, 3, 11, 12
1_15_12 2
8_13_12 10, 2, 6, 14, 7, 15, 3, 11
5_11_22 14, 6, 10, 2, 7
6_11_08 7, 15, 3, 11, 8, 16
5_1_08 5, 13, 1, 9, 6
7_26_02 4, 12, 16, 8, 1, 9, 13
2_22_14 5, 13
5_2_00 1, 9, 13, 5, 14
7_30_12 10, 2, 6, 14, 3, 11, 15
7_25_10 8, 16, 4, 12, 9, 1, 5
2_2_16 5, 13
7_11_16 11, 3, 7, 15, 4, 12, 16
7_12_04 5, 13, 1, 9, 10, 2, 6
2_15_18 13, 5
3_12_14 6, 14, 10
6_24_06 5, 13, 1, 9, 2, 10
5_17_06 4, 12, 16, 8, 5
3_8_04 16, 8, 4
8_11_16 11, 3, 7, 15, 12, 4, 8, 16
8_2_02 2, 10, 14, 6, 3, 11, 15, 7
5_19_08 5, 13, 1, 9, 14
6_12_00 3, 11, 15, 7, 16, 8
7_6_04 4, 12, 16, 8, 1, 9, 13
2_7_02 3, 11
1_10_06 2
7_20_06 4, 12, 16, 8, 9, 1, 5
6_11_16 11, 3, 7, 15, 12, 4
8_15_00 4, 12, 16, 8, 1, 9, 13, 5
3_2_00 13, 5, 9
6_16_16 12, 4, 8, 16, 5, 13
4_5_00 2, 10, 14, 6
2_17_10 6, 14
1_16_14 15
6_8_06 5, 13, 1, 9, 2, 10
1_13_22 15
1_24_18 15
7_5_20 12, 4, 8, 16, 13, 5, 9
5_26_16 11, 3, 7, 15, 8
4_21_20 12, 4, 8, 16
6_4_14 8, 16, 4, 12, 5, 13
4_15_14 11, 3, 7, 15
7_6_22 13, 5, 9, 1, 10, 2, 6
7_17_06 4, 12, 16, 8, 5, 13, 1
3_20_04 15, 7, 3
2_27_04 5, 13
5_28_04 5, 13, 1, 9, 10
6_1_04 3, 11, 15, 7, 4, 12
4_25_20 13, 5, 9, 1
5_7_16 10, 2, 6, 14, 3
7_24_10 7, 15, 3, 11, 12, 4, 8
6_9_14 10, 2, 6, 14, 11, 3
5_18_22 12, 4, 8, 16, 9
2_27_22 14, 6
7_23_04 4, 12, 16, 8, 13, 5, 9
7_26_20 13, 5, 9, 1, 10, 2, 6
1_24_12 12
7_6_12 8, 16, 4, 12, 5, 13, 1
6_24_18 11, 3, 7, 15, 8, 16
8_9_12 9, 1, 5, 13, 10, 2, 6, 14
1_6_02 15
7_27_04 5, 13, 1, 9, 14, 6, 10
6_21_04 4, 12, 16, 8, 5, 13
5_29_02 5, 13, 1, 9, 2
5_13_10 9, 1, 5, 13, 6
3_15_10 9, 1, 13
3_7_20 12, 4, 16
8_4_20 11, 3, 7, 15, 12, 4, 8, 16
6_25_22 14, 6, 10, 2, 15, 7
6_9_22 14, 6, 10, 2, 15, 7
6_14_06 7, 15, 3, 11, 16, 8
4_5_14 9, 1, 5, 13
8_31_20 14, 6, 10, 2, 11, 3, 7, 15
6_27_08 7, 15, 3, 11, 8, 16
4_10_00 3, 11, 15, 7
4_13_18 13, 5, 9, 1
5_18_22 12, 4, 8, 16, 9
6_19_00 1, 9, 13, 5, 2, 10
7_21_20 12, 4, 8, 16, 13, 5, 9
6_9_04 5, 13, 1, 9, 6, 14
7_20_16 9, 1, 5, 13, 14, 6, 10
3_25_16 11, 3, 7
4_9_00 3, 11, 15, 7
7_11_16 11, 3, 7, 15, 4, 12, 16
3_27_08 7, 15, 11
1_5_14 9
4_12_06 6, 14, 2, 10
2_8_14 5, 13
1_7_08 14
1_14_08 4
2_5_00 2, 10
5_15_14 11, 3, 7, 15, 16
4_9_16 11, 3, 7, 15
7_14_06 7, 15, 3, 11, 16, 8, 12
4_27_18 12, 4, 8, 16
4_11_18 12, 4, 8, 16
8_4_18 10, 2, 6, 14, 11, 3, 7, 15
1_1_08 5
6_31_14 11, 3, 7, 15, 8, 16
1_31_02 13
6_2_06 4, 12, 16, 8, 1, 9
3_7_04 4, 12, 8
2_3_04 3, 11
6_13_08 8, 16, 4, 12, 5, 13
6_11_06 6, 14, 2, 10, 7, 15
4_10_20 13, 5, 9, 1
1_13_16 12
1_2_06 16
7_18_06 4, 12, 16, 8, 1, 9, 13
5_14_18 13, 5, 9, 1, 6
3_9_16 11, 3, 7
3_13_16 12, 4, 8
6_3_00 1, 9, 13, 5, 2, 10
4_26_20 13, 5, 9, 1
4_14_10 9, 1, 5, 13
4_20_02 2, 10, 14, 6
8_25_00 3, 11, 15, 7, 4, 12, 16, 8
3_2_22 8, 16, 4
2_30_02 1, 9
4_31_18 13, 5, 9, 1
7_20_04 3, 11, 15, 7, 8, 16, 4
6_8_10 7, 15, 3, 11, 4, 12
5_25_00 3, 11, 15, 7, 4
2_10_14 6, 14
2_17_12 7, 15
3_10_08 3, 11, 15
8_11_04 5, 13, 1, 9, 6, 14, 2, 10
7_6_00 2, 10, 14, 6, 15, 7, 11
7_21_18 11, 3, 7, 15, 12, 4, 8
2_7_06 5, 13
4_21_10 7, 15, 3, 11
6_19_10 6, 14, 2, 10, 7, 15
2_28_12 5, 13
1_13_14 11
2_21_22 13, 5
6_31_20 14, 6, 10, 2, 11, 3
1_11_18 4
6_10_08 7, 15, 3, 11, 4, 12
4_4_12 7, 15, 3, 11
5_4_08 5, 13, 1, 9, 10
5_3_06 4, 12, 16, 8, 13
7_16_16 12, 4, 8, 16, 13, 5, 9
2_15_02 5, 13
3_30_02 1, 9, 13
3_16_18 9, 1, 13
7_30_02 5, 13, 1, 9, 14, 6, 10
3_24_06 1, 9, 5
6_20_16 9, 1, 5, 13, 6, 14
4_10_22 14, 6, 10, 2
8_18_14 8, 16, 4, 12, 9, 1, 5, 13
4_12_06 6, 14, 2, 10
7_9_12 9, 1, 5, 13, 10, 2, 6
2_10_10 4, 12
2_27_22 14, 6
6_27_20 13, 5, 9, 1, 14, 6
4_27_20 13, 5, 9, 1
8_13_18 13, 5, 9, 1, 10, 2, 6, 14
1_11_12 1
8_4_20 11, 3, 7, 15, 12, 4, 8, 16
3_26_16 7, 15, 3
7_10_10 8, 16, 4, 12, 5, 13, 1
6_19_06 4, 12, 16, 8, 5, 13
2_31_02 5, 13
4_29_10 9, 1, 5, 13
1_8_04 8
2_25_14 10, 2
6_14_12 10, 2, 6, 14, 3, 11
1_9_08 7
4_12_00 3, 11, 15, 7
4_12_18 12, 4, 8, 16
8_7_10 7, 15, 3, 11, 8, 16, 4, 12
4_19_18 10, 2, 6, 14
1_14_20 10
6_1_04 3, 11, 15, 7, 4, 12
6_19_06 4, 12, 16, 8, 5, 13
3_9_16 11, 3, 7
7_12_08 7, 15, 3, 11, 12, 4, 8
1_2_02 14
7_23_04 4, 12, 16, 8, 13, 5, 9
6_6_18 11, 3, 7, 15, 8, 16
4_17_08 5, 13, 1, 9
5_10_22 14, 6, 10, 2, 11
4_19_08 5, 13, 1, 9
6_9_14 10, 2, 6, 14, 11, 3
4_10_10 8, 16, 4, 12
2_22_14 5, 13
4_23_18 11, 3, 7, 15
8_8_00 2, 10, 14, 6, 3, 11, 15, 7
5_14_14 11, 3, 7, 15, 4
2_25_14 10, 2
1_21_14 9
5_4_04 3, 11, 15, 7, 8
7_28_12 9, 1, 5, 13, 14, 6, 10
3_19_06 4, 12, 8
1_25_14 10
8_19_04 3, 11, 15, 7, 4, 12, 16, 8
3_23_16 10, 2, 14
7_14_12 10, 2, 6, 14, 3, 11, 15
4_3_02 2, 10, 14, 6
3_20_02 14, 6, 2
2_1_04 3, 11
4_30_18 13, 5, 9, 1
8_24_14 9, 1, 5, 13, 10, 2, 6, 14
1_14_00 16
8_8_14 9, 1, 5, 13, 10, 2, 6, 14
1_1_10 6
8_15_04 6, 14, 2, 10, 3, 11, 15, 7
2_1_10 6, 14
5_22_14 9, 1, 5, 13, 6
6_22_22 13, 5, 9, 1, 10, 2
1_22_00 14
6_10_04 5, 13, 1, 9, 2, 10
8_20_10 6, 14, 2, 10, 7, 15, 3, 11
4_24_14 9, 1, 5, 13
7_26_04 5, 13, 1, 9, 2, 10, 14
7_13_06 7, 15, 3, 11, 4, 12, 16
5_19_18 10, 2, 6, 14, 3
3_30_18 9, 1, 5
3_26_06 2, 10, 14
8_30_16 12, 4, 8, 16, 9, 1, 5, 13
1_12_06 10
3_2_08 1, 9, 13
1_10_04 1
5_25_18 12, 4, 8, 16, 13
2_14_06 3, 11
6_22_12 8, 16, 4, 12, 5, 13
8_16_18 13, 5, 9, 1, 10, 2, 6, 14
4_28_04 5, 13, 1, 9
3_18_20 7, 15, 3
1_2_20 7
6_17_10 6, 14, 2, 10, 7, 15
4_2_00 1, 9, 13, 5
8_22_14 9, 1, 5, 13, 10, 2, 6, 14
3_16_18 9, 1, 13
1_27_00 11
5_2_02 2, 10, 14, 6, 15
7_2_10 6, 14, 2, 10, 3, 11, 15
5_24_14 9, 1, 5, 13, 14
2_4_14 4, 12
6_23_00 2, 10, 14, 6, 3, 11
1_6_12 4
7_23_00 2, 10, 14, 6, 11, 3, 7
2_10_08 3, 11
3_25_12 9, 1, 5
1_10_20 9
2_12_00 15, 7
2_18_00 13, 5
1_11_02 12
1_28_14 14
3_22_22 9, 1, 5
4_3_06 4, 12, 16, 8
3_6_16 6, 14, 2
4_10_10 8, 16, 4, 12
1_15_22 7
7_15_04 6, 14, 2, 10, 11, 3, 7
1_11_02 12
8_2_06 4, 12, 16, 8, 5, 13, 1, 9
4_10_06 6, 14, 2, 10
7_4_16 9, 1, 5, 13, 14, 6, 10
4_15_16 12, 4, 8, 16
4_19_06 4, 12, 16, 8
7_26_08 7, 15, 3, 11, 4, 12, 16
2_15_12 10, 2
2_29_18 13, 5
8_12_00 3, 11, 15, 7, 4, 12, 16, 8
6_19_12 7, 15, 3, 11, 8, 16
2_30_16 8, 16
5_30_14 11, 3, 7, 15, 4
4_31_02 5, 13, 1, 9
3_7_12 8, 16, 12
4_27_10 8, 16, 4, 12
5_21_12 8, 16, 4, 12, 9
8_18_14 8, 16, 4, 12, 9, 1, 5, 13
7_17_14 8, 16, 4, 12, 9, 1, 5
8_31_02 5, 13, 1, 9, 2, 10, 14, 6
6_27_18 12, 4, 8, 16, 13, 5
1_7_20 4
1_16_18 1
6_5_10 7, 15, 3, 11, 8, 16
1_2_10 2
2_3_18 10, 2
2_20_18 6, 14
1_29_04 6
3_31_00 4,12, 8
7_29_18 13, 5, 9, 1, 10, 2, 6
8_7_12 8, 16, 4, 12, 9, 1, 5, 13
1_31_06 15
3_29_12 10, 2, 6
4_28_00 3, 11, 15, 7
1_18_14 4
5_5_00 2, 10, 14, 6, 3
1_27_02 12
3_11_06 6, 14, 10
2_20_06 16, 8
3_16_00 16, 8, 4
8_20_04 3, 11, 15, 7, 4, 12, 16, 8
5_16_18 13, 5, 9, 1, 14
2_7_22 13, 5
6_27_06 6, 14, 2, 10, 7, 15
6_18_22 12, 4, 8, 16, 9, 1
4_20_00 1, 9, 13, 5
8_1_06 4, 12, 16, 8, 5, 13, 1, 9
1_26_02 16
4_29_04 6, 14, 2, 10
5_31_20 14, 6, 10, 2, 3
3_3_10 6, 14, 10
7_16_10 9, 1, 5, 13, 10, 2, 6
4_12_10 8, 16, 4, 12
7_29_02 5, 13, 1, 9, 2, 10, 14
4_23_14 9, 1, 5, 13
5_21_18 11, 3, 7, 15, 12
8_28_04 5, 13, 1, 9, 6, 14, 2, 10
8_29_08 8, 16, 4, 12, 5, 13, 1, 9
1_6_18 7
8_12_10 8, 16, 4, 12, 9, 1, 5, 13
1_14_12 6
5_25_16 11, 3, 7, 15, 12
8_28_02 4, 12, 16, 8, 5, 13, 1, 9
1_16_22 3
1_10_10 4
5_14_16 12, 4, 8, 16, 5
1_16_08 12
1_19_16 1
1_6_02 15
4_3_22 12, 4, 8, 16
5_9_18 12, 4, 8, 16, 13
3_5_18 11, 3, 7
1_29_22 15
2_29_20 14, 6
2_10_02 16, 8
8_10_22 14, 6, 10, 2, 15, 7, 11, 3
6_15_02 5, 13, 1, 9, 2, 10
3_3_02 2, 10, 6
3_28_16 7, 15, 11
3_22_06 1, 9, 13
7_20_10 6, 14, 2, 10, 11, 3, 7
2_2_02 14, 6
5_31_20 14, 6, 10, 2, 3
8_7_00 2, 10, 14, 6, 3, 11, 15, 7
3_15_22 15, 7, 3
3_15_22 15, 7, 3
4_8_12 8, 16, 4, 12
5_29_18 13, 5, 9, 1, 10
5_21_14 9, 1, 5, 13, 10
8_9_08 7, 15, 3, 11, 8, 16, 4, 12
2_1_12 7, 15
7_13_10 9, 1, 5, 13, 6, 14, 2
6_1_00 1, 9, 13, 5, 2, 10
6_6_00 2, 10, 14, 6, 15, 7
1_14_16 8
8_16_00 4, 12, 16, 8, 1, 9, 13, 5
5_13_12 10, 2, 6, 14, 7
6_26_08 7, 15, 3, 11, 4, 12
7_23_12 8, 16, 4, 12, 1, 9, 13
5_7_14 9, 1, 5, 13, 2
3_8_14 5, 13, 9
2_26_12 5, 13
3_28_02 16, 8, 4
6_13_12 10, 2, 6, 14, 7, 15
2_25_14 10, 2
7_2_18 10, 2, 6, 14, 7, 15, 3
3_5_12 8, 16, 4
6_5_08 6, 14, 2, 10, 7, 15
1_10_14 6
5_25_16 11, 3, 7, 15, 12
8_8_04 4, 12, 16, 8, 5, 13, 1, 9
4_3_00 1, 9, 13, 5
5_31_22 15, 7, 11, 3, 4
1_10_04 1
8_9_04 5, 13, 1, 9, 6, 14, 2, 10
1_19_00 9
3_17_22 12, 4, 8
1_6_16 6
6_12_12 9, 1, 5, 13, 6, 14
5_27_14 10, 2, 6, 14, 3
4_27_08 7, 15, 3, 11
7_28_02 4, 12, 16, 8, 9, 1, 5
8_12_02 4, 12, 16, 8, 5, 13, 1, 9
7_20_08 5, 13, 1, 9, 10, 2, 6
2_22_12 4, 12
3_24_22 9, 1, 13
3_11_04 5, 13, 9
5_11_12 9, 1, 5, 13, 2
1_7_12 16
7_14_22 15, 7, 11, 3, 8, 16, 4
8_28_18 12, 4, 8, 16, 13, 5, 9, 1
8_25_02 4, 12, 16, 8, 5, 13, 1, 9
5_9_04 5, 13, 1, 9, 6
6_27_14 10, 2, 6, 14, 11, 3
3_19_20 11, 3, 15
8_26_12 9, 1, 5, 13, 10, 2, 6, 14
3_28_06 2, 10, 6
4_12_14 10, 2, 6, 14
2_21_12 8, 16
3_21_14 9, 1, 5
3_3_18 10, 2, 14
8_24_02 3, 11, 15, 7, 4, 12, 16, 8
2_31_16 12, 4
3_14_06 3, 11, 15
5_5_04 4, 12, 16, 8, 5
6_21_22 13, 5, 9, 1, 14, 6
7_17_18 10, 2, 6, 14, 11, 3, 7
3_23_18 11, 3, 15
2_11_22 14, 6
6_29_10 9, 1, 5, 13, 6, 14
8_13_18 13, 5, 9, 1, 10, 2, 6, 14
1_16_10 13
6_10_14 10, 2, 6, 14, 7, 15
6_14_08 8, 16, 4, 12, 1, 9
8_30_02 5, 13, 1, 9, 2, 10, 14, 6
1_27_20 5
3_4_00 13, 5, 1
1_23_02 11
1_2_00 13
1_14_20 10
1_1_14 8
7_24_20 12, 4, 8, 16, 1, 9, 13
2_20_06 16, 8
6_25_00 3, 11, 15, 7, 4, 12
4_8_10 7, 15, 3, 11
6_15_00 4, 12, 16, 8, 1, 9
2_10_06 2, 10
4_12_10 8, 16, 4, 12
8_16_06 7, 15, 3, 11, 4, 12, 16, 8
6_26_10 8, 16, 4, 12, 5, 13
7_17_10 6, 14, 2, 10, 7, 15, 3
1_23_12 16
8_8_16 10, 2, 6, 14, 11, 3, 7, 15
3_28_14 6, 14, 10
8_29_08 8, 16, 4, 12, 5, 13, 1, 9
5_24_22 13, 5, 9, 1, 2
1_28_20 1
4_12_20 13, 5, 9, 1
4_12_16 11, 3, 7, 15
1_22_04 16
4_14_22 15, 7, 11, 3
8_20_02 2, 10, 14, 6, 3, 11, 15, 7
2_14_06 3, 11
3_20_02 14, 6, 2
5_18_10 6, 14, 2, 10, 3
7_7_16 10, 2, 6, 14, 3, 11, 15
2_30_22 11, 3
3_5_18 11, 3, 7
7_18_12 7, 15, 3, 11, 4, 12, 16
6_20_08 5, 13, 1, 9, 2, 10
4_23_18 11, 3, 7, 15
7_13_02 5, 13, 1, 9, 2, 10, 14
3_26_20 9, 1, 5
8_17_04 3, 11, 15, 7, 4, 12, 16, 8
3_21_16 10, 2, 6
1_21_20 12
1_25_20 13
3_18_20 7, 15, 3
3_1_08 5, 13, 1
6_16_00 4, 12, 16, 8, 13, 5
3_6_10 3, 11, 15
4_20_18 10, 2, 6, 14
1_6_00 14
8_17_10 6, 14, 2, 10, 7, 15, 3, 11
7_13_06 7, 15, 3, 11, 4, 12, 16
1_1_02 2
2_15_12 10, 2
2_4_00 13, 5
8_10_16 11, 3, 7, 15, 12, 4, 8, 16
4_18_16 9, 1, 5, 13
4_2_16 9, 1, 5, 13
2_22_10 3, 11
3_29_22 15, 7, 11
1_11_22 6
8_28_02 4, 12, 16, 8, 5, 13, 1, 9
8_5_00 2, 10, 14, 6, 3, 11, 15, 7
1_2_12 3
5_5_14 9, 1, 5, 13, 10
7_3_06 4, 12, 16, 8, 13, 5, 9
8_22_20 12, 4, 8, 16, 13, 5, 9, 1
8_5_10 7, 15, 3, 11, 8, 16, 4, 12
5_18_12 7, 15, 3, 11, 4
5_26_22 14, 6, 10, 2, 11
3_7_12 8, 16, 12
8_11_12 9, 1, 5, 13, 10, 2, 6, 14
6_19_04 3, 11, 15, 7, 4, 12
3_22_20 8, 16, 4
4_31_16 12, 4, 8, 16
2_24_06 1, 9
4_7_00 2, 10, 14, 6
1_30_04 2
8_29_12 10, 2, 6, 14, 7, 15, 3, 11
5_21_18 11, 3, 7, 15, 12
6_19_08 5, 13, 1, 9, 6, 14
6_2_04 3, 11, 15, 7, 16, 8
4_3_16 9, 1, 5, 13
3_4_04 15, 7, 3
5_14_18 13, 5, 9, 1, 6
4_22_02 3, 11, 15, 7
3_11_00 3, 11, 7
4_5_10 7, 15, 3, 11
4_4_12 7, 15, 3, 11
2_29_08 8, 16
5_20_00 1, 9, 13, 5, 6
1_7_08 14
2_18_16 5, 13
1_18_16 5
7_12_12 9, 1, 5, 13, 14, 6, 10
7_27_22 14, 6, 10, 2, 7, 15, 3
5_27_18 12, 4, 8, 16, 5
8_12_14 10, 2, 6, 14, 11, 3, 7, 15
4_28_04 5, 13, 1, 9
3_27_20 13, 5, 1
2_21_04 4, 12
5_11_08 7, 15, 3, 11, 16
3_28_16 7, 15, 11
4_13_22 15, 7, 11, 3
7_10_04 5, 13, 1, 9, 2, 10, 14
4_30_06 7, 15, 3, 11
