3_12_12 5, 13, 9
2_11_18 12, 4
4_24_04 4, 12, 16, 8
1_28_00 7
5_2_06 4, 12, 16, 8, 1
6_24_20 12, 4, 8, 16, 9, 1
7_21_12 8, 16, 4, 12, 9, 1, 5
2_19_02 2, 10
2_1_06 4, 12
8_20_12 7, 15, 3, 11, 8, 16, 4, 12
4_30_06 7, 15, 3, 11
7_26_20 13, 5, 9, 1, 10, 2, 6
2_26_00 15, 7
6_23_02 3, 11, 15, 7, 4, 12
1_4_10 10
5_26_20 13, 5, 9, 1, 10
3_13_06 7, 15, 3
4_18_02 2, 10, 14, 6
6_14_18 13, 5, 9, 1, 6, 14
2_25_02 4, 12
4_26_20 13, 5, 9, 1
7_14_08 8, 16, 4, 12, 1, 9, 13
4_7_20 12, 4, 8, 16
2_10_04 1, 9
3_2_02 14, 6, 10
5_18_22 12, 4, 8, 16, 9
2_29_16 12, 4
6_14_20 14, 6, 10, 2, 7, 15
3_11_14 10, 2, 14
2_29_22 15, 7
6_29_14 11, 3, 7, 15, 8, 16
1_28_10 12
6_28_12 9, 1, 5, 13, 6, 14
7_9_04 5, 13, 1, 9, 6, 14, 2
6_19_04 3, 11, 15, 7, 4, 12
2_24_00 14, 6
7_26_08 7, 15, 3, 11, 4, 12, 16
2_28_16 7, 15
6_29_16 12, 4, 8, 16, 9, 1
4_19_20 11, 3, 7, 15
6_22_06 5, 13, 1, 9, 2, 10
5_24_08 6, 14, 2, 10, 11
7_12_08 7, 15, 3, 11, 12, 4, 8
1_25_06 6
5_25_14 10, 2, 6, 14, 11
6_22_06 5, 13, 1, 9, 2, 10
1_11_12 1
7_28_14 10, 2, 6, 14, 15, 7, 11
5_29_04 6, 14, 2, 10, 3
3_24_02 15, 7, 3
1_3_16 1
5_19_16 9, 1, 5, 13, 2
5_2_12 7, 15, 3, 11, 4
5_10_06 6, 14, 2, 10, 3
4_20_18 10, 2, 6, 14
6_16_04 6, 14, 2, 10, 15, 7
6_22_10 7, 15, 3, 11, 4, 12
1_7_04 12
1_15_10 1
5_12_10 8, 16, 4, 12, 13
2_30_08 4, 12
4_30_08 8, 16, 4, 12
7_12_16 11, 3, 7, 15, 16, 8, 12
5_27_08 7, 15, 3, 11, 16
4_19_18 10, 2, 6, 14
8_10_14 10, 2, 6, 14, 11, 3, 7, 15
7_26_02 4, 12, 16, 8, 1, 9, 13
4_17_18 10, 2, 6, 14
4_19_16 9, 1, 5, 13
2_20_02 14, 6
5_10_12 9, 1, 5, 13, 6
1_26_00 15
3_10_00 15, 7, 11
7_20_12 7, 15, 3, 11, 12, 4, 8
5_6_18 11, 3, 7, 15, 8
6_22_20 12, 4, 8, 16, 9, 1
4_15_04 6, 14, 2, 10
1_6_10 3
5_16_18 13, 5, 9, 1, 14
3_2_18 6, 14, 2
6_14_16 12, 4, 8, 16, 5, 13
8_9_14 10, 2, 6, 14, 11, 3, 7, 15
7_10_12 9, 1, 5, 13, 6, 14, 2
6_21_04 4, 12, 16, 8, 5, 13
2_1_08 5, 13
8_12_18 12, 4, 8, 16, 13, 5, 9, 1
8_27_14 10, 2, 6, 14, 11, 3, 7, 15
6_6_06 5, 13, 1, 9, 2, 10
4_8_06 5, 13, 1, 9
8_7_16 10, 2, 6, 14, 11, 3, 7, 15
4_12_22 14, 6, 10, 2
6_23_06 5, 13, 1, 9, 6, 14
2_23_20 12, 4
2_14_00 16, 8
6_31_08 8, 16, 4, 12, 5, 13
8_5_16 10, 2, 6, 14, 11, 3, 7, 15
3_24_14 5, 13, 9
8_16_16 12, 4, 8, 16, 9, 1, 5, 13
8_23_04 4, 12, 16, 8, 5, 13, 1, 9
2_23_16 10, 2
4_20_00 1, 9, 13, 5
8_26_16 11, 3, 7, 15, 12, 4, 8, 16
5_26_04 5, 13, 1, 9, 2
3_14_00 16, 8, 12
2_23_00 2, 10
7_27_22 14, 6, 10, 2, 7, 15, 3
5_26_06 6, 14, 2, 10, 3
5_26_08 7, 15, 3, 11, 4
3_18_16 5, 13, 1
2_30_08 4, 12
1_28_18 16
1_13_16 12
2_24_18 7, 15
8_3_16 9, 1, 5, 13, 10, 2, 6, 14
4_11_00 3, 11, 15, 7
5_7_06 5, 13, 1, 9, 14
7_6_08 6, 14, 2, 10, 3, 11, 15
5_27_12 9, 1, 5, 13, 2
2_15_04 6, 14
1_9_10 8
5_3_00 1, 9, 13, 5, 10
3_10_04 1, 9, 13
8_8_04 4, 12, 16, 8, 5, 13, 1, 9
7_12_02 4, 12, 16, 8, 9, 1, 5
5_7_20 12, 4, 8, 16, 5
2_3_18 10, 2
6_30_12 10, 2, 6, 14, 3, 11
4_20_16 9, 1, 5, 13
3_4_14 4, 12, 8
4_1_14 8, 16, 4, 12
4_31_12 10, 2, 6, 14
1_3_10 14
4_21_20 12, 4, 8, 16
5_19_12 7, 15, 3, 11, 16
4_15_00 4,12, 16, 8
5_31_18 13, 5, 9, 1, 2
6_18_18 10, 2, 6, 14, 7, 15
7_27_16 11, 3, 7, 15, 4, 12, 16
7_10_10 8, 16, 4, 12, 5, 13, 1
4_8_20 12, 4, 8, 16
8_16_10 9, 1, 5, 13, 6, 14, 2, 10
1_1_20 11
3_3_06 4, 12, 8
1_8_16 14
6_10_20 13, 5, 9, 1, 10, 2
3_7_16 10, 2, 14
1_23_14 1
1_20_04 7
8_10_14 10, 2, 6, 14, 11, 3, 7, 15
3_9_12 9, 1, 5
3_24_14 5, 13, 9
8_1_14 8, 16, 4, 12, 9, 1, 5, 13
1_5_02 3
2_26_12 5, 13
3_2_20 7, 15, 3
6_28_00 3, 11, 15, 7, 16, 8
4_27_18 12, 4, 8, 16
8_3_02 2, 10, 14, 6, 3, 11, 15, 7
3_22_12 4, 12, 16
2_8_06 1, 9
7_22_04 4, 12, 16, 8, 1, 9, 13
8_16_02 5, 13, 1, 9, 2, 10, 14, 6
4_1_20 11, 3, 7, 15
3_13_14 11, 3, 7
4_1_16 9, 1, 5, 13
2_11_08 7, 15
5_27_10 8, 16, 4, 12, 1
4_23_12 8, 16, 4, 12
3_16_14 7, 15, 11
2_9_06 6, 14
8_2_10 6, 14, 2, 10, 7, 15, 3, 11
1_3_02 10
4_24_02 3, 11, 15, 7
2_31_04 6, 14
8_15_06 7, 15, 3, 11, 4, 12, 16, 8
3_5_02 3, 11, 15
4_11_06 6, 14, 2, 10
5_15_10 9, 1, 5, 13, 14
3_12_22 10, 2, 14
8_25_18 12, 4, 8, 16, 13, 5, 9, 1
4_10_00 3, 11, 15, 7
5_9_12 9, 1, 5, 13, 10
2_29_10 9, 1
4_8_14 9, 1, 5, 13
3_24_20 8, 16, 12
6_15_04 6, 14, 2, 10, 3, 11
1_19_08 13
2_14_02 1, 9
5_2_10 6, 14, 2, 10, 3
1_22_10 3
1_9_12 9
7_28_04 5, 13, 1, 9, 10, 2, 6
5_10_16 11, 3, 7, 15, 8
6_29_02 5, 13, 1, 9, 2, 10
7_31_06 7, 15, 3, 11, 12, 4, 8
7_11_04 5, 13, 1, 9, 14, 6, 10
8_23_20 12, 4, 8, 16, 13, 5, 9, 1
8_6_04 4, 12, 16, 8, 5, 13, 1, 9
8_11_06 6, 14, 2, 10, 7, 15, 3, 11
6_20_18 10, 2, 6, 14, 7, 15
5_31_12 10, 2, 6, 14, 15
8_29_04 6, 14, 2, 10, 3, 11, 15, 7
3_9_02 4, 12, 16
2_18_20 7, 15
3_12_02 16, 8, 4
8_31_20 14, 6, 10, 2, 11, 3, 7, 15
7_18_02 2, 10, 14, 6, 15, 7, 11
8_28_12 9, 1, 5, 13, 10, 2, 6, 14
4_10_18 12, 4, 8, 16
7_19_02 2, 10, 14, 6, 11, 3, 7
5_31_18 13, 5, 9, 1, 2
7_11_14 10, 2, 6, 14, 3, 11, 15
6_11_16 11, 3, 7, 15, 12, 4
7_9_22 14, 6, 10, 2, 15, 7, 11
3_12_04 1, 9, 5
4_26_02 4, 12, 16, 8
6_6_18 11, 3, 7, 15, 8, 16
8_1_00 1, 9, 13, 5, 2, 10, 14, 6
3_18_16 5, 13, 1
2_19_12 7, 15
3_24_02 15, 7, 3
2_30_06 3, 11
3_13_16 12, 4, 8
1_4_14 12
3_25_10 8, 16, 4
5_17_12 7, 15, 3, 11, 8
5_20_06 4, 12, 16, 8, 9
6_22_04 4, 12, 16, 8, 1, 9
2_6_02 15, 7
6_27_06 6, 14, 2, 10, 7, 15
4_11_10 8, 16, 4, 12
6_30_08 8, 16, 4, 12, 1, 9
5_21_06 5, 13, 1, 9, 6
7_19_04 3, 11, 15, 7, 12, 4, 8
1_19_10 14
3_10_18 8, 16, 4
6_7_00 2, 10, 14, 6, 3, 11
2_20_10 2, 10
4_23_06 5, 13, 1, 9
7_25_18 12, 4, 8, 16, 13, 5, 9
5_17_08 5, 13, 1, 9, 6
8_18_00 1, 9, 13, 5, 2, 10, 14, 6
8_27_20 13, 5, 9, 1, 14, 6, 10, 2
6_16_00 4, 12, 16, 8, 13, 5
1_11_04 13
6_15_02 5, 13, 1, 9, 2, 10
1_3_18 2
8_4_20 11, 3, 7, 15, 12, 4, 8, 16
8_27_18 12, 4, 8, 16, 13, 5, 9, 1
2_19_10 6, 14
4_2_22 12, 4, 8, 16
7_9_02 4, 12, 16, 8, 5, 13, 1
1_17_14 8
3_6_08 2, 10, 14
2_18_10 2, 10
2_26_18 8, 16
2_29_18 13, 5
7_31_06 7, 15, 3, 11, 12, 4, 8
7_14_12 10, 2, 6, 14, 3, 11, 15
2_12_14 6, 14
