6_18_14 8, 16, 4, 12, 5, 13
5_29_06 7, 15, 3, 11, 4
1_3_20 3
5_29_02 5, 13, 1, 9, 2
2_14_14 7, 15
5_17_18 10, 2, 6, 14, 11
1_18_18 6
3_2_18 6, 14, 2
1_3_16 1
8_8_06 5, 13, 1, 9, 6, 14, 2, 10
8_1_20 11, 3, 7, 15, 12, 4, 8, 16
3_28_12 5, 13, 9
1_20_18 14
1_21_06 5
1_16_04 10
6_11_10 8, 16, 4, 12, 9, 1
5_30_14 11, 3, 7, 15, 4
1_8_22 1
4_12_00 3, 11, 15, 7
1_6_02 15
2_26_16 7, 15
5_24_20 12, 4, 8, 16, 1
2_18_00 13, 5
3_5_22 13, 5, 9
1_13_06 7
6_27_22 14, 6, 10, 2, 15, 7
5_10_08 7, 15, 3, 11, 4
7_18_18 10, 2, 6, 14, 7, 15, 3
4_13_04 6, 14, 2, 10
4_7_02 3, 11, 15, 7
1_31_18 5
6_27_16 11, 3, 7, 15, 12, 4
2_10_00 15, 7
6_12_08 7, 15, 3, 11, 4, 12
8_15_00 4, 12, 16, 8, 1, 9, 13, 5
3_12_06 2, 10, 6
6_28_12 9, 1, 5, 13, 6, 14
8_9_10 8, 16, 4, 12, 9, 1, 5, 13
6_21_18 11, 3, 7, 15, 12, 4
3_19_10 6, 14, 10
4_17_06 4, 12, 16, 8
8_19_20 11, 3, 7, 15, 12, 4, 8, 16
6_20_02 2, 10, 14, 6, 15, 7
8_13_16 12, 4, 8, 16, 9, 1, 5, 13
3_7_00 2, 10, 6
4_22_12 8, 16, 4, 12
6_27_16 11, 3, 7, 15, 12, 4
4_10_06 6, 14, 2, 10
7_15_10 9, 1, 5, 13, 14, 6, 10
2_5_18 11, 3
2_21_04 4, 12
1_10_06 2
8_3_06 4, 12, 16, 8, 5, 13, 1, 9
2_15_18 13, 5
2_19_02 2, 10
8_11_08 7, 15, 3, 11, 8, 16, 4, 12
1_26_04 1
6_12_22 14, 6, 10, 2, 11, 3
1_27_14 2
8_8_00 2, 10, 14, 6, 3, 11, 15, 7
4_3_20 11, 3, 7, 15
8_30_08 8, 16, 4, 12, 5, 13, 1, 9
7_15_08 8, 16, 4, 12, 13, 5, 9
8_7_22 13, 5, 9, 1, 14, 6, 10, 2
2_4_06 16, 8
1_8_08 10
3_16_04 2, 10, 6
4_21_14 9, 1, 5, 13
8_7_04 4, 12, 16, 8, 5, 13, 1, 9
6_9_22 14, 6, 10, 2, 15, 7
8_28_18 12, 4, 8, 16, 13, 5, 9, 1
4_30_10 9, 1, 5, 13
1_29_14 11
3_19_14 8, 16, 12
3_9_04 5, 13, 1
8_3_08 5, 13, 1, 9, 6, 14, 2, 10
3_31_10 9, 1, 13
7_16_22 15, 7, 11, 3, 16, 8, 12
8_5_20 12, 4, 8, 16, 13, 5, 9, 1
4_31_16 12, 4, 8, 16
1_29_16 12
8_19_22 12, 4, 8, 16, 13, 5, 9, 1
3_31_04 6, 14, 10
5_29_10 9, 1, 5, 13, 6
8_27_12 9, 1, 5, 13, 10, 2, 6, 14
1_13_12 10
6_4_14 8, 16, 4, 12, 5, 13
3_11_10 8, 16, 12
1_7_10 15
5_2_18 10, 2, 6, 14, 7
4_26_02 4, 12, 16, 8
8_27_04 5, 13, 1, 9, 6, 14, 2, 10
5_22_14 9, 1, 5, 13, 6
7_4_14 8, 16, 4, 12, 13, 5, 9
6_29_14 11, 3, 7, 15, 8, 16
6_3_18 10, 2, 6, 14, 11, 3
5_4_02 2, 10, 14, 6, 7
3_13_00 4,12, 16
4_16_00 4,12, 16, 8
8_31_16 12, 4, 8, 16, 9, 1, 5, 13
4_4_22 12, 4, 8, 16
5_23_18 11, 3, 7, 15, 4
2_7_22 13, 5
7_2_16 9, 1, 5, 13, 6, 14, 2
6_9_22 14, 6, 10, 2, 15, 7
7_30_06 7, 15, 3, 11, 16, 8, 12
7_26_08 7, 15, 3, 11, 4, 12, 16
8_22_16 10, 2, 6, 14, 11, 3, 7, 15
5_25_22 14, 6, 10, 2, 15
3_5_20 12, 4, 8
6_1_14 8, 16, 4, 12, 9, 1
4_2_08 5, 13, 1, 9
6_23_08 6, 14, 2, 10, 7, 15
2_15_18 13, 5
5_25_22 14, 6, 10, 2, 15
7_22_10 7, 15, 3, 11, 4, 12, 16
8_31_22 15, 7, 11, 3, 12, 4, 8, 16
6_26_20 13, 5, 9, 1, 10, 2
2_10_16 7, 15
3_20_08 1, 9, 5
1_11_12 1
4_15_02 5, 13, 1, 9
2_30_00 16, 8
7_6_10 7, 15, 3, 11, 4, 12, 16
8_1_22 12, 4, 8, 16, 13, 5, 9, 1
3_4_14 4, 12, 8
3_31_18 13, 5, 1
7_6_02 3, 11, 15, 7, 16, 8, 12
7_17_06 4, 12, 16, 8, 5, 13, 1
7_25_00 3, 11, 15, 7, 4, 12, 16
3_18_18 6, 14, 2
7_15_06 7, 15, 3, 11, 12, 4, 8
7_17_04 3, 11, 15, 7, 4, 12, 16
8_17_10 6, 14, 2, 10, 7, 15, 3, 11
5_16_20 14, 6, 10, 2, 15
1_16_12 14
8_22_16 10, 2, 6, 14, 11, 3, 7, 15
2_5_18 11, 3
5_7_20 12, 4, 8, 16, 5
8_20_14 8, 16, 4, 12, 9, 1, 5, 13
7_27_22 14, 6, 10, 2, 7, 15, 3
1_7_08 14
8_2_02 2, 10, 14, 6, 3, 11, 15, 7
3_21_10 7, 15, 3
8_27_14 10, 2, 6, 14, 11, 3, 7, 15
4_18_18 10, 2, 6, 14
3_19_08 5, 13, 9
4_19_06 4, 12, 16, 8
2_4_06 16, 8
6_10_12 9, 1, 5, 13, 6, 14
1_9_08 7
3_25_04 5, 13, 1
6_15_04 6, 14, 2, 10, 3, 11
4_22_14 9, 1, 5, 13
5_30_12 10, 2, 6, 14, 3
5_30_06 7, 15, 3, 11, 16
7_6_16 10, 2, 6, 14, 7, 15, 3
1_14_10 5
1_27_12 1
6_16_06 7, 15, 3, 11, 16, 8
7_5_20 12, 4, 8, 16, 13, 5, 9
1_15_18 5
1_31_14 3
5_6_06 5, 13, 1, 9, 2
8_18_22 12, 4, 8, 16, 13, 5, 9, 1
2_16_20 10, 2
6_19_02 2, 10, 14, 6, 3, 11
5_20_10 6, 14, 2, 10, 11
7_7_10 7, 15, 3, 11, 16, 8, 12
8_15_10 9, 1, 5, 13, 6, 14, 2, 10
5_23_02 3, 11, 15, 7, 12
5_22_04 4, 12, 16, 8, 1
6_11_12 9, 1, 5, 13, 10, 2
1_1_18 10
7_14_08 8, 16, 4, 12, 1, 9, 13
2_1_00 1, 9
3_19_22 12, 4, 16
1_14_16 8
7_6_16 10, 2, 6, 14, 7, 15, 3
4_23_14 9, 1, 5, 13
1_6_08 2
3_9_02 4, 12, 16
6_10_02 4, 12, 16, 8, 1, 9
3_11_06 6, 14, 10
5_18_20 11, 3, 7, 15, 8
6_22_08 6, 14, 2, 10, 3, 11
5_6_00 2, 10, 14, 6, 15
4_21_18 11, 3, 7, 15
1_31_00 12
1_5_10 7
4_17_16 9, 1, 5, 13
1_27_18 4
5_25_10 8, 16, 4, 12, 9
5_18_00 1, 9, 13, 5, 14
8_5_20 12, 4, 8, 16, 13, 5, 9, 1
8_30_22 15, 7, 11, 3, 12, 4, 8, 16
7_11_12 9, 1, 5, 13, 2, 10, 14
8_20_04 3, 11, 15, 7, 4, 12, 16, 8
8_30_16 12, 4, 8, 16, 9, 1, 5, 13
8_8_20 12, 4, 8, 16, 13, 5, 9, 1
1_19_20 3
4_19_16 9, 1, 5, 13
2_10_12 5, 13
4_18_06 4, 12, 16, 8
6_16_12 10, 2, 6, 14, 3, 11
1_8_18 15
3_25_00 3, 11, 15
7_13_22 15, 7, 11, 3, 12, 4, 8
1_28_00 7
7_2_02 2, 10, 14, 6, 15, 7, 11
6_4_22 12, 4, 8, 16, 9, 1
6_28_10 8, 16, 4, 12, 5, 13
4_16_08 8, 16, 4, 12
6_2_10 6, 14, 2, 10, 3, 11
3_2_10 2, 10, 14
4_4_04 3, 11, 15, 7
8_12_20 13, 5, 9, 1, 14, 6, 10, 2
5_31_14 11, 3, 7, 15, 16
3_14_20 10, 2, 6
5_4_08 5, 13, 1, 9, 10
8_2_12 7, 15, 3, 11, 8, 16, 4, 12
5_14_12 10, 2, 6, 14, 3
8_29_14 11, 3, 7, 15, 8, 16, 4, 12
7_3_18 10, 2, 6, 14, 3, 11, 15
7_31_02 5, 13, 1, 9, 10, 2, 6
8_29_18 13, 5, 9, 1, 10, 2, 6, 14
1_11_06 14
5_3_04 3, 11, 15, 7, 12
5_26_06 6, 14, 2, 10, 3
6_31_04 6, 14, 2, 10, 3, 11
4_9_14 10, 2, 6, 14
6_5_16 10, 2, 6, 14, 11, 3
2_22_16 6, 14
2_14_22 11, 3
5_19_12 7, 15, 3, 11, 16
6_3_06 4, 12, 16, 8, 5, 13
5_22_12 8, 16, 4, 12, 5
1_5_16 10
1_4_06 8
1_16_14 15
4_23_16 10, 2, 6, 14
3_10_02 16, 8, 12
7_4_08 5, 13, 1, 9, 10, 2, 6
8_23_16 10, 2, 6, 14, 11, 3, 7, 15
7_12_08 7, 15, 3, 11, 12, 4, 8
4_29_16 12, 4, 8, 16
2_2_18 6, 14
3_9_02 4, 12, 16
5_8_04 4, 12, 16, 8, 9
4_9_00 3, 11, 15, 7
7_7_02 3, 11, 15, 7, 12, 4, 8
5_22_00 2, 10, 14, 6, 15
5_23_22 13, 5, 9, 1, 6
8_24_00 2, 10, 14, 6, 3, 11, 15, 7
8_31_22 15, 7, 11, 3, 12, 4, 8, 16
5_13_22 15, 7, 11, 3, 12
1_3_12 15
4_15_14 11, 3, 7, 15
4_1_16 9, 1, 5, 13
7_10_18 12, 4, 8, 16, 9, 1, 5
1_21_02 3
7_23_20 12, 4, 8, 16, 5, 13, 1
3_19_06 4, 12, 8
3_12_12 5, 13, 9
3_4_16 5, 13, 9
5_17_04 3, 11, 15, 7, 4
2_29_04 6, 14
4_28_06 6, 14, 2, 10
7_28_22 14, 6, 10, 2, 3, 11, 15
2_9_14 10, 2
8_26_20 13, 5, 9, 1, 14, 6, 10, 2
6_26_02 4, 12, 16, 8, 1, 9
7_19_10 6, 14, 2, 10, 15, 7, 11
8_27_22 14, 6, 10, 2, 15, 7, 11, 3
5_12_20 13, 5, 9, 1, 2
7_15_16 12, 4, 8, 16, 1, 9, 13
2_11_14 10, 2
2_16_16 8, 16
3_13_00 4,12, 16
7_30_08 8, 16, 4, 12, 1, 9, 13
6_1_10 6, 14, 2, 10, 7, 15
6_4_06 4, 12, 16, 8, 1, 9
3_6_06 1, 9, 13
8_27_20 13, 5, 9, 1, 14, 6, 10, 2
7_1_16 9, 1, 5, 13, 10, 2, 6
4_21_04 4, 12, 16, 8
8_21_16 10, 2, 6, 14, 11, 3, 7, 15
1_22_16 6
4_26_18 12, 4, 8, 16
1_8_02 7
7_14_00 4, 12, 16, 8, 13, 5, 9
2_12_04 1, 9
8_13_10 9, 1, 5, 13, 6, 14, 2, 10
8_2_10 6, 14, 2, 10, 7, 15, 3, 11
1_22_22 9
8_19_14 8, 16, 4, 12, 9, 1, 5, 13
7_17_08 5, 13, 1, 9, 6, 14, 2
6_18_12 7, 15, 3, 11, 4, 12
1_12_02 8
2_5_20 12, 4
7_18_18 10, 2, 6, 14, 7, 15, 3
3_12_22 10, 2, 14
7_28_10 8, 16, 4, 12, 13, 5, 9
4_31_00 4,12, 16, 8
1_27_06 14
2_15_08 8, 16
8_15_18 13, 5, 9, 1, 10, 2, 6, 14
5_27_00 3, 11, 15, 7, 12
5_6_06 5, 13, 1, 9, 2
2_11_00 3, 11
4_15_10 9, 1, 5, 13
2_17_06 4, 12
8_12_00 3, 11, 15, 7, 4, 12, 16, 8
7_6_12 8, 16, 4, 12, 5, 13, 1
4_17_20 11, 3, 7, 15
7_14_06 7, 15, 3, 11, 16, 8, 12
8_19_22 12, 4, 8, 16, 13, 5, 9, 1
8_12_02 4, 12, 16, 8, 5, 13, 1, 9
3_16_04 2, 10, 6
7_21_18 11, 3, 7, 15, 12, 4, 8
1_1_04 3
6_16_12 10, 2, 6, 14, 3, 11
2_30_12 6, 14
1_10_16 7
3_25_10 8, 16, 4
1_12_04 9
1_11_20 5
2_9_14 10, 2
5_10_14 10, 2, 6, 14, 7
8_13_16 12, 4, 8, 16, 9, 1, 5, 13
4_6_16 10, 2, 6, 14
4_26_06 6, 14, 2, 10
1_19_08 13
4_2_20 11, 3, 7, 15
2_27_16 11, 3
3_14_16 8, 16, 4
1_19_08 13
5_16_22 15, 7, 11, 3, 16
3_29_18 13, 5, 9
8_21_16 10, 2, 6, 14, 11, 3, 7, 15
7_10_12 9, 1, 5, 13, 6, 14, 2
6_30_10 9, 1, 5, 13, 2, 10
5_13_20 14, 6, 10, 2, 11
1_19_14 16
4_20_10 6, 14, 2, 10
2_6_18 7, 15
6_5_22 13, 5, 9, 1, 14, 6
7_17_12 7, 15, 3, 11, 8, 16, 4
7_16_04 6, 14, 2, 10, 7, 15, 3
5_23_18 11, 3, 7, 15, 4
2_17_20 11, 3
4_14_08 8, 16, 4, 12
5_24_00 2, 10, 14, 6, 7
8_8_08 6, 14, 2, 10, 7, 15, 3, 11
8_30_10 9, 1, 5, 13, 6, 14, 2, 10
1_28_20 1
7_28_10 8, 16, 4, 12, 13, 5, 9
2_3_18 10, 2
2_16_10 5, 13
1_19_16 1
5_11_14 10, 2, 6, 14, 3
8_7_16 10, 2, 6, 14, 11, 3, 7, 15
6_4_00 1, 9, 13, 5, 14, 6
7_29_16 12, 4, 8, 16, 9, 1, 5
3_8_04 16, 8, 4
3_21_08 6, 14, 2
3_1_10 6, 14, 2
4_1_06 4, 12, 16, 8
7_25_02 4, 12, 16, 8, 5, 13, 1
5_3_12 7, 15, 3, 11, 16
8_27_16 11, 3, 7, 15, 12, 4, 8, 16
6_19_14 8, 16, 4, 12, 9, 1
8_30_00 4, 12, 16, 8, 1, 9, 13, 5
6_3_00 1, 9, 13, 5, 2, 10
7_5_02 3, 11, 15, 7, 4, 12, 16
2_9_08 7, 15
1_14_04 2
8_8_04 4, 12, 16, 8, 5, 13, 1, 9
2_14_22 11, 3
5_1_22 12, 4, 8, 16, 13
7_27_18 12, 4, 8, 16, 5, 13, 1
7_20_22 12, 4, 8, 16, 1, 9, 13
1_8_00 6
8_6_10 7, 15, 3, 11, 8, 16, 4, 12
8_18_14 8, 16, 4, 12, 9, 1, 5, 13
8_5_20 12, 4, 8, 16, 13, 5, 9, 1
6_15_06 7, 15, 3, 11, 4, 12
1_17_08 5
6_23_12 8, 16, 4, 12, 9, 1
8_13_00 4, 12, 16, 8, 1, 9, 13, 5
6_23_12 8, 16, 4, 12, 9, 1
8_12_06 6, 14, 2, 10, 7, 15, 3, 11
7_11_16 11, 3, 7, 15, 4, 12, 16
1_27_16 3
8_29_18 13, 5, 9, 1, 10, 2, 6, 14
3_10_04 1, 9, 13
5_1_06 4, 12, 16, 8, 5
8_15_20 14, 6, 10, 2, 11, 3, 7, 15
5_14_14 11, 3, 7, 15, 4
3_14_06 3, 11, 15
3_24_00 14, 6, 2
4_11_16 11, 3, 7, 15
1_18_06 16
2_13_14 11, 3
1_24_14 13
7_17_14 8, 16, 4, 12, 9, 1, 5
3_27_12 9, 1, 13
8_17_08 5, 13, 1, 9, 6, 14, 2, 10
1_18_20 7
3_3_16 9, 1, 13
6_9_00 3, 11, 15, 7, 4, 12
6_7_02 3, 11, 15, 7, 4, 12
3_1_00 1, 9, 13
4_17_20 11, 3, 7, 15
8_12_00 3, 11, 15, 7, 4, 12, 16, 8
2_29_04 6, 14
3_22_20 8, 16, 4
7_22_12 8, 16, 4, 12, 5, 13, 1
6_29_16 12, 4, 8, 16, 9, 1
8_21_18 11, 3, 7, 15, 12, 4, 8, 16
3_18_04 15, 7, 11
4_2_02 2, 10, 14, 6
8_8_20 12, 4, 8, 16, 13, 5, 9, 1
4_1_10 6, 14, 2, 10
3_26_04 1, 9, 13
4_6_04 4, 12, 16, 8
2_17_18 10, 2
6_11_14 10, 2, 6, 14, 11, 3
8_4_08 5, 13, 1, 9, 6, 14, 2, 10
4_12_08 7, 15, 3, 11
3_4_14 4, 12, 8
1_7_02 11
7_24_02 3, 11, 15, 7, 8, 16, 4
5_23_14 9, 1, 5, 13, 2
4_18_00 1, 9, 13, 5
3_12_08 3, 11, 7
1_1_04 3
5_22_16 10, 2, 6, 14, 7
7_22_14 9, 1, 5, 13, 6, 14, 2
6_1_12 7, 15, 3, 11, 8, 16
2_26_18 8, 16
3_10_10 4, 12, 16
4_6_06 5, 13, 1, 9
4_23_14 9, 1, 5, 13
2_29_10 9, 1
4_5_22 13, 5, 9, 1
3_3_12 7, 15, 11
2_25_22 14, 6
4_12_02 4, 12, 16, 8
1_21_20 12
6_25_02 4, 12, 16, 8, 5, 13
5_29_22 15, 7, 11, 3, 12
1_3_22 4
2_26_14 6, 14
4_22_08 6, 14, 2, 10
3_12_16 7, 15, 11
8_27_00 3, 11, 15, 7, 4, 12, 16, 8
4_12_06 6, 14, 2, 10
1_20_06 8
1_13_22 15
1_6_20 8
2_8_06 1, 9
2_25_20 13, 5
4_31_10 9, 1, 5, 13
5_23_10 7, 15, 3, 11, 16
8_31_00 4, 12, 16, 8, 1, 9, 13, 5
1_13_06 7
2_12_22 10, 2
1_29_02 5
6_13_02 5, 13, 1, 9, 2, 10
1_4_18 14
3_18_18 6, 14, 2
5_27_10 8, 16, 4, 12, 1
6_13_06 7, 15, 3, 11, 4, 12
1_3_22 4
1_26_14 6
5_28_12 9, 1, 5, 13, 14
7_11_12 9, 1, 5, 13, 2, 10, 14
7_1_02 2, 10, 14, 6, 3, 11, 15
1_9_08 7
5_24_12 8, 16, 4, 12, 13
6_17_22 12, 4, 8, 16, 13, 5
8_27_04 5, 13, 1, 9, 6, 14, 2, 10
7_5_18 11, 3, 7, 15, 12, 4, 8
4_17_08 5, 13, 1, 9
8_25_18 12, 4, 8, 16, 13, 5, 9, 1
2_25_16 11, 3
2_16_12 6, 14
4_16_20 14, 6, 10, 2
5_12_08 7, 15, 3, 11, 12
7_12_04 5, 13, 1, 9, 10, 2, 6
4_20_06 4, 12, 16, 8
2_30_06 3, 11
4_25_00 3, 11, 15, 7
8_31_00 4, 12, 16, 8, 1, 9, 13, 5
5_21_06 5, 13, 1, 9, 6
1_13_02 5
2_3_02 2, 10
8_24_18 11, 3, 7, 15, 12, 4, 8, 16
2_7_06 5, 13
2_28_08 3, 11
8_31_20 14, 6, 10, 2, 11, 3, 7, 15
3_8_02 15, 7, 3
4_3_22 12, 4, 8, 16
7_9_04 5, 13, 1, 9, 6, 14, 2
3_1_00 1, 9, 13
6_21_06 5, 13, 1, 9, 6, 14
5_27_02 4, 12, 16, 8, 13
5_10_14 10, 2, 6, 14, 7
3_11_12 9, 1, 13
5_11_04 5, 13, 1, 9, 14
2_30_02 1, 9
7_1_04 3, 11, 15, 7, 4, 12, 16
5_23_12 8, 16, 4, 12, 1
7_31_06 7, 15, 3, 11, 12, 4, 8
7_18_00 1, 9, 13, 5, 14, 6, 10
3_25_08 7, 15, 3
6_3_08 5, 13, 1, 9, 6, 14
5_13_10 9, 1, 5, 13, 6
3_23_10 7, 15, 11
8_24_02 3, 11, 15, 7, 4, 12, 16, 8
8_14_10 9, 1, 5, 13, 6, 14, 2, 10
4_14_10 9, 1, 5, 13
7_11_20 13, 5, 9, 1, 6, 14, 2
1_14_00 16
3_26_16 7, 15, 3
5_5_06 5, 13, 1, 9, 6
5_13_10 9, 1, 5, 13, 6
7_26_10 8, 16, 4, 12, 5, 13, 1
8_29_04 6, 14, 2, 10, 3, 11, 15, 7
1_11_10 16
2_13_16 12, 4
1_22_06 1
1_26_00 15
1_6_00 14
5_20_12 7, 15, 3, 11, 12
1_31_12 2
1_27_22 6
1_3_18 2
4_25_16 11, 3, 7, 15
6_24_08 6, 14, 2, 10, 3, 11
3_25_20 13, 5, 9
4_9_12 9, 1, 5, 13
8_9_18 12, 4, 8, 16, 13, 5, 9, 1
2_2_02 14, 6
2_17_12 7, 15
1_22_02 15
8_29_02 5, 13, 1, 9, 2, 10, 14, 6
6_19_10 6, 14, 2, 10, 7, 15
2_12_04 1, 9
3_8_16 6, 14, 10
2_20_04 15, 7
3_22_22 9, 1, 5
3_27_04 5, 13, 9
6_20_12 7, 15, 3, 11, 4, 12
4_27_08 7, 15, 3, 11
8_30_10 9, 1, 5, 13, 6, 14, 2, 10
2_26_22 10, 2
5_8_00 2, 10, 14, 6, 7
7_15_20 14, 6, 10, 2, 3, 11, 15
5_17_12 7, 15, 3, 11, 8
6_7_10 7, 15, 3, 11, 8, 16
7_30_04 6, 14, 2, 10, 15, 7, 11
7_17_08 5, 13, 1, 9, 6, 14, 2
5_15_22 15, 7, 11, 3, 4
5_28_00 3, 11, 15, 7, 8
3_23_00 2, 10, 6
1_14_16 8
7_3_10 6, 14, 2, 10, 15, 7, 11
2_1_18 10, 2
1_17_18 10
5_24_06 5, 13, 1, 9, 10
4_18_10 6, 14, 2, 10
2_5_10 7, 15
7_8_06 5, 13, 1, 9, 10, 2, 6
8_1_06 4, 12, 16, 8, 5, 13, 1, 9
7_5_02 3, 11, 15, 7, 4, 12, 16
8_25_22 14, 6, 10, 2, 15, 7, 11, 3
2_24_12 4, 12
6_21_18 11, 3, 7, 15, 12, 4
4_21_14 9, 1, 5, 13
3_16_16 8, 16, 12
6_25_14 10, 2, 6, 14, 11, 3
2_24_20 8, 16
8_3_10 6, 14, 2, 10, 7, 15, 3, 11
4_6_22 13, 5, 9, 1
7_20_06 4, 12, 16, 8, 9, 1, 5
1_3_10 14
1_16_06 11
5_6_02 3, 11, 15, 7, 16
1_17_14 8
4_26_16 11, 3, 7, 15
8_19_08 5, 13, 1, 9, 6, 14, 2, 10
3_17_04 3, 11, 15
3_8_18 7, 15, 11
7_17_18 10, 2, 6, 14, 11, 3, 7
1_18_14 4
5_17_22 12, 4, 8, 16, 13
5_25_06 6, 14, 2, 10, 7
5_3_14 8, 16, 4, 12, 1
4_5_20 12, 4, 8, 16
4_8_18 11, 3, 7, 15
6_14_16 12, 4, 8, 16, 5, 13
7_26_06 6, 14, 2, 10, 3, 11, 15
4_25_00 3, 11, 15, 7
4_7_22 13, 5, 9, 1
8_13_18 13, 5, 9, 1, 10, 2, 6, 14
3_26_08 3, 11, 15
4_26_18 12, 4, 8, 16
2_12_04 1, 9
5_30_22 15, 7, 11, 3, 8
3_28_16 7, 15, 11
5_7_04 4, 12, 16, 8, 13
3_13_22 15, 7, 11
2_25_00 3, 11
7_6_08 6, 14, 2, 10, 3, 11, 15
7_1_00 1, 9, 13, 5, 2, 10, 14
2_8_04 16, 8
7_9_08 7, 15, 3, 11, 8, 16, 4
5_1_22 12, 4, 8, 16, 13
2_23_12 8, 16
7_13_22 15, 7, 11, 3, 12, 4, 8
2_31_10 9, 1
8_23_02 3, 11, 15, 7, 4, 12, 16, 8
7_20_18 10, 2, 6, 14, 15, 7, 11
4_13_06 7, 15, 3, 11
3_25_08 7, 15, 3
3_22_18 7, 15, 3
3_15_16 12, 4, 16
6_2_22 12, 4, 8, 16, 9, 1
8_26_12 9, 1, 5, 13, 10, 2, 6, 14
7_14_06 7, 15, 3, 11, 16, 8, 12
2_6_02 15, 7
8_26_08 7, 15, 3, 11, 8, 16, 4, 12
5_22_20 12, 4, 8, 16, 9
1_1_06 4
2_14_22 11, 3
3_21_16 10, 2, 6
6_17_18 10, 2, 6, 14, 11, 3
3_6_20 8, 16, 4
1_14_06 3
3_17_04 3, 11, 15
5_11_08 7, 15, 3, 11, 16
5_4_00 1, 9, 13, 5, 6
7_30_16 12, 4, 8, 16, 5, 13, 1
4_13_00 4,12, 16, 8
3_27_18 12, 4, 16
5_30_16 12, 4, 8, 16, 5
2_7_06 5, 13
8_28_12 9, 1, 5, 13, 10, 2, 6, 14
1_27_22 6
1_6_22 9
3_29_06 7, 15, 3
2_21_22 13, 5
3_6_00 14, 6, 10
1_7_14 1
3_19_18 10, 2, 14
7_18_16 9, 1, 5, 13, 6, 14, 2
7_30_12 10, 2, 6, 14, 3, 11, 15
3_16_08 4, 12, 8
8_18_18 10, 2, 6, 14, 11, 3, 7, 15
7_14_02 5, 13, 1, 9, 14, 6, 10
8_6_00 2, 10, 14, 6, 3, 11, 15, 7
5_19_20 11, 3, 7, 15, 4
4_6_18 11, 3, 7, 15
4_30_22 15, 7, 11, 3
2_26_00 15, 7
2_5_02 3, 11
1_31_10 1
7_9_16 11, 3, 7, 15, 12, 4, 8
6_26_20 13, 5, 9, 1, 10, 2
4_22_08 6, 14, 2, 10
6_23_22 13, 5, 9, 1, 14, 6
2_4_06 16, 8
2_11_02 4, 12
6_5_06 5, 13, 1, 9, 6, 14
2_19_08 5, 13
4_22_04 4, 12, 16, 8
7_11_10 8, 16, 4, 12, 1, 9, 13
5_2_22 12, 4, 8, 16, 9
2_5_08 6, 14
7_22_08 6, 14, 2, 10, 3, 11, 15
6_24_02 3, 11, 15, 7, 16, 8
1_19_06 12
7_26_08 7, 15, 3, 11, 4, 12, 16
6_20_18 10, 2, 6, 14, 7, 15
8_31_06 7, 15, 3, 11, 4, 12, 16, 8
7_16_16 12, 4, 8, 16, 13, 5, 9
3_15_08 8, 16, 12
1_4_22 16
5_6_00 2, 10, 14, 6, 15
6_2_08 5, 13, 1, 9, 2, 10
2_31_18 13, 5
2_4_10 2, 10
7_18_16 9, 1, 5, 13, 6, 14, 2
3_15_06 7, 15, 11
7_19_14 8, 16, 4, 12, 1, 9, 13
6_1_08 5, 13, 1, 9, 6, 14
7_27_06 6, 14, 2, 10, 15, 7, 11
4_13_14 11, 3, 7, 15
5_16_14 11, 3, 7, 15, 12
5_21_00 2, 10, 14, 6, 3
7_4_14 8, 16, 4, 12, 13, 5, 9
7_1_10 6, 14, 2, 10, 7, 15, 3
7_24_20 12, 4, 8, 16, 1, 9, 13
1_4_12 11
8_19_04 3, 11, 15, 7, 4, 12, 16, 8
2_24_22 9, 1
4_18_02 2, 10, 14, 6
2_16_06 3, 11
2_1_08 5, 13
8_3_06 4, 12, 16, 8, 5, 13, 1, 9
3_17_22 12, 4, 8
5_10_12 9, 1, 5, 13, 6
8_10_22 14, 6, 10, 2, 15, 7, 11, 3
5_13_20 14, 6, 10, 2, 11
5_26_16 11, 3, 7, 15, 8
4_9_00 3, 11, 15, 7
8_24_04 4, 12, 16, 8, 5, 13, 1, 9
7_16_02 5, 13, 1, 9, 6, 14, 2
8_12_20 13, 5, 9, 1, 14, 6, 10, 2
2_22_06 1, 9
7_5_20 12, 4, 8, 16, 13, 5, 9
5_12_04 5, 13, 1, 9, 10
2_28_02 16, 8
8_1_08 5, 13, 1, 9, 6, 14, 2, 10
3_5_22 13, 5, 9
4_18_14 8, 16, 4, 12
4_4_20 11, 3, 7, 15
5_22_22 13, 5, 9, 1, 10
5_17_08 5, 13, 1, 9, 6
7_18_02 2, 10, 14, 6, 15, 7, 11
4_30_02 5, 13, 1, 9
1_22_18 7
4_13_08 8, 16, 4, 12
1_10_00 15
6_16_16 12, 4, 8, 16, 5, 13
7_22_02 3, 11, 15, 7, 16, 8, 12
6_14_04 6, 14, 2, 10, 15, 7
4_11_04 5, 13, 1, 9
5_9_16 11, 3, 7, 15, 12
5_30_18 13, 5, 9, 1, 6
4_29_10 9, 1, 5, 13
7_14_06 7, 15, 3, 11, 16, 8, 12
5_14_02 5, 13, 1, 9, 14
3_3_06 4, 12, 8
7_14_10 9, 1, 5, 13, 2, 10, 14
2_7_02 3, 11
5_27_10 8, 16, 4, 12, 1
3_26_22 10, 2, 6
