2_1_02 2, 10
8_17_06 4, 12, 16, 8, 5, 13, 1, 9
8_9_10 8, 16, 4, 12, 9, 1, 5, 13
7_1_04 3, 11, 15, 7, 4, 12, 16
8_8_16 10, 2, 6, 14, 11, 3, 7, 15
7_12_06 6, 14, 2, 10, 11, 3, 7
8_21_00 2, 10, 14, 6, 3, 11, 15, 7
1_5_14 9
7_4_02 2, 10, 14, 6, 7, 15, 3
8_10_06 6, 14, 2, 10, 7, 15, 3, 11
1_17_10 6
4_7_06 5, 13, 1, 9
5_4_16 9, 1, 5, 13, 14
2_22_02 15, 7
7_14_08 8, 16, 4, 12, 1, 9, 13
2_26_12 5, 13
4_2_14 8, 16, 4, 12
2_9_12 9, 1
2_11_08 7, 15
7_20_14 8, 16, 4, 12, 13, 5, 9
8_6_10 7, 15, 3, 11, 8, 16, 4, 12
7_22_20 12, 4, 8, 16, 9, 1, 5
8_5_02 3, 11, 15, 7, 4, 12, 16, 8
1_15_02 13
3_31_02 5, 13, 9
3_17_14 8, 16, 4
3_1_22 12, 4, 8
7_23_00 2, 10, 14, 6, 11, 3, 7
2_29_00 4,12
1_13_20 14
1_4_00 5
5_19_18 10, 2, 6, 14, 3
6_20_02 2, 10, 14, 6, 15, 7
1_6_10 3
5_1_08 5, 13, 1, 9, 6
6_18_20 11, 3, 7, 15, 8, 16
2_3_10 6, 14
7_18_20 11, 3, 7, 15, 8, 16, 4
2_13_20 14, 6
3_22_20 8, 16, 4
8_5_20 12, 4, 8, 16, 13, 5, 9, 1
1_31_02 13
4_27_08 7, 15, 3, 11
8_22_18 11, 3, 7, 15, 12, 4, 8, 16
2_27_06 6, 14
5_10_10 8, 16, 4, 12, 5
7_8_18 11, 3, 7, 15, 16, 8, 12
8_4_02 2, 10, 14, 6, 3, 11, 15, 7
1_18_18 6
3_7_00 2, 10, 6
7_30_02 5, 13, 1, 9, 14, 6, 10
7_13_20 14, 6, 10, 2, 11, 3, 7
1_13_20 14
8_9_02 4, 12, 16, 8, 5, 13, 1, 9
7_24_14 9, 1, 5, 13, 14, 6, 10
5_23_06 5, 13, 1, 9, 14
3_30_10 5, 13, 1
6_13_04 6, 14, 2, 10, 3, 11
8_29_00 4, 12, 16, 8, 1, 9, 13, 5
4_14_18 13, 5, 9, 1
1_29_16 12
3_31_06 7, 15, 11
8_21_10 7, 15, 3, 11, 8, 16, 4, 12
3_29_14 11, 3, 7
8_17_02 2, 10, 14, 6, 3, 11, 15, 7
2_2_18 6, 14
4_7_02 3, 11, 15, 7
7_7_00 2, 10, 14, 6, 11, 3, 7
4_21_20 12, 4, 8, 16
6_27_02 4, 12, 16, 8, 5, 13
1_5_08 6
5_31_18 13, 5, 9, 1, 2
7_22_18 11, 3, 7, 15, 8, 16, 4
2_20_12 3, 11
7_23_20 12, 4, 8, 16, 5, 13, 1
5_24_00 2, 10, 14, 6, 7
7_25_18 12, 4, 8, 16, 13, 5, 9
7_31_18 13, 5, 9, 1, 2, 10, 14
8_21_04 4, 12, 16, 8, 5, 13, 1, 9
8_29_18 13, 5, 9, 1, 10, 2, 6, 14
6_16_06 7, 15, 3, 11, 16, 8
7_17_16 9, 1, 5, 13, 10, 2, 6
5_27_00 3, 11, 15, 7, 12
4_5_12 8, 16, 4, 12
1_31_08 16
4_28_06 6, 14, 2, 10
8_22_08 6, 14, 2, 10, 7, 15, 3, 11
8_4_12 7, 15, 3, 11, 8, 16, 4, 12
1_9_00 3
6_25_06 6, 14, 2, 10, 7, 15
5_5_04 4, 12, 16, 8, 5
5_5_14 9, 1, 5, 13, 10
6_22_10 7, 15, 3, 11, 4, 12
8_9_02 4, 12, 16, 8, 5, 13, 1, 9
3_4_14 4, 12, 8
2_6_22 9, 1
6_25_08 7, 15, 3, 11, 8, 16
2_13_02 5, 13
7_21_04 4, 12, 16, 8, 5, 13, 1
2_12_14 6, 14
1_6_16 6
1_23_04 12
8_9_22 14, 6, 10, 2, 15, 7, 11, 3
8_12_20 13, 5, 9, 1, 14, 6, 10, 2
2_5_18 11, 3
3_28_10 4, 12, 8
8_5_10 7, 15, 3, 11, 8, 16, 4, 12
1_18_00 13
4_19_14 8, 16, 4, 12
7_5_10 7, 15, 3, 11, 8, 16, 4
6_18_16 9, 1, 5, 13, 6, 14
5_3_10 6, 14, 2, 10, 15
1_22_02 15
8_28_12 9, 1, 5, 13, 10, 2, 6, 14
1_25_04 5
5_7_04 4, 12, 16, 8, 13
7_29_12 10, 2, 6, 14, 7, 15, 3
6_31_16 12, 4, 8, 16, 9, 1
3_13_22 15, 7, 11
8_5_14 9, 1, 5, 13, 10, 2, 6, 14
7_8_16 10, 2, 6, 14, 15, 7, 11
8_2_10 6, 14, 2, 10, 7, 15, 3, 11
5_30_16 12, 4, 8, 16, 5
4_23_02 3, 11, 15, 7
7_13_02 5, 13, 1, 9, 2, 10, 14
5_9_10 8, 16, 4, 12, 9
8_25_08 7, 15, 3, 11, 8, 16, 4, 12
4_6_06 5, 13, 1, 9
1_22_06 1
2_29_10 9, 1
2_4_12 3, 11
7_12_00 3, 11, 15, 7, 8, 16, 4
1_24_00 6
1_31_02 13
7_16_12 10, 2, 6, 14, 11, 3, 7
3_18_16 5, 13, 1
2_10_18 8, 16
1_29_02 5
6_28_16 11, 3, 7, 15, 8, 16
2_21_04 4, 12
4_27_04 5, 13, 1, 9
4_4_14 8, 16, 4, 12
5_8_20 12, 4, 8, 16, 1
1_15_10 1
3_29_04 6, 14, 2
6_10_06 6, 14, 2, 10, 3, 11
1_15_02 13
5_3_08 5, 13, 1, 9, 14
5_6_12 8, 16, 4, 12, 5
1_7_02 11
6_3_02 2, 10, 14, 6, 3, 11
6_17_02 2, 10, 14, 6, 3, 11
7_20_20 11, 3, 7, 15, 16, 8, 12
7_20_00 1, 9, 13, 5, 6, 14, 2
5_25_12 9, 1, 5, 13, 10
1_31_08 16
2_21_14 9, 1
4_22_02 3, 11, 15, 7
7_29_22 15, 7, 11, 3, 12, 4, 8
4_28_04 5, 13, 1, 9
5_6_10 7, 15, 3, 11, 4
7_24_06 5, 13, 1, 9, 10, 2, 6
4_18_22 12, 4, 8, 16
4_8_06 5, 13, 1, 9
5_5_14 9, 1, 5, 13, 10
1_10_18 8
6_26_02 4, 12, 16, 8, 1, 9
4_12_10 8, 16, 4, 12
2_12_18 8, 16
8_6_14 9, 1, 5, 13, 10, 2, 6, 14
4_1_14 8, 16, 4, 12
6_21_06 5, 13, 1, 9, 6, 14
1_25_12 9
2_22_16 6, 14
5_29_10 9, 1, 5, 13, 6
2_5_02 3, 11
6_12_10 8, 16, 4, 12, 5, 13
6_2_20 11, 3, 7, 15, 8, 16
2_23_08 6, 14
5_23_18 11, 3, 7, 15, 4
8_4_10 6, 14, 2, 10, 7, 15, 3, 11
6_20_22 12, 4, 8, 16, 9, 1
2_12_18 8, 16
3_8_16 6, 14, 10
2_30_22 11, 3
2_8_02 15, 7
1_21_18 11
3_15_06 7, 15, 11
1_27_08 15
3_9_22 14, 6, 10
5_31_16 12, 4, 8, 16, 1
5_28_12 9, 1, 5, 13, 14
7_4_02 2, 10, 14, 6, 7, 15, 3
5_28_10 8, 16, 4, 12, 13
5_29_02 5, 13, 1, 9, 2
4_1_14 8, 16, 4, 12
4_21_12 8, 16, 4, 12
8_15_20 14, 6, 10, 2, 11, 3, 7, 15
4_15_12 10, 2, 6, 14
1_1_12 7
1_24_08 10
3_3_08 5, 13, 9
4_27_14 10, 2, 6, 14
4_25_14 10, 2, 6, 14
3_1_00 1, 9, 13
2_24_22 9, 1
2_10_08 3, 11
2_17_20 11, 3
2_21_06 5, 13
6_16_14 11, 3, 7, 15, 4, 12
5_2_12 7, 15, 3, 11, 4
1_22_12 4
3_9_02 4, 12, 16
7_19_02 2, 10, 14, 6, 11, 3, 7
5_30_22 15, 7, 11, 3, 8
6_9_14 10, 2, 6, 14, 11, 3
1_31_10 1
6_9_10 8, 16, 4, 12, 9, 1
8_14_10 9, 1, 5, 13, 6, 14, 2, 10
7_18_16 9, 1, 5, 13, 6, 14, 2
5_9_18 12, 4, 8, 16, 13
8_5_14 9, 1, 5, 13, 10, 2, 6, 14
8_4_08 5, 13, 1, 9, 6, 14, 2, 10
7_10_06 6, 14, 2, 10, 3, 11, 15
6_19_18 10, 2, 6, 14, 11, 3
8_2_20 11, 3, 7, 15, 12, 4, 8, 16
7_14_12 10, 2, 6, 14, 3, 11, 15
3_26_16 7, 15, 3
5_14_00 4, 12, 16, 8, 13
2_23_14 9, 1
1_20_18 14
7_19_20 11, 3, 7, 15, 4, 12, 16
1_23_12 16
4_12_02 4, 12, 16, 8
4_22_18 11, 3, 7, 15
8_30_08 8, 16, 4, 12, 5, 13, 1, 9
3_9_12 9, 1, 5
6_3_04 3, 11, 15, 7, 4, 12
5_15_18 13, 5, 9, 1, 2
6_27_02 4, 12, 16, 8, 5, 13
2_1_16 9, 1
8_6_00 2, 10, 14, 6, 3, 11, 15, 7
5_18_16 9, 1, 5, 13, 6
7_15_04 6, 14, 2, 10, 11, 3, 7
8_20_10 6, 14, 2, 10, 7, 15, 3, 11
4_9_16 11, 3, 7, 15
8_16_04 6, 14, 2, 10, 3, 11, 15, 7
7_10_02 4, 12, 16, 8, 1, 9, 13
8_29_12 10, 2, 6, 14, 7, 15, 3, 11
8_22_18 11, 3, 7, 15, 12, 4, 8, 16
5_10_04 5, 13, 1, 9, 2
7_20_00 1, 9, 13, 5, 6, 14, 2
3_9_16 11, 3, 7
8_30_00 4, 12, 16, 8, 1, 9, 13, 5
1_19_20 3
3_11_16 11, 3, 15
7_28_02 4, 12, 16, 8, 9, 1, 5
2_12_12 5, 13
5_1_10 6, 14, 2, 10, 7
2_26_12 5, 13
5_17_00 1, 9, 13, 5, 2
3_19_12 7, 15, 11
3_11_16 11, 3, 15
4_16_04 6, 14, 2, 10
2_17_04 3, 11
5_5_08 6, 14, 2, 10, 7
1_27_06 14
4_23_08 6, 14, 2, 10
8_21_10 7, 15, 3, 11, 8, 16, 4, 12
8_1_04 3, 11, 15, 7, 4, 12, 16, 8
3_20_00 13, 5, 1
2_31_16 12, 4
1_1_02 2
1_16_12 14
7_22_18 11, 3, 7, 15, 8, 16, 4
6_30_20 14, 6, 10, 2, 7, 15
2_29_04 6, 14
3_28_18 8, 16, 12
4_6_18 11, 3, 7, 15
6_10_22 14, 6, 10, 2, 11, 3
8_23_04 4, 12, 16, 8, 5, 13, 1, 9
4_12_10 8, 16, 4, 12
7_29_12 10, 2, 6, 14, 7, 15, 3
5_25_10 8, 16, 4, 12, 9
7_22_04 4, 12, 16, 8, 1, 9, 13
4_31_08 8, 16, 12
7_9_04 5, 13, 1, 9, 6, 14, 2
1_20_06 8
5_15_10 9, 1, 5, 13, 14
8_3_02 2, 10, 14, 6, 3, 11, 15, 7
4_8_14 9, 1, 5, 13
7_15_02 5, 13, 1, 9, 10, 2, 6
7_13_22 15, 7, 11, 3, 12, 4, 8
2_6_12 4, 12
7_14_08 8, 16, 4, 12, 1, 9, 13
5_14_08 8, 16, 4, 12, 1
1_4_12 11
3_13_08 8, 16, 4
3_15_22 15, 7, 3
2_3_04 3, 11
5_9_02 4, 12, 16, 8, 5
3_12_00 15, 7, 3
3_7_16 10, 2, 14
7_15_16 12, 4, 8, 16, 1, 9, 13
6_4_20 11, 3, 7, 15, 8, 16
2_8_22 9, 1
5_11_22 14, 6, 10, 2, 7
5_21_12 8, 16, 4, 12, 9
3_25_14 10, 2, 6
8_26_00 3, 11, 15, 7, 4, 12, 16, 8
3_7_22 13, 5, 1
3_29_10 9, 1, 5
2_5_06 5, 13
3_20_14 4, 12, 8
6_24_20 12, 4, 8, 16, 9, 1
4_7_22 13, 5, 9, 1
3_4_08 1, 9, 5
8_16_12 10, 2, 6, 14, 7, 15, 3, 11
7_3_20 11, 3, 7, 15, 4, 12, 16
2_5_12 8, 16
2_26_14 6, 14
5_12_20 13, 5, 9, 1, 2
5_21_00 2, 10, 14, 6, 3
8_28_22 14, 6, 10, 2, 15, 7, 11, 3
8_20_14 8, 16, 4, 12, 9, 1, 5, 13
5_17_06 4, 12, 16, 8, 5
1_20_20 15
2_16_20 10, 2
2_4_02 14, 6
4_31_02 5, 13, 1, 9
3_5_00 2, 10, 14
7_24_06 5, 13, 1, 9, 10, 2, 6
1_29_14 11
5_4_06 4, 12, 16, 8, 9
6_12_08 7, 15, 3, 11, 4, 12
6_14_06 7, 15, 3, 11, 16, 8
2_7_18 11, 3
8_25_02 4, 12, 16, 8, 5, 13, 1, 9
1_2_14 4
8_16_10 9, 1, 5, 13, 6, 14, 2, 10
6_18_20 11, 3, 7, 15, 8, 16
8_10_00 3, 11, 15, 7, 4, 12, 16, 8
7_19_18 10, 2, 6, 14, 3, 11, 15
7_4_20 11, 3, 7, 15, 16, 8, 12
3_25_04 5, 13, 1
6_19_12 7, 15, 3, 11, 8, 16
5_31_16 12, 4, 8, 16, 1
5_14_22 15, 7, 11, 3, 8
5_29_16 12, 4, 8, 16, 9
4_12_18 12, 4, 8, 16
2_5_04 4, 12
3_5_02 3, 11, 15
2_19_22 12, 4
7_3_22 12, 4, 8, 16, 5, 13, 1
8_8_00 2, 10, 14, 6, 3, 11, 15, 7
5_21_20 12, 4, 8, 16, 13
2_13_00 4,12
8_29_08 8, 16, 4, 12, 5, 13, 1, 9
2_18_16 5, 13
7_10_08 7, 15, 3, 11, 4, 12, 16
6_16_08 8, 16, 4, 12, 1, 9
8_13_02 5, 13, 1, 9, 2, 10, 14, 6
8_12_12 9, 1, 5, 13, 10, 2, 6, 14
6_26_10 8, 16, 4, 12, 5, 13
2_28_22 10, 2
1_6_20 8
7_17_08 5, 13, 1, 9, 6, 14, 2
4_27_20 13, 5, 9, 1
3_24_04 16, 8, 4
8_2_08 5, 13, 1, 9, 6, 14, 2, 10
6_4_22 12, 4, 8, 16, 9, 1
7_16_18 13, 5, 9, 1, 14, 6, 10
2_28_12 5, 13
4_5_12 8, 16, 4, 12
2_14_12 6, 14
7_22_14 9, 1, 5, 13, 6, 14, 2
2_7_18 11, 3
3_16_06 3, 11, 7
6_19_00 1, 9, 13, 5, 2, 10
7_8_16 10, 2, 6, 14, 15, 7, 11
3_30_00 16, 8, 12
1_7_10 15
3_25_08 7, 15, 3
1_12_02 8
2_25_12 9, 1
3_18_22 8, 16, 4
7_30_22 15, 7, 11, 3, 8, 16, 4
8_20_14 8, 16, 4, 12, 9, 1, 5, 13
8_31_02 5, 13, 1, 9, 2, 10, 14, 6
8_26_22 14, 6, 10, 2, 15, 7, 11, 3
7_7_18 11, 3, 7, 15, 4, 12, 16
7_13_16 12, 4, 8, 16, 9, 1, 5
1_15_12 2
5_20_00 1, 9, 13, 5, 6
8_31_00 4, 12, 16, 8, 1, 9, 13, 5
2_24_22 9, 1
7_2_18 10, 2, 6, 14, 7, 15, 3
1_20_06 8
4_22_18 11, 3, 7, 15
2_5_20 12, 4
1_27_04 13
1_22_06 1
3_10_10 4, 12, 16
7_31_20 14, 6, 10, 2, 3, 11, 15
3_5_22 13, 5, 9
1_10_12 5
6_27_16 11, 3, 7, 15, 12, 4
4_16_10 9, 1, 5, 13
4_8_00 2, 10, 14, 6
1_10_02 16
2_22_16 6, 14
5_14_10 9, 1, 5, 13, 2
2_17_18 10, 2
6_28_14 10, 2, 6, 14, 7, 15
5_3_02 2, 10, 14, 6, 11
8_11_18 12, 4, 8, 16, 13, 5, 9, 1
2_2_10 2, 10
2_13_06 7, 15
2_26_00 15, 7
8_24_08 6, 14, 2, 10, 7, 15, 3, 11
7_22_08 6, 14, 2, 10, 3, 11, 15
4_12_00 3, 11, 15, 7
6_27_22 14, 6, 10, 2, 15, 7
4_18_18 10, 2, 6, 14
6_12_18 12, 4, 8, 16, 9, 1
8_7_16 10, 2, 6, 14, 11, 3, 7, 15
1_12_18 16
7_9_02 4, 12, 16, 8, 5, 13, 1
2_3_20 11, 3
2_1_04 3, 11
8_29_10 9, 1, 5, 13, 6, 14, 2, 10
7_21_18 11, 3, 7, 15, 12, 4, 8
8_12_08 7, 15, 3, 11, 8, 16, 4, 12
3_18_16 5, 13, 1
1_26_16 7
6_24_22 13, 5, 9, 1, 10, 2
1_3_04 11
7_11_02 4, 12, 16, 8, 13, 5, 9
2_6_06 1, 9
1_22_02 15
7_10_14 10, 2, 6, 14, 7, 15, 3
8_14_06 7, 15, 3, 11, 4, 12, 16, 8
2_21_02 3, 11
1_18_04 15
4_26_04 5, 13, 1, 9
4_27_02 4, 12, 16, 8
5_29_12 10, 2, 6, 14, 7
5_10_02 4, 12, 16, 8, 1
8_9_04 5, 13, 1, 9, 6, 14, 2, 10
5_10_04 5, 13, 1, 9, 2
4_31_02 5, 13, 1, 9
7_17_18 10, 2, 6, 14, 11, 3, 7
6_27_18 12, 4, 8, 16, 13, 5
7_13_08 8, 16, 4, 12, 5, 13, 1
6_27_22 14, 6, 10, 2, 15, 7
3_7_02 3, 11, 7
3_5_08 6, 14, 2
2_8_22 9, 1
8_4_22 12, 4, 8, 16, 13, 5, 9, 1
8_23_16 10, 2, 6, 14, 11, 3, 7, 15
5_13_04 6, 14, 2, 10, 3
2_4_18 6, 14
8_6_14 9, 1, 5, 13, 10, 2, 6, 14
3_6_04 16, 8, 12
6_7_22 13, 5, 9, 1, 14, 6
3_7_04 4, 12, 8
1_6_12 4
6_30_04 6, 14, 2, 10, 15, 7
6_2_10 6, 14, 2, 10, 3, 11
7_5_06 5, 13, 1, 9, 6, 14, 2
6_6_22 13, 5, 9, 1, 10, 2
5_11_04 5, 13, 1, 9, 14
2_22_10 3, 11
8_15_14 11, 3, 7, 15, 8, 16, 4, 12
1_10_06 2
3_19_16 9, 1, 13
7_26_02 4, 12, 16, 8, 1, 9, 13
2_16_18 9, 1
5_25_08 7, 15, 3, 11, 8
3_14_02 1, 9, 13
2_12_08 3, 11
6_4_08 5, 13, 1, 9, 2, 10
8_19_04 3, 11, 15, 7, 4, 12, 16, 8
4_20_06 4, 12, 16, 8
2_23_06 5, 13
1_17_22 12
3_5_14 9, 1, 5
4_29_10 9, 1, 5, 13
6_23_12 8, 16, 4, 12, 9, 1
2_20_16 5, 13
6_25_16 11, 3, 7, 15, 12, 4
2_14_16 8, 16
6_6_08 6, 14, 2, 10, 3, 11
3_4_02 14, 6, 2
4_1_04 3, 11, 15, 7
8_9_14 10, 2, 6, 14, 11, 3, 7, 15
5_25_14 10, 2, 6, 14, 11
4_11_08 7, 15, 3, 11
3_9_00 3, 11, 15
3_21_00 2, 10, 14
