88516
88519
88522
88527
88532
88537
88544
88551
88558
88567
88576
88581
88590
88601
88614
88621
88632
88643
88650
88661
88674
88683
88698
88713
88722
88739
88754
88771
88782
88793
88802
88809
88818
88831
88838
88855
88872
88883
88900
88917
88936
88955
88974
88987
88998
89013
89032
89053
89066
89085
89100
89121
89138
89161
89174
89187
89204
89229
89256
89271
89292
89301
89312
89327
89338
89351
89362
89383
89404
89417
89440
89451
89468
89497
89518
89533
89546
89559
89564
89577
89594
89603
89618
89641
89662
89685
89704
89705
89722
89741
89754
89771
89786
89801
89820
89837
89860
89873
89896
89915
89934
89945
89964
89979
89990
90009
90030
90045
90064
90085
90104
90117
90138
90157
90164
90173
90196
90217
90240
90259
90282
90297
90322
90335
90348
90369
90382
90397
90410
90423
90432
90453
90474
90487
90508
90519
90542
90555
90580
90593
90608
90621
90644
90669
90686
90703
90728
90743
90764
90785
90804
90819
90842
90863
90878
90901
90916
90929
90952
90971
90994
91009
91032
91043
91062
91087
91112
91135
91162
91175
91190
91207
91234
91255
91272
91287
91306
91317
91342
91369
91392
91405
91426
91441
91458
91483
91508
91523
91548
91565
91590
91609
91638
91659
91684
91697
91718
91731
91746
91761
91780
91807
91826
91853
91880
91903
91926
91939
91962
91975
91998
92013
92032
92043
92062
92075
92092
92121
92148
92173
92188
92205
92226
92249
92266
92297
92316
92339
92356
92375
92406
92437
92452
92477
92500
92527
92544
92565
92580
92613
92628
92635
92652
92685
92716
92739
92756
92775
92798
92817
92834
92859
92880
92905
92928
92955
92970
92987
93010
93043
93052
93071
93088
93117
93142
93167
93194
93215
93234
93265
93286
93313
93336
93349
93382
93407
93428
93457
93476
93489
93506
93521
93538
93557
93574
93589
93614
93637
93654
93679
93704
93717
93742
93757
93778
93799
93828
93853
93864
93899
93918
93941
93954
93975
94000
94017
94052
94065
94088
94111
94130
94167
94182
94203
94230
94259
94276
94301
94328
94351
94370
94389
94418
94449
94474
94485
94512
94537
94554
94573
94590
94613
94628
94649
94668
94693
94710
94737
94756
94777
94796
94817
94834
94855
94894
94917
94940
94961
94994
95017
95038
95053
95076
95103
95128
95153
95180
95193
95220
95239
95256
95273
95290
95315
95336
95351
95374
95397
95418
95447
95478
95489
95502
95531
95562
95577
95592
95615
95634
95649
95676
95705
95728
95741
95766
95789
95810
95833
95858
95891
95918
95931
95948
95963
95990
96009
96022
96041
96048
96061
96084
96103
96138
96171
96186
96205
96240
96271
96296
96319
96344
96371
96398
96411
96432
96449
96474
96501
96526
96549
96586
96605
96630
96661
96682
96711
96726
96745
96772
96791
96820
96841
96866
96899
96920
96943
96958
96983
97010
97041
97062
97079
97102
97121
97136
97173
97202
97231
97256
97267
97292
97321
97350
97377
97400
97429
97452
97473
97510
97529
97546
97561
97596
97621
97640
97671
97692
97725
97750
97775
97792
97821
97852
97879
97888
97903
97930
97957
97976
98007
98030
98059
98076
98111
98144
98165
98198
98223
98240
98263
98288
98315
98332
98361
98374
98393
98424
98453
98474
98489
98498
98531
98566
98589
98610
98623
98650
98675
98694
98719
98734
98759
98772
98799
98822
98847
98876
98907
98922
98955
98980
99009
99018
99035
99064
99089
99112
99135
99160
99181
99198
99225
99248
99265
99298
99313
99344
99369
99388
99413
99434
99465
99492
99519
99544
99565
99584
99605
99632
99653
99672
99683
99720
99751
99772
99787
99808
99827
99850
99867
99902
99931
99962
99989
100012
100031
100072
100105
100132
100165
100192
100215
100236
100263
100280
100297
100322
100347
100378
100395
100436
100463
100488
100507
100524
100543
100568
100585
100608
100643
100658
100693
100724
100737
100762
100773
100794
100817
100840
100869
100902
100945
100964
100993
101018
101037
101064
101081
101102
101131
101152
101181
101210
101227
101248
101273
101300
101331
101358
101375
101398
101427
101450
101471
101490
101525
101550
101579
101596
101627
101664
101681
101708
101725
101756
101775
101802
101819
101840
101865
101900
101933
101952
101971
101994
102023
102060
102085
102118
102147
102178
102197
102220
102249
102294
102313
102340
102369
102390
102403
102434
102459
102484
102513
102538
102557
102576
102595
102622
102641
102678
102709
102740
102767
102784
102811
102830
102863
102890
102917
102930
102965
102982
103005
103038
103063
103082
103103
103134
103151
103182
103209
103244
103255
103272
103301
103326
103343
103366
103375
103392
103417
103450
103485
103516
103555
103602
103617
103646
103663
103688
103719
103742
103789
103816
103857
103880
103907
103922
103943
103968
103991
104026
104057
104066
104093
104122
104149
104168
104191
104218
104239
104254
104283
104306
104321
104370
104387
104406
104443
104470
104491
104520
104563
104588
104613
104630
104665
104702
104731
104752
104775
104796
104811
104834
104853
104864
104891
104914
104931
104968
104997
105020
105047
105068
105087
105108
105129
105160
105181
105210
105231
105254
105299
105318
105349
105372
105399
105424
105441
105464
105491
105518
105535
105568
105591
105624
105645
105666
105693
105720
105739
105756
105787
105822
105859
105886
105919
105952
105977
106010
106019
106046
106065
106088
106109
106144
106163
106192
106217
106232
106253
106288
106319
106352
106375
106406
106437
106466
106499
106528
106545
106570
106599
106636
106665
106710
106741
106766
106783
106802
106823
106862
106883
106910
106931
106948
106965
106982
107003
107034
107063
107084
107107
107132
107161
107182
107207
107236
107259
107266
107285
107312
107351
107384
107407
107436
107457
107476
107529
107550
107579
107600
107619
107638
107677
107704
107731
107756
107785
107804
107831
107860
107881
107920
107959
108006
108029
108062
108091
108118
108155
108190
108217
108234
108251
108272
108297
108314
108331
108362
108383
108406
108429
108458
108485
108514
108543
108576
108599
108620
108645
108666
108705
108728
108753
108776
108791
108822
108839
108864
108887
108912
108939
108956
108981
109000
109021
109058
109093
109116
109139
109160
109175
109200
109223
109252
109269
109292
109321
109344
109379
109402
109407
109426
109449
109478
109511
109532
109553
109578
109609
109626
109637
109662
109687
109714
109731
109758
109787
109808
109837
109864
109895
109918
109943
109974
110001
110034
110065
110088
110123
110154
110169
110198
110217
110244
110261
110274
110295
110310
110337
110360
110389
110418
110437
110458
110485
110506
110533
110556
110581
110612
110635
110656
110687
110712
110727
110748
110767
110798
110823
110848
110865
110898
110917
110946
110981
110994
111019
111058
111083
111088
111109
111136
111163
111188
111219
111252
111285
111314
111339
111370
111397
111440
111459
111482
111507
111534
111559
111586
111611
111638
111665
111688
111719
111748
111777
111802
111827
111852
111875
111926
111947
111978
112007
112024
112041
112072
112097
112130
112161
112194
112205
112224
112245
112272
112295
112312
112341
112368
112399
112428
112449
112478
112503
112536
112551
112578
112601
112630
112657
112680
112707
112740
112775
112796
112821
112852
112887
112898
112921
112952
112973
113002
113021
113042
113067
113090
113121
113148
113167
113180
113211
113234
113255
113268
113287
113318
113335
113368
113389
113418
113433
113464
113493
113520
113549
113570
113589
113610
113637
113648
113673
113688
113723
113752
113781
113812
113821
113846
113873
113888
113913
113950
113971
113992
114033
114064
114091
114114
114127
114150
114175
114198
114221
114238
114267
114290
114309
114342
114379
114406
114427
114438
114463
114488
114503
114522
114553
114572
114599
114624
114657
114676
114703
114724
114753
114782
114805
114834
114873
114876
114897
114924
114955
114984
115013
115030
115057
115092
115123
115146
115179
115202
115225
115250
115291
115318
115337
115364
115391
115420
115463
115488
115513
115538
115561
115592
115631
115670
115683
115714
115739
115774
115803
115814
115839
115874
115901
115924
115947
115970
115999
116014
116033
116066
116095
116130
116151
116178
116205
116228
116255
116294
116327
116358
116399
116424
116443
116468
116481
116512
116531
116558
116581
116600
116629
116652
116673
116694
116721
116738
116749
116772
116809
116826
116853
116888
116909
116932
116957
116986
117013
117044
117055
117088
117121
117152
117179
117210
117239
117272
117301
117324
117347
117370
117395
117416
117441
117458
117477
117516
117535
117566
117589
117608
117627
117650
117669
117692
117727
117752
117781
117812
117839
117866
117899
117930
117955
117978
118003
118032
118063
118084
118111
118138
118169
118204
118223
118246
118269
118288
118325
118348
118361
118388
118423
118448
118481
118496
118523
118550
118577
118598
118629
118646
118661
118674
118705
118738
118771
118798
118829
118852
118877
118892
118913
118934
118969
118990
119023
119040
119067
119086
119107
119136
119153
119184
119213
119230
119243
119276
119311
119348
119383
119406
119427
119462
119483
119514
119545
119574
119611
119644
119673
119708
119735
119760
119793
119812
119845
119868
119895
119934
119959
119974
119997
120020
120049
120074
120101
120124
120155
120184
120203
120228
120255
120286
120317
120336
120367
120382
120403
120436
120461
120498
120525
120558
120577
120610
120637
120654
120663
120700
120729
120756
120785
120814
120837
120862
120897
120930
120957
120984
120989
121012
121037
121064
121117
121136
121163
121190
121213
121242
121265
121296
121309
121334
121359
121394
121423
121454
121485
121534
121553
121584
121609
121636
121669
121678
121717
121744
121763
121788
121811
121838
121867
121888
121923
121950
121989
122006
122039
122064
122089
122114
122157
122188
122211
122248
122285
122304
122323
122352
122377
122402
122433
122464
122487
122516
122523
122556
122591
122616
122641
122668
122695
122732
122763
122784
122805
122828
122861
122884
122903
122918
122947
122984
123017
123046
123073
123102
123129
123152
123181
123204
123229
123254
123291
123318
123355
123380
123409
123436
123473
123518
123553
123570
123599
123622
123651
123672
123693
123726
123743
123764
123789
123810
123847
123866
123889
123906
123941
123964
123997
124026
124055
124072
124105
124130
124149
124182
124209
124234
124253
124296
124323
124340
124379
124396
124433
124468
124503
124536
124557
124580
124609
124628
124659
124692
124721
124752
124771
124802
124833
124860
124873
124908
124931
124958
124987
125026
125049
125082
125115
125156
125189
125216
125243
125276
125295
125326
125349
125370
125389
125426
125455
125482
125521
125560
125581
125608
125625
125640
125693
125750
125775
125814
125847
125882
125911
125934
125963
125984
126009
126040
126065
126088
126115
126152
126185
126214
126249
126270
126305
126330
126355
126390
126413
126434
126473
126484
126507
126542
126565
126592
126627
126662
126685
126714
126739
126766
126785
126798
126819
126842
126869
126884
126915
126928
126953
126986
127017
127030
127053
127074
127101
127130
127157
127192
127213
127252
127291
127308
127337
127366
127391
127424
127445
127478
127503
127526
127555
127570
127599
127636
127667
127700
127717
127730
127757
127792
127825
127848
127883
127926
127945
127984
128009
128048
128069
128096
128129
128152
128181
128216
128237
128256
128287
128314
128349
128364
128389
128408
128435
128456
128475
128498
128519
128562
128583
128604
128635
128668
128695
128720
128751
128778
128801
128830
128865
128886
128913
128934
128959
128988
129015
129046
129079
129120
129147
129174
129203
129240
129273
129300
129309
129342
129367
129402
129433
129464
129489
129520
129545
129568
129589
129612
129639
129654
129685
129716
129741
129766
129795
129826
129851
129880
129905
129934
129969
129984
130009
130018
130039
130068
130101
130120
130161
130182
130217
130238
130255
130284
130305
130350
130381
130404
130429
130460
130489
130524
130549
130574
130605
130626
130653
130676
130691
130728
130761
130772
130801
130836
130861
130886
130925
130960
130975
131006
131035
131072
131121
131148
131181
131210
131233
131266
131297
131330
131337
131372
131401
131428
131449
131478
131509
131534
131577
131612
131631
131664
131689
131714
131759
131794
131823
131852
131891
131910
131945
131984
132013
132036
132055
132082
132109
132136
132153
132178
132199
132224
132273
132300
132323
132352
132373
132394
132415
132450
132487
132518
132553
132576
132603
132630
132659
132686
132707
132726
132753
132784
132815
132850
132879
132904
132943
132966
132977
132990
133025
133046
133067
133088
133125
133150
133179
133206
133225
133248
133271
133298
133337
133366
133391
133410
133437
133460
133487
133516
133545
133566
133587
133614
133649
133674
133713
133736
133771
133814
133827
133864
133895
133916
133937
133968
133989
134018
134049
134080
134097
134136
134153
134180
134205
134234
134257
134286
134303
134304
134331
134370
134393
134426
134455
134494
134519
134546
134571
134596
134627
134662
134681
134706
134733
134752
134783
134800
134831
134848
134879
134908
134931
134958
134981
135010
135041
135058
135079
135108
135125
135142
135163
135190
135215
135236
135273
135292
135327
135364
135399
135434
135459
135486
135509
135538
135567
135592
135621
135654
135681
135724
135745
135776
135801
135824
135871
135888
135919
135950
135975
136006
136033
136064
136087
136108
136133
136162
136183
136204
136231
136264
136291
136326
136345
136368
136389
136428
136455
136496
136513
136528
136559
136590
136617
136644
136681
136700
136725
136752
136787
136822
136851
136880
136909
136942
136961
136980
136993
137030
137067
137092
137117
137140
137169
137196
137217
137244
137271
137294
137327
137366
137389
137408
137449
137460
137489
137522
137557
137596
137625
137642
137675
137682
137705
137732
137745
137774
137821
137856
137867
137898
137921
137940
137973
137990
138025
138044
138089
138094
138103
138128
138169
138212
138245
138276
138301
138326
138363
138396
138435
138472
138491
138524
138543
138576
138609
138636
138663
138694
138715
138732
138765
138792
138835
138868
138899
138916
138937
138972
139007
139040
139061
139092
139133
139166
139189
139218
139245
139280
139299
139320
139343
139356
139377
139410
139433
139458
139487
139514
139547
139582
139607
139628
139659
139688
139713
139730
139765
139784
139807
139826
139861
139888
139919
139950
139969
139998
140015
140046
140071
140106
140143
140174
140203
140236
140263
140294
140321
140350
140379
140400
140439
140460
140477
140502
140535
140576
140609
140638
140663
140694
140727
140758
140783
140820
140851
140884
140911
140946
140961
140988
141013
141050
141081
141114
141133
141156
141185
141206
141237
141266
141297
141336
141371
141396
141409
141440
141475
141496
141523
141546
141559
141598
141635
141656
141677
141690
141711
141736
141769
141796
141821
141850
141883
141918
141941
141964
142001
142032
142057
142080
142113
142152
142185
142220
142243
142276
142305
142346
142377
142414
142431
142454
142471
142504
142543
142576
142605
142624
142655
142700
142731
142756
142787
142822
142853
142890
142917
142934
142953
142992
143017
143048
143069
143092
143125
143164
143193
143214
143229
143260
143293
143328
143357
143390
143423
143450
143479
143500
143527
143552
143585
143610
143639
143674
143695
143722
143735
143758
143789
143820
143851
143882
143909
143934
143955
143982
144021
144042
144081
144104
144137
144164
144203
144232
144255
144280
144305
144326
144349
144380
144407
144440
144473
144514
144547
144580
144605
144638
144673
144700
144729
144752
144783
144804
144833
144868
144891
144926
144959
144978
145011
145044
145067
145094
145133
145180
145207
145240
145261
145286
145307
145340
145361
145384
145407
145456
145479
145522
145563
145590
145613
145630
145635
145660
145691
145720
145749
145790
145815
145842
145879
145904
145935
145952
145991
146024
146053
146066
146093
146110
146141
146182
146219
146248
146269
146294
146317
146358
146395
146418
146449
146480
146509
146530
146571
146606
146643
146662
146701
146718
146747
146778
146805
146842
146863
146896
146919
146944
146979
147008
147029
147046
147059
147090
147119
147156
147177
147202
147239
147270
147303
147326
147357
147376
147411
147444
147459
147474
147517
147556
147573
147598
147637
147656
147687
147722
147759
147784
147817
147844
147869
147884
147907
147944
147965
148002
148035
148074
148107
148140
148163
148200
148219
148244
148279
148334
148359
148394
148409
148440
148469
148506
148531
148554
148587
148604
148639
148674
148695
148736
148763
148786
148811
148838
148877
148896
148929
148960
148989
149022
149041
149060
149095
149122
149145
149182
149203
149236
149275
149304
149335
149368
149397
149436
149471
149508
149539
149562
149581
149616
149623
149640
149669
149698
149725
149760
149797
149820
149859
149892
149927
149964
149979
150006
150023
150050
150079
150118
150151
150178
150195
150226
150239
150268
150297
150326
150357
150402
150425
150446
150473
150514
150549
150574
150591
150614
150633
150648
150681
150712
150741
150778
150803
150832
150863
150878
150907
150926
150957
150978
151011
151032
151059
151088
151109
151134
151159
151182
151217
151256
151279
151308
151339
151366
151419
151432
151459
151492
151523
151550
151587
151602
151645
151674
151703
151736
151763
151800
151841
151862
151889
151918
151941
151968
151985
152028
152041
best case: 88519
Average case: 295590
worst case: 111019
