1_9_18 12
4_4_04 3, 11, 15, 7
3_19_20 11, 3, 15
7_14_12 10, 2, 6, 14, 3, 11, 15
5_14_04 6, 14, 2, 10, 15
8_10_20 13, 5, 9, 1, 14, 6, 10, 2
3_4_02 14, 6, 2
8_26_14 10, 2, 6, 14, 11, 3, 7, 15
1_10_18 8
2_21_10 7, 15
1_1_16 9
7_16_02 5, 13, 1, 9, 6, 14, 2
7_9_00 3, 11, 15, 7, 4, 12, 16
8_16_22 15, 7, 11, 3, 12, 4, 8, 16
3_15_12 10, 2, 14
6_13_02 5, 13, 1, 9, 2, 10
8_10_22 14, 6, 10, 2, 15, 7, 11, 3
8_12_04 5, 13, 1, 9, 6, 14, 2, 10
1_14_20 10
3_20_16 5, 13, 9
4_16_22 15, 7, 11, 3
4_9_08 7, 15, 3, 11
7_18_08 5, 13, 1, 9, 2, 10, 14
5_7_02 3, 11, 15, 7, 12
2_12_20 9, 1
4_26_02 4, 12, 16, 8
5_12_08 7, 15, 3, 11, 12
5_8_04 4, 12, 16, 8, 9
8_4_04 3, 11, 15, 7, 4, 12, 16, 8
2_18_00 13, 5
3_19_16 9, 1, 13
7_24_08 6, 14, 2, 10, 11, 3, 7
7_22_10 7, 15, 3, 11, 4, 12, 16
5_26_16 11, 3, 7, 15, 8
3_19_20 11, 3, 15
7_19_16 9, 1, 5, 13, 2, 10, 14
3_8_08 2, 10, 6
3_26_22 10, 2, 6
2_29_14 11, 3
6_28_18 12, 4, 8, 16, 9, 1
7_3_08 5, 13, 1, 9, 14, 6, 10
5_18_06 4, 12, 16, 8, 1
1_27_18 4
4_9_14 10, 2, 6, 14
5_15_14 11, 3, 7, 15, 16
5_26_22 14, 6, 10, 2, 11
2_24_06 1, 9
3_2_10 2, 10, 14
3_18_18 6, 14, 2
2_23_20 12, 4
7_21_00 2, 10, 14, 6, 3, 11, 15
5_9_00 3, 11, 15, 7, 4
7_30_12 10, 2, 6, 14, 3, 11, 15
2_13_20 14, 6
8_29_02 5, 13, 1, 9, 2, 10, 14, 6
3_6_20 8, 16, 4
3_6_14 5, 13, 1
3_14_10 5, 13, 1
7_21_14 9, 1, 5, 13, 10, 2, 6
4_22_00 2, 10, 14, 6
4_23_00 2, 10, 14, 6
3_26_06 2, 10, 14
5_19_16 9, 1, 5, 13, 2
6_26_22 14, 6, 10, 2, 11, 3
3_13_08 8, 16, 4
6_14_08 8, 16, 4, 12, 1, 9
8_7_22 13, 5, 9, 1, 14, 6, 10, 2
8_22_10 7, 15, 3, 11, 8, 16, 4, 12
3_14_06 3, 11, 15
4_16_04 6, 14, 2, 10
7_20_10 6, 14, 2, 10, 11, 3, 7
4_18_10 6, 14, 2, 10
7_31_20 14, 6, 10, 2, 3, 11, 15
3_27_00 3, 11, 7
5_21_00 2, 10, 14, 6, 3
5_13_16 12, 4, 8, 16, 9
2_28_18 8, 16
3_1_04 3, 11, 15
4_10_16 11, 3, 7, 15
4_31_22 15, 7, 11, 3
6_14_04 6, 14, 2, 10, 15, 7
2_5_16 10, 2
1_1_12 7
3_1_16 9, 1, 5
3_16_12 6, 14, 10
2_3_08 5, 13
7_6_04 4, 12, 16, 8, 1, 9, 13
4_26_08 7, 15, 3, 11
8_13_08 8, 16, 4, 12, 5, 13, 1, 9
6_4_18 10, 2, 6, 14, 7, 15
3_9_06 6, 14, 2
6_10_18 12, 4, 8, 16, 9, 1
2_16_22 11, 3
8_20_22 12, 4, 8, 16, 13, 5, 9, 1
6_19_20 11, 3, 7, 15, 12, 4
2_9_12 9, 1
5_28_02 4, 12, 16, 8, 9
1_9_16 11
1_31_04 14
3_16_04 2, 10, 6
1_12_00 7
5_22_00 2, 10, 14, 6, 15
6_27_10 8, 16, 4, 12, 9, 1
3_25_12 9, 1, 5
5_8_04 4, 12, 16, 8, 9
2_30_16 8, 16
4_29_04 6, 14, 2, 10
6_31_04 6, 14, 2, 10, 3, 11
7_16_18 13, 5, 9, 1, 14, 6, 10
3_22_10 3, 11, 15
2_20_10 2, 10
6_16_08 8, 16, 4, 12, 1, 9
1_25_22 14
7_26_12 9, 1, 5, 13, 6, 14, 2
1_18_16 5
4_23_14 9, 1, 5, 13
1_29_08 8
6_21_12 8, 16, 4, 12, 9, 1
4_26_22 14, 6, 10, 2
5_16_14 11, 3, 7, 15, 12
3_24_06 1, 9, 5
1_4_20 15
3_2_00 13, 5, 9
2_14_18 9, 1
5_24_02 3, 11, 15, 7, 8
4_27_02 4, 12, 16, 8
8_15_08 8, 16, 4, 12, 5, 13, 1, 9
7_15_02 5, 13, 1, 9, 10, 2, 6
3_27_08 7, 15, 11
1_17_06 4
5_20_12 7, 15, 3, 11, 12
2_1_04 3, 11
2_16_14 7, 15
4_24_22 13, 5, 9, 1
5_1_18 10, 2, 6, 14, 11
8_3_20 11, 3, 7, 15, 12, 4, 8, 16
4_12_04 5, 13, 1, 9
5_16_22 15, 7, 11, 3, 16
7_27_12 9, 1, 5, 13, 2, 10, 14
6_21_20 12, 4, 8, 16, 13, 5
7_21_00 2, 10, 14, 6, 3, 11, 15
3_23_16 10, 2, 14
5_22_02 3, 11, 15, 7, 16
5_12_06 6, 14, 2, 10, 11
8_17_12 7, 15, 3, 11, 8, 16, 4, 12
4_6_22 13, 5, 9, 1
2_23_10 7, 15
2_15_20 14, 6
1_17_00 1
7_17_14 8, 16, 4, 12, 9, 1, 5
3_3_16 9, 1, 13
2_25_10 8, 16
5_27_00 3, 11, 15, 7, 12
6_10_18 12, 4, 8, 16, 9, 1
6_14_06 7, 15, 3, 11, 16, 8
3_18_18 6, 14, 2
5_9_04 5, 13, 1, 9, 6
4_3_22 12, 4, 8, 16
4_9_22 14, 6, 10, 2
8_19_02 2, 10, 14, 6, 3, 11, 15, 7
7_14_04 6, 14, 2, 10, 15, 7, 11
1_7_16 2
5_4_22 12, 4, 8, 16, 1
2_1_20 11, 3
3_16_22 11, 3, 15
6_28_18 12, 4, 8, 16, 9, 1
4_9_20 13, 5, 9, 1
7_1_16 9, 1, 5, 13, 10, 2, 6
2_19_06 4, 12
4_19_20 11, 3, 7, 15
4_19_22 12, 4, 8, 16
4_20_04 3, 11, 15, 7
2_27_06 6, 14
2_15_04 6, 14
5_2_08 5, 13, 1, 9, 2
1_16_00 8
8_26_04 5, 13, 1, 9, 6, 14, 2, 10
7_28_22 14, 6, 10, 2, 3, 11, 15
3_25_00 3, 11, 15
8_10_06 6, 14, 2, 10, 7, 15, 3, 11
7_21_16 10, 2, 6, 14, 11, 3, 7
5_26_08 7, 15, 3, 11, 4
3_11_04 5, 13, 9
6_31_10 9, 1, 5, 13, 6, 14
6_28_08 7, 15, 3, 11, 4, 12
7_24_00 2, 10, 14, 6, 7, 15, 3
5_12_08 7, 15, 3, 11, 12
4_30_16 12, 4, 8, 16
4_26_16 11, 3, 7, 15
2_3_10 6, 14
8_14_22 15, 7, 11, 3, 12, 4, 8, 16
4_25_08 7, 15, 3, 11
6_30_02 5, 13, 1, 9, 14, 6
2_18_22 8, 16
3_17_02 2, 10, 14
7_6_08 6, 14, 2, 10, 3, 11, 15
6_22_12 8, 16, 4, 12, 5, 13
4_7_14 9, 1, 5, 13
5_14_02 5, 13, 1, 9, 14
7_5_00 2, 10, 14, 6, 3, 11, 15
8_18_02 2, 10, 14, 6, 3, 11, 15, 7
8_16_04 6, 14, 2, 10, 3, 11, 15, 7
7_4_00 1, 9, 13, 5, 6, 14, 2
6_5_00 2, 10, 14, 6, 3, 11
6_5_06 5, 13, 1, 9, 6, 14
2_7_02 3, 11
8_27_06 6, 14, 2, 10, 7, 15, 3, 11
1_30_04 2
5_26_10 8, 16, 4, 12, 5
4_6_18 11, 3, 7, 15
8_30_20 14, 6, 10, 2, 11, 3, 7, 15
6_28_10 8, 16, 4, 12, 5, 13
8_21_00 2, 10, 14, 6, 3, 11, 15, 7
7_4_18 10, 2, 6, 14, 15, 7, 11
2_13_04 6, 14
1_22_18 7
8_4_00 1, 9, 13, 5, 2, 10, 14, 6
7_18_06 4, 12, 16, 8, 1, 9, 13
2_16_02 1, 9
7_27_02 4, 12, 16, 8, 13, 5, 9
2_8_16 6, 14
4_1_02 2, 10, 14, 6
6_4_20 11, 3, 7, 15, 8, 16
1_10_18 8
3_10_18 8, 16, 4
1_22_08 2
4_22_06 5, 13, 1, 9
4_12_00 3, 11, 15, 7
5_20_02 2, 10, 14, 6, 7
8_30_22 15, 7, 11, 3, 12, 4, 8, 16
3_19_18 10, 2, 14
1_7_22 5
3_27_00 3, 11, 7
1_9_02 4
4_31_18 13, 5, 9, 1
5_14_16 12, 4, 8, 16, 5
6_23_14 9, 1, 5, 13, 10, 2
3_1_02 2, 10, 14
2_13_10 9, 1
5_24_08 6, 14, 2, 10, 11
3_30_14 7, 15, 3
8_5_12 8, 16, 4, 12, 9, 1, 5, 13
8_2_10 6, 14, 2, 10, 7, 15, 3, 11
8_7_04 4, 12, 16, 8, 5, 13, 1, 9
2_20_02 14, 6
1_11_22 6
5_23_14 9, 1, 5, 13, 2
3_30_08 4, 12, 16
4_1_02 2, 10, 14, 6
2_14_00 16, 8
6_26_00 3, 11, 15, 7, 16, 8
3_3_08 5, 13, 9
8_4_06 4, 12, 16, 8, 5, 13, 1, 9
3_5_04 4, 12, 16
8_22_14 9, 1, 5, 13, 10, 2, 6, 14
2_25_00 3, 11
4_12_18 12, 4, 8, 16
2_26_18 8, 16
8_16_12 10, 2, 6, 14, 7, 15, 3, 11
4_19_10 6, 14, 2, 10
7_31_12 10, 2, 6, 14, 15, 7, 11
3_11_18 12, 4, 16
7_31_10 9, 1, 5, 13, 14, 6, 10
2_15_02 5, 13
8_9_12 9, 1, 5, 13, 10, 2, 6, 14
8_20_16 9, 1, 5, 13, 10, 2, 6, 14
3_27_12 9, 1, 13
6_31_02 5, 13, 1, 9, 2, 10
5_3_02 2, 10, 14, 6, 11
7_26_22 14, 6, 10, 2, 11, 3, 7
2_5_10 7, 15
2_2_10 2, 10
3_31_02 5, 13, 9
1_16_00 8
2_18_22 8, 16
4_1_12 7, 15, 3, 11
7_9_16 11, 3, 7, 15, 12, 4, 8
8_13_22 15, 7, 11, 3, 12, 4, 8, 16
3_17_12 7, 15, 3
7_8_04 4, 12, 16, 8, 9, 1, 5
2_14_12 6, 14
7_12_16 11, 3, 7, 15, 16, 8, 12
2_21_10 7, 15
5_21_22 13, 5, 9, 1, 14
6_22_12 8, 16, 4, 12, 5, 13
2_11_08 7, 15
2_8_04 16, 8
8_12_06 6, 14, 2, 10, 7, 15, 3, 11
5_5_06 5, 13, 1, 9, 6
3_11_10 8, 16, 12
8_13_18 13, 5, 9, 1, 10, 2, 6, 14
5_21_00 2, 10, 14, 6, 3
1_11_08 15
3_31_14 11, 3, 15
3_29_04 6, 14, 2
4_30_04 6, 14, 2, 10
6_17_12 7, 15, 3, 11, 8, 16
2_17_20 11, 3
3_23_16 10, 2, 14
1_3_20 3
1_26_22 10
2_20_06 16, 8
7_27_22 14, 6, 10, 2, 7, 15, 3
6_27_14 10, 2, 6, 14, 11, 3
5_1_18 10, 2, 6, 14, 11
3_3_16 9, 1, 13
3_3_16 9, 1, 13
2_10_04 1, 9
3_18_14 4, 12, 16
5_19_12 7, 15, 3, 11, 16
6_19_02 2, 10, 14, 6, 3, 11
7_16_06 7, 15, 3, 11, 8, 16, 4
3_7_18 11, 3, 15
2_1_20 11, 3
4_21_16 10, 2, 6, 14
1_6_18 7
3_21_16 10, 2, 6
7_20_12 7, 15, 3, 11, 12, 4, 8
8_11_10 8, 16, 4, 12, 9, 1, 5, 13
1_13_16 12
4_8_06 5, 13, 1, 9
8_16_10 9, 1, 5, 13, 6, 14, 2, 10
3_1_10 6, 14, 2
5_10_00 3, 11, 15, 7, 16
1_9_08 7
2_12_00 15, 7
2_14_10 5, 13
6_25_00 3, 11, 15, 7, 4, 12
6_5_10 7, 15, 3, 11, 8, 16
8_2_22 12, 4, 8, 16, 13, 5, 9, 1
5_4_00 1, 9, 13, 5, 6
7_29_12 10, 2, 6, 14, 7, 15, 3
1_8_14 13
1_29_00 4
2_26_02 16, 8
4_28_06 6, 14, 2, 10
2_9_04 5, 13
5_14_06 7, 15, 3, 11, 16
1_11_16 3
6_15_14 11, 3, 7, 15, 8, 16
7_23_12 8, 16, 4, 12, 1, 9, 13
4_20_14 8, 16, 4, 12
3_23_16 10, 2, 14
5_21_16 10, 2, 6, 14, 11
1_24_14 13
7_13_18 13, 5, 9, 1, 10, 2, 6
3_17_14 8, 16, 4
8_1_16 9, 1, 5, 13, 10, 2, 6, 14
5_29_00 4, 12, 16, 8, 1
8_7_20 12, 4, 8, 16, 13, 5, 9, 1
3_7_14 9, 1, 13
7_4_20 11, 3, 7, 15, 16, 8, 12
2_20_16 5, 13
5_30_04 6, 14, 2, 10, 15
5_6_22 13, 5, 9, 1, 10
4_20_12 7, 15, 3, 11
6_6_18 11, 3, 7, 15, 8, 16
1_19_02 10
2_28_00 15, 7
3_28_16 7, 15, 11
8_28_16 11, 3, 7, 15, 12, 4, 8, 16
8_20_14 8, 16, 4, 12, 9, 1, 5, 13
2_20_20 7, 15
5_9_18 12, 4, 8, 16, 13
6_5_14 9, 1, 5, 13, 10, 2
4_5_02 3, 11, 15, 7
2_19_04 3, 11
5_23_20 12, 4, 8, 16, 5
2_28_06 2, 10
3_22_16 6, 14, 2
3_12_04 1, 9, 5
8_11_20 13, 5, 9, 1, 14, 6, 10, 2
7_2_22 12, 4, 8, 16, 9, 1, 5
6_22_08 6, 14, 2, 10, 3, 11
2_31_18 13, 5
7_16_10 9, 1, 5, 13, 10, 2, 6
4_22_08 6, 14, 2, 10
5_16_10 9, 1, 5, 13, 10
5_29_08 8, 16, 4, 12, 5
2_14_10 5, 13
8_26_22 14, 6, 10, 2, 15, 7, 11, 3
8_14_02 5, 13, 1, 9, 2, 10, 14, 6
4_10_00 3, 11, 15, 7
5_28_10 8, 16, 4, 12, 13
1_12_22 2
3_14_12 6, 14, 2
8_27_18 12, 4, 8, 16, 13, 5, 9, 1
7_24_22 13, 5, 9, 1, 2, 10, 14
5_8_06 5, 13, 1, 9, 10
2_6_14 5, 13
6_22_10 7, 15, 3, 11, 4, 12
7_29_06 7, 15, 3, 11, 4, 12, 16
7_5_16 10, 2, 6, 14, 11, 3, 7
6_4_06 4, 12, 16, 8, 1, 9
2_29_14 11, 3
5_19_22 12, 4, 8, 16, 5
4_19_22 12, 4, 8, 16
4_17_08 5, 13, 1, 9
5_8_20 12, 4, 8, 16, 1
5_9_00 3, 11, 15, 7, 4
3_25_16 11, 3, 7
6_11_04 5, 13, 1, 9, 6, 14
3_1_08 5, 13, 1
4_3_14 8, 16, 4, 12
2_17_06 4, 12
5_19_10 6, 14, 2, 10, 15
8_20_00 1, 9, 13, 5, 2, 10, 14, 6
2_5_08 6, 14
8_22_06 5, 13, 1, 9, 6, 14, 2, 10
2_22_10 3, 11
7_13_14 11, 3, 7, 15, 8, 16, 4
6_7_20 12, 4, 8, 16, 13, 5
4_10_00 3, 11, 15, 7
4_15_12 10, 2, 6, 14
8_10_14 10, 2, 6, 14, 11, 3, 7, 15
5_10_08 7, 15, 3, 11, 4
7_31_02 5, 13, 1, 9, 10, 2, 6
5_20_18 10, 2, 6, 14, 15
3_19_12 7, 15, 11
2_11_06 6, 14
4_15_20 14, 6, 10, 2
3_26_08 3, 11, 15
3_8_06 1, 9, 5
1_10_10 4
1_29_06 7
4_5_20 12, 4, 8, 16
3_1_16 9, 1, 5
3_6_04 16, 8, 12
4_30_10 9, 1, 5, 13
4_20_10 6, 14, 2, 10
4_14_14 11, 3, 7, 15
2_27_10 8, 16
7_20_14 8, 16, 4, 12, 13, 5, 9
6_18_02 2, 10, 14, 6, 15, 7
2_22_16 6, 14
5_26_04 5, 13, 1, 9, 2
1_8_22 1
7_7_00 2, 10, 14, 6, 11, 3, 7
7_2_04 3, 11, 15, 7, 16, 8, 12
6_11_12 9, 1, 5, 13, 10, 2
3_23_16 10, 2, 14
8_8_12 8, 16, 4, 12, 9, 1, 5, 13
2_25_16 11, 3
1_16_08 12
2_21_14 9, 1
7_11_04 5, 13, 1, 9, 14, 6, 10
2_15_16 12, 4
5_4_02 2, 10, 14, 6, 7
7_20_12 7, 15, 3, 11, 12, 4, 8
6_20_16 9, 1, 5, 13, 6, 14
4_1_06 4, 12, 16, 8
5_9_18 12, 4, 8, 16, 13
5_25_12 9, 1, 5, 13, 10
3_20_06 16, 8, 4
1_7_00 10
4_16_04 6, 14, 2, 10
8_8_12 8, 16, 4, 12, 9, 1, 5, 13
4_10_04 5, 13, 1, 9
7_30_02 5, 13, 1, 9, 14, 6, 10
2_7_18 11, 3
6_21_10 7, 15, 3, 11, 8, 16
4_18_00 1, 9, 13, 5
4_26_20 13, 5, 9, 1
8_9_20 13, 5, 9, 1, 14, 6, 10, 2
2_15_02 5, 13
6_26_06 6, 14, 2, 10, 3, 11
7_31_22 15, 7, 11, 3, 4, 12, 16
8_31_20 14, 6, 10, 2, 11, 3, 7, 15
8_22_22 13, 5, 9, 1, 14, 6, 10, 2
4_3_16 9, 1, 5, 13
7_15_12 10, 2, 6, 14, 15, 7, 11
3_24_14 5, 13, 9
6_24_22 13, 5, 9, 1, 10, 2
6_13_20 14, 6, 10, 2, 11, 3
8_5_02 3, 11, 15, 7, 4, 12, 16, 8
8_27_04 5, 13, 1, 9, 6, 14, 2, 10
5_29_08 8, 16, 4, 12, 5
1_11_20 5
5_19_06 4, 12, 16, 8, 13
6_10_20 13, 5, 9, 1, 10, 2
2_28_12 5, 13
4_13_16 12, 4, 8, 16
1_25_22 14
5_25_20 13, 5, 9, 1, 14
8_24_08 6, 14, 2, 10, 7, 15, 3, 11
3_30_22 11, 3, 7
5_27_18 12, 4, 8, 16, 5
6_15_10 9, 1, 5, 13, 6, 14
8_3_10 6, 14, 2, 10, 7, 15, 3, 11
7_22_14 9, 1, 5, 13, 6, 14, 2
7_15_14 11, 3, 7, 15, 16, 8, 12
5_6_08 6, 14, 2, 10, 3
5_24_04 4, 12, 16, 8, 9
3_27_14 10, 2, 14
5_6_12 8, 16, 4, 12, 5
2_3_08 5, 13
3_14_08 4, 12, 16
8_23_18 11, 3, 7, 15, 12, 4, 8, 16
1_21_10 7
3_6_04 16, 8, 12
2_21_02 3, 11
5_24_00 2, 10, 14, 6, 7
3_20_10 2, 10, 6
6_7_00 2, 10, 14, 6, 3, 11
5_25_22 14, 6, 10, 2, 15
8_5_12 8, 16, 4, 12, 9, 1, 5, 13
8_17_20 11, 3, 7, 15, 12, 4, 8, 16
8_1_02 2, 10, 14, 6, 3, 11, 15, 7
7_5_10 7, 15, 3, 11, 8, 16, 4
7_26_20 13, 5, 9, 1, 10, 2, 6
1_1_06 4
8_18_18 10, 2, 6, 14, 11, 3, 7, 15
5_17_20 11, 3, 7, 15, 12
7_27_08 7, 15, 3, 11, 16, 8, 12
4_1_10 6, 14, 2, 10
7_3_08 5, 13, 1, 9, 14, 6, 10
6_31_08 8, 16, 4, 12, 5, 13
5_2_00 1, 9, 13, 5, 14
2_18_08 1, 9
4_18_02 2, 10, 14, 6
7_11_18 12, 4, 8, 16, 5, 13, 1
7_2_22 12, 4, 8, 16, 9, 1, 5
8_16_20 14, 6, 10, 2, 11, 3, 7, 15
8_19_20 11, 3, 7, 15, 12, 4, 8, 16
7_25_14 10, 2, 6, 14, 11, 3, 7
1_10_04 1
3_15_12 10, 2, 14
7_27_18 12, 4, 8, 16, 5, 13, 1
8_30_06 7, 15, 3, 11, 4, 12, 16, 8
2_18_04 15, 7
8_4_14 8, 16, 4, 12, 9, 1, 5, 13
6_2_16 9, 1, 5, 13, 6, 14
4_26_04 5, 13, 1, 9
6_25_18 12, 4, 8, 16, 13, 5
6_30_04 6, 14, 2, 10, 15, 7
7_14_04 6, 14, 2, 10, 15, 7, 11
4_26_16 11, 3, 7, 15
4_20_16 9, 1, 5, 13
5_24_04 4, 12, 16, 8, 9
5_17_12 7, 15, 3, 11, 8
7_23_22 13, 5, 9, 1, 6, 14, 2
4_21_16 10, 2, 6, 14
8_7_06 5, 13, 1, 9, 6, 14, 2, 10
5_10_22 14, 6, 10, 2, 11
2_6_20 8, 16
2_5_14 9, 1
3_29_08 8, 16, 4
4_28_04 5, 13, 1, 9
3_17_12 7, 15, 3
6_27_16 11, 3, 7, 15, 12, 4
8_16_22 15, 7, 11, 3, 12, 4, 8, 16
5_15_10 9, 1, 5, 13, 14
8_23_08 6, 14, 2, 10, 7, 15, 3, 11
5_14_02 5, 13, 1, 9, 14
1_12_00 7
1_6_16 6
4_19_08 5, 13, 1, 9
4_30_22 15, 7, 11, 3
6_15_06 7, 15, 3, 11, 4, 12
6_18_04 3, 11, 15, 7, 16, 8
3_20_14 4, 12, 8
4_14_12 10, 2, 6, 14
4_13_10 9, 1, 5, 13
6_11_02 4, 12, 16, 8, 5, 13
6_18_18 10, 2, 6, 14, 7, 15
4_22_02 3, 11, 15, 7
8_30_12 10, 2, 6, 14, 7, 15, 3, 11
5_20_08 5, 13, 1, 9, 10
1_18_20 7
7_14_16 12, 4, 8, 16, 5, 13, 1
8_20_22 12, 4, 8, 16, 13, 5, 9, 1
5_4_00 1, 9, 13, 5, 6
2_16_02 1, 9
2_16_04 2, 10
1_24_04 8
3_12_10 4, 12, 8
2_16_10 5, 13
8_12_10 8, 16, 4, 12, 9, 1, 5, 13
1_15_20 6
4_3_18 10, 2, 6, 14
4_15_08 8, 16, 12
7_16_12 10, 2, 6, 14, 11, 3, 7
8_16_02 5, 13, 1, 9, 2, 10, 14, 6
7_9_20 13, 5, 9, 1, 14, 6, 10
4_13_14 11, 3, 7, 15
4_17_04 3, 11, 15, 7
8_28_14 10, 2, 6, 14, 11, 3, 7, 15
7_5_18 11, 3, 7, 15, 12, 4, 8
6_30_08 8, 16, 4, 12, 1, 9
2_19_16 9, 1
6_26_06 6, 14, 2, 10, 3, 11
2_14_02 1, 9
8_25_22 14, 6, 10, 2, 15, 7, 11, 3
3_8_18 7, 15, 11
6_11_08 7, 15, 3, 11, 8, 16
2_18_12 3, 11
5_6_10 7, 15, 3, 11, 4
4_13_16 12, 4, 8, 16
4_26_14 10, 2, 6, 14
8_15_18 13, 5, 9, 1, 10, 2, 6, 14
5_12_04 5, 13, 1, 9, 10
3_14_00 16, 8, 12
2_21_22 13, 5
5_6_02 3, 11, 15, 7, 16
5_3_00 1, 9, 13, 5, 10
3_20_00 13, 5, 1
7_3_06 4, 12, 16, 8, 13, 5, 9
3_27_04 5, 13, 9
3_24_06 1, 9, 5
4_27_04 5, 13, 1, 9
6_3_14 8, 16, 4, 12, 9, 1
5_21_14 9, 1, 5, 13, 10
7_30_22 15, 7, 11, 3, 8, 16, 4
6_21_04 4, 12, 16, 8, 5, 13
6_7_12 8, 16, 4, 12, 9, 1
8_6_04 4, 12, 16, 8, 5, 13, 1, 9
2_16_06 3, 11
3_26_12 5, 13, 1
3_13_10 9, 1, 5
1_24_18 15
8_23_08 6, 14, 2, 10, 7, 15, 3, 11
7_3_10 6, 14, 2, 10, 15, 7, 11
8_5_04 4, 12, 16, 8, 5, 13, 1, 9
3_10_20 9, 1, 5
4_22_14 9, 1, 5, 13
3_28_14 6, 14, 10
6_22_14 9, 1, 5, 13, 6, 14
3_14_20 10, 2, 6
8_30_18 13, 5, 9, 1, 10, 2, 6, 14
7_22_14 9, 1, 5, 13, 6, 14, 2
2_13_22 15, 7
1_9_20 13
1_4_16 13
8_18_08 5, 13, 1, 9, 6, 14, 2, 10
2_20_20 7, 15
4_25_20 13, 5, 9, 1
8_23_08 6, 14, 2, 10, 7, 15, 3, 11
5_15_20 14, 6, 10, 2, 3
1_18_00 13
5_21_16 10, 2, 6, 14, 11
8_31_06 7, 15, 3, 11, 4, 12, 16, 8
8_6_22 13, 5, 9, 1, 14, 6, 10, 2
3_20_14 4, 12, 8
8_14_10 9, 1, 5, 13, 6, 14, 2, 10
1_20_16 13
2_16_06 3, 11
4_13_22 15, 7, 11, 3
4_30_22 15, 7, 11, 3
6_3_02 2, 10, 14, 6, 3, 11
7_14_18 13, 5, 9, 1, 6, 14, 2
2_11_10 8, 16
6_17_22 12, 4, 8, 16, 13, 5
5_17_14 8, 16, 4, 12, 9
7_9_02 4, 12, 16, 8, 5, 13, 1
7_9_12 9, 1, 5, 13, 10, 2, 6
3_20_22 8, 16, 12
6_7_08 6, 14, 2, 10, 7, 15
8_26_02 4, 12, 16, 8, 5, 13, 1, 9
2_2_14 4, 12
2_28_00 15, 7
3_5_00 2, 10, 14
6_30_08 8, 16, 4, 12, 1, 9
8_5_16 10, 2, 6, 14, 11, 3, 7, 15
8_8_06 5, 13, 1, 9, 6, 14, 2, 10
5_17_08 5, 13, 1, 9, 6
8_26_00 3, 11, 15, 7, 4, 12, 16, 8
4_19_18 10, 2, 6, 14
2_20_08 1, 9
4_23_04 4, 12, 16, 8
6_3_18 10, 2, 6, 14, 11, 3
6_1_02 2, 10, 14, 6, 3, 11
2_21_22 13, 5
4_22_06 5, 13, 1, 9
6_27_22 14, 6, 10, 2, 15, 7
1_4_08 9
1_21_14 9
2_23_00 2, 10
7_25_02 4, 12, 16, 8, 5, 13, 1
8_3_18 10, 2, 6, 14, 11, 3, 7, 15
7_24_18 11, 3, 7, 15, 16, 8, 12
5_17_06 4, 12, 16, 8, 5
2_27_04 5, 13
8_16_08 8, 16, 4, 12, 5, 13, 1, 9
5_28_18 12, 4, 8, 16, 1
3_15_18 13, 5, 1
4_28_12 9, 1, 5, 13
2_8_20 8, 16
4_27_18 12, 4, 8, 16
3_24_18 7, 15, 11
2_22_02 15, 7
1_4_18 14
1_14_10 5
4_21_14 9, 1, 5, 13
1_27_16 3
4_11_08 7, 15, 3, 11
5_19_00 1, 9, 13, 5, 10
7_18_12 7, 15, 3, 11, 4, 12, 16
4_16_06 7, 15, 3, 11
1_11_18 4
2_18_06 16, 8
5_24_20 12, 4, 8, 16, 1
4_18_22 12, 4, 8, 16
8_8_00 2, 10, 14, 6, 3, 11, 15, 7
2_20_04 15, 7
1_11_14 2
4_25_00 3, 11, 15, 7
4_21_22 13, 5, 9, 1
3_23_16 10, 2, 14
2_19_16 9, 1
5_26_20 13, 5, 9, 1, 10
3_23_06 5, 13, 9
1_29_10 9
7_3_10 6, 14, 2, 10, 15, 7, 11
6_25_12 9, 1, 5, 13, 10, 2
5_30_04 6, 14, 2, 10, 15
7_12_06 6, 14, 2, 10, 11, 3, 7
7_6_08 6, 14, 2, 10, 3, 11, 15
5_10_00 3, 11, 15, 7, 16
7_21_22 13, 5, 9, 1, 14, 6, 10
7_3_02 2, 10, 14, 6, 11, 3, 7
6_11_12 9, 1, 5, 13, 10, 2
2_5_16 10, 2
8_10_22 14, 6, 10, 2, 15, 7, 11, 3
4_17_10 6, 14, 2, 10
6_13_12 10, 2, 6, 14, 7, 15
7_14_22 15, 7, 11, 3, 8, 16, 4
1_8_16 14
2_18_14 4, 12
4_5_02 3, 11, 15, 7
4_5_20 12, 4, 8, 16
1_25_04 5
1_19_00 9
2_7_16 10, 2
5_5_12 8, 16, 4, 12, 9
3_10_22 10, 2, 6
4_24_12 8, 16, 4, 12
4_1_06 4, 12, 16, 8
2_12_06 2, 10
3_2_02 14, 6, 10
2_12_18 8, 16
3_3_12 7, 15, 11
8_6_16 10, 2, 6, 14, 11, 3, 7, 15
5_3_04 3, 11, 15, 7, 12
8_27_04 5, 13, 1, 9, 6, 14, 2, 10
1_6_08 2
3_28_16 7, 15, 11
5_22_14 9, 1, 5, 13, 6
4_2_08 5, 13, 1, 9
3_2_06 16, 8, 12
5_4_18 10, 2, 6, 14, 15
6_30_06 7, 15, 3, 11, 16, 8
4_2_16 9, 1, 5, 13
4_31_10 9, 1, 5, 13
7_24_04 4, 12, 16, 8, 9, 1, 5
8_12_22 14, 6, 10, 2, 15, 7, 11, 3
3_28_18 8, 16, 12
6_13_12 10, 2, 6, 14, 7, 15
4_1_22 12, 4, 8, 16
3_6_04 16, 8, 12
4_6_00 2, 10, 14, 6
4_25_06 6, 14, 2, 10
5_30_14 11, 3, 7, 15, 4
1_29_14 11
8_19_02 2, 10, 14, 6, 3, 11, 15, 7
6_6_14 9, 1, 5, 13, 6, 14
1_4_18 14
1_4_02 6
4_14_18 13, 5, 9, 1
3_5_04 4, 12, 16
2_14_22 11, 3
7_14_04 6, 14, 2, 10, 15, 7, 11
7_9_10 8, 16, 4, 12, 9, 1, 5
5_5_12 8, 16, 4, 12, 9
1_22_20 8
5_31_14 11, 3, 7, 15, 16
3_11_06 6, 14, 10
4_8_04 4, 12, 16, 8
4_26_02 4, 12, 16, 8
5_11_06 6, 14, 2, 10, 15
6_5_04 4, 12, 16, 8, 5, 13
4_22_16 10, 2, 6, 14
4_9_20 13, 5, 9, 1
8_29_22 15, 7, 11, 3, 12, 4, 8, 16
8_15_12 10, 2, 6, 14, 7, 15, 3, 11
8_8_08 6, 14, 2, 10, 7, 15, 3, 11
4_19_10 6, 14, 2, 10
5_24_04 4, 12, 16, 8, 9
2_24_10 3, 11
1_25_02 4
1_6_18 7
6_19_14 8, 16, 4, 12, 9, 1
3_19_16 9, 1, 13
4_29_10 9, 1, 5, 13
3_22_14 5, 13, 1
4_12_06 6, 14, 2, 10
6_9_16 11, 3, 7, 15, 12, 4
2_28_00 15, 7
8_23_08 6, 14, 2, 10, 7, 15, 3, 11
5_28_18 12, 4, 8, 16, 1
8_23_22 13, 5, 9, 1, 14, 6, 10, 2
4_12_06 6, 14, 2, 10
4_20_02 2, 10, 14, 6
3_10_10 4, 12, 16
6_13_08 8, 16, 4, 12, 5, 13
3_25_18 12, 4, 8
3_18_20 7, 15, 3
4_28_12 9, 1, 5, 13
2_24_02 15, 7
7_9_06 6, 14, 2, 10, 7, 15, 3
8_13_12 10, 2, 6, 14, 7, 15, 3, 11
1_1_14 8
1_26_10 4
4_31_02 5, 13, 1, 9
1_6_22 9
3_2_22 8, 16, 4
5_17_10 6, 14, 2, 10, 7
4_18_08 5, 13, 1, 9
5_19_12 7, 15, 3, 11, 16
7_14_00 4, 12, 16, 8, 13, 5, 9
8_30_00 4, 12, 16, 8, 1, 9, 13, 5
5_19_10 6, 14, 2, 10, 15
4_13_22 15, 7, 11, 3
7_23_12 8, 16, 4, 12, 1, 9, 13
8_14_18 13, 5, 9, 1, 10, 2, 6, 14
8_12_08 7, 15, 3, 11, 8, 16, 4, 12
8_19_06 4, 12, 16, 8, 5, 13, 1, 9
1_20_14 12
4_15_10 9, 1, 5, 13
4_1_14 8, 16, 4, 12
4_4_08 5, 13, 1, 9
1_15_14 3
2_2_20 7, 15
8_28_00 3, 11, 15, 7, 4, 12, 16, 8
2_2_14 4, 12
8_5_02 3, 11, 15, 7, 4, 12, 16, 8
6_31_14 11, 3, 7, 15, 8, 16
8_12_10 8, 16, 4, 12, 9, 1, 5, 13
7_9_16 11, 3, 7, 15, 12, 4, 8
7_3_14 8, 16, 4, 12, 1, 9, 13
3_12_02 16, 8, 4
5_7_04 4, 12, 16, 8, 13
3_30_18 9, 1, 5
3_24_18 7, 15, 11
4_31_02 5, 13, 1, 9
6_20_00 1, 9, 13, 5, 14, 6
4_25_18 12, 4, 8, 16
4_4_04 3, 11, 15, 7
3_25_12 9, 1, 5
4_24_06 5, 13, 1, 9
8_17_00 1, 9, 13, 5, 2, 10, 14, 6
3_15_06 7, 15, 11
7_29_04 6, 14, 2, 10, 3, 11, 15
6_15_14 11, 3, 7, 15, 8, 16
1_2_06 16
5_31_22 15, 7, 11, 3, 4
8_24_02 3, 11, 15, 7, 4, 12, 16, 8
6_8_14 9, 1, 5, 13, 6, 14
8_11_16 11, 3, 7, 15, 12, 4, 8, 16
4_10_08 7, 15, 3, 11
8_12_22 14, 6, 10, 2, 15, 7, 11, 3
2_11_18 12, 4
4_12_16 11, 3, 7, 15
2_23_12 8, 16
1_8_08 10
4_14_00 4,12, 16, 8
5_16_18 13, 5, 9, 1, 14
8_19_12 7, 15, 3, 11, 8, 16, 4, 12
8_3_20 11, 3, 7, 15, 12, 4, 8, 16
3_6_22 9, 1, 5
2_28_18 8, 16
8_1_02 2, 10, 14, 6, 3, 11, 15, 7
8_18_02 2, 10, 14, 6, 3, 11, 15, 7
6_26_00 3, 11, 15, 7, 16, 8
8_14_14 11, 3, 7, 15, 8, 16, 4, 12
8_7_18 11, 3, 7, 15, 12, 4, 8, 16
5_21_08 6, 14, 2, 10, 7
7_4_02 2, 10, 14, 6, 7, 15, 3
2_15_00 4,12
1_5_14 9
7_18_04 3, 11, 15, 7, 16, 8, 12
4_17_14 8, 16, 4, 12
6_1_14 8, 16, 4, 12, 9, 1
8_1_18 10, 2, 6, 14, 11, 3, 7, 15
1_30_12 6
1_7_18 3
5_1_00 1, 9, 13, 5, 2
5_8_02 3, 11, 15, 7, 8
4_13_12 10, 2, 6, 14
1_10_04 1
2_17_10 6, 14
2_9_16 11, 3
1_8_06 9
4_22_18 11, 3, 7, 15
2_16_02 1, 9
1_13_22 15
2_20_02 14, 6
4_12_10 8, 16, 4, 12
4_3_06 4, 12, 16, 8
4_1_14 8, 16, 4, 12
2_28_22 10, 2
6_31_06 7, 15, 3, 11, 4, 12
7_8_14 9, 1, 5, 13, 14, 6, 10
6_5_20 12, 4, 8, 16, 13, 5
4_18_06 4, 12, 16, 8
1_20_12 11
8_7_04 4, 12, 16, 8, 5, 13, 1, 9
4_22_14 9, 1, 5, 13
7_25_06 6, 14, 2, 10, 7, 15, 3
2_25_02 4, 12
6_6_06 5, 13, 1, 9, 2, 10
6_4_18 10, 2, 6, 14, 7, 15
5_16_22 15, 7, 11, 3, 16
7_7_18 11, 3, 7, 15, 4, 12, 16
1_14_14 7
1_14_16 8
6_17_12 7, 15, 3, 11, 8, 16
2_29_18 13, 5
2_29_06 7, 15
2_27_18 12, 4
4_20_02 2, 10, 14, 6
1_3_22 4
2_24_14 5, 13
4_17_10 6, 14, 2, 10
4_20_04 3, 11, 15, 7
2_23_04 4, 12
6_12_10 8, 16, 4, 12, 5, 13
6_25_02 4, 12, 16, 8, 5, 13
4_7_02 3, 11, 15, 7
1_25_08 7
7_19_20 11, 3, 7, 15, 4, 12, 16
1_25_22 14
3_2_02 14, 6, 10
7_5_22 13, 5, 9, 1, 14, 6, 10
1_1_16 9
1_20_22 16
4_4_14 8, 16, 4, 12
6_29_02 5, 13, 1, 9, 2, 10
1_24_02 7
1_30_14 7
1_7_00 10
3_7_10 7, 15, 11
7_2_00 1, 9, 13, 5, 14, 6, 10
8_29_06 7, 15, 3, 11, 4, 12, 16, 8
7_4_04 3, 11, 15, 7, 8, 16, 4
2_24_02 15, 7
3_29_22 15, 7, 11
2_10_22 10, 2
8_22_08 6, 14, 2, 10, 7, 15, 3, 11
6_22_12 8, 16, 4, 12, 5, 13
2_9_04 5, 13
1_21_18 11
3_27_20 13, 5, 1
7_16_16 12, 4, 8, 16, 13, 5, 9
6_15_16 12, 4, 8, 16, 9, 1
7_13_06 7, 15, 3, 11, 4, 12, 16
8_20_18 10, 2, 6, 14, 11, 3, 7, 15
7_15_04 6, 14, 2, 10, 11, 3, 7
4_19_04 3, 11, 15, 7
8_29_02 5, 13, 1, 9, 2, 10, 14, 6
2_18_10 2, 10
1_31_08 16
3_15_02 5, 13, 9
1_6_16 6
4_18_10 6, 14, 2, 10
6_24_04 4, 12, 16, 8, 1, 9
7_4_16 9, 1, 5, 13, 14, 6, 10
3_29_10 9, 1, 5
4_28_12 9, 1, 5, 13
8_28_12 9, 1, 5, 13, 10, 2, 6, 14
2_31_00 4,12
8_29_14 11, 3, 7, 15, 8, 16, 4, 12
1_27_22 6
2_12_02 16, 8
4_30_04 6, 14, 2, 10
3_23_00 2, 10, 6
7_26_00 3, 11, 15, 7, 16, 8, 12
2_31_04 6, 14
3_5_20 12, 4, 8
1_19_08 13
3_24_04 16, 8, 4
1_26_16 7
5_19_02 2, 10, 14, 6, 11
4_18_18 10, 2, 6, 14
4_24_00 2, 10, 14, 6
8_11_14 10, 2, 6, 14, 11, 3, 7, 15
7_14_04 6, 14, 2, 10, 15, 7, 11
3_16_06 3, 11, 7
5_11_06 6, 14, 2, 10, 15
3_20_02 14, 6, 2
5_5_06 5, 13, 1, 9, 6
8_17_00 1, 9, 13, 5, 2, 10, 14, 6
7_15_22 15, 7, 11, 3, 4, 12, 16
6_21_18 11, 3, 7, 15, 12, 4
2_19_06 4, 12
6_10_14 10, 2, 6, 14, 7, 15
2_8_20 8, 16
5_22_08 6, 14, 2, 10, 3
5_2_12 7, 15, 3, 11, 4
3_24_16 6, 14, 10
4_8_06 5, 13, 1, 9
