4_24_06 5, 13, 1, 9
3_20_06 16, 8, 4
7_31_04 6, 14, 2, 10, 11, 3, 7
5_3_08 5, 13, 1, 9, 14
4_3_12 7, 15, 3, 11
4_18_20 11, 3, 7, 15
2_5_10 7, 15
2_23_06 5, 13
4_2_16 9, 1, 5, 13
1_23_14 1
5_19_02 2, 10, 14, 6, 11
8_21_16 10, 2, 6, 14, 11, 3, 7, 15
8_23_20 12, 4, 8, 16, 13, 5, 9, 1
2_18_08 1, 9
4_11_20 13, 5, 9, 1
4_31_08 8, 16, 12
1_11_02 12
7_13_04 6, 14, 2, 10, 3, 11, 15
8_9_18 12, 4, 8, 16, 13, 5, 9, 1
2_16_00 16, 8
8_3_22 12, 4, 8, 16, 13, 5, 9, 1
2_2_10 2, 10
3_7_16 10, 2, 14
2_28_00 15, 7
5_25_06 6, 14, 2, 10, 7
5_11_22 14, 6, 10, 2, 7
8_24_08 6, 14, 2, 10, 7, 15, 3, 11
6_16_06 7, 15, 3, 11, 16, 8
5_4_14 8, 16, 4, 12, 13
5_29_18 13, 5, 9, 1, 10
3_13_20 14, 6, 10
6_9_16 11, 3, 7, 15, 12, 4
1_6_12 4
4_13_14 11, 3, 7, 15
1_13_12 10
8_24_00 2, 10, 14, 6, 3, 11, 15, 7
3_16_06 3, 11, 7
3_5_04 4, 12, 16
8_17_08 5, 13, 1, 9, 6, 14, 2, 10
1_5_12 8
8_8_12 8, 16, 4, 12, 9, 1, 5, 13
2_16_14 7, 15
1_31_14 3
3_7_00 2, 10, 6
6_17_20 11, 3, 7, 15, 12, 4
5_16_02 5, 13, 1, 9, 6
4_26_10 8, 16, 4, 12
6_15_18 13, 5, 9, 1, 10, 2
1_11_16 3
6_28_18 12, 4, 8, 16, 9, 1
7_24_04 4, 12, 16, 8, 9, 1, 5
5_11_20 13, 5, 9, 1, 6
7_1_00 1, 9, 13, 5, 2, 10, 14
8_26_10 8, 16, 4, 12, 9, 1, 5, 13
8_2_18 10, 2, 6, 14, 11, 3, 7, 15
2_26_12 5, 13
5_17_10 6, 14, 2, 10, 7
1_25_04 5
6_14_18 13, 5, 9, 1, 6, 14
5_19_18 10, 2, 6, 14, 3
2_18_02 14, 6
3_27_10 8, 16, 12
6_23_18 11, 3, 7, 15, 12, 4
8_21_22 13, 5, 9, 1, 14, 6, 10, 2
8_21_04 4, 12, 16, 8, 5, 13, 1, 9
2_31_08 8, 16
6_23_22 13, 5, 9, 1, 14, 6
2_13_12 10, 2
2_18_08 1, 9
5_11_20 13, 5, 9, 1, 6
3_3_02 2, 10, 6
6_24_02 3, 11, 15, 7, 16, 8
1_31_06 15
4_30_08 8, 16, 4, 12
7_17_18 10, 2, 6, 14, 11, 3, 7
2_5_08 6, 14
2_20_08 1, 9
1_4_20 15
5_29_20 14, 6, 10, 2, 11
8_13_08 8, 16, 4, 12, 5, 13, 1, 9
5_21_08 6, 14, 2, 10, 7
4_15_08 8, 16, 12
2_3_14 8, 16
7_2_08 5, 13, 1, 9, 2, 10, 14
6_4_02 2, 10, 14, 6, 15, 7
7_2_00 1, 9, 13, 5, 14, 6, 10
7_2_04 3, 11, 15, 7, 16, 8, 12
7_31_18 13, 5, 9, 1, 2, 10, 14
8_6_22 13, 5, 9, 1, 14, 6, 10, 2
2_7_04 4, 12
6_3_04 3, 11, 15, 7, 4, 12
6_24_02 3, 11, 15, 7, 16, 8
2_11_16 11, 3
2_28_04 1, 9
8_7_00 2, 10, 14, 6, 3, 11, 15, 7
4_6_02 3, 11, 15, 7
7_17_04 3, 11, 15, 7, 4, 12, 16
7_3_10 6, 14, 2, 10, 15, 7, 11
4_8_02 3, 11, 15, 7
3_31_08 8, 16, 12
6_23_22 13, 5, 9, 1, 14, 6
5_22_12 8, 16, 4, 12, 5
3_15_12 10, 2, 14
8_11_00 3, 11, 15, 7, 4, 12, 16, 8
3_25_14 10, 2, 6
3_12_14 6, 14, 10
3_9_10 8, 16, 4
3_11_14 10, 2, 14
2_12_18 8, 16
7_11_22 14, 6, 10, 2, 7, 15, 3
3_12_10 4, 12, 8
2_25_18 12, 4
8_30_10 9, 1, 5, 13, 6, 14, 2, 10
5_25_02 4, 12, 16, 8, 5
5_2_16 9, 1, 5, 13, 6
3_13_14 11, 3, 7
7_17_22 12, 4, 8, 16, 13, 5, 9
5_1_12 7, 15, 3, 11, 8
4_2_10 6, 14, 2, 10
6_19_00 1, 9, 13, 5, 2, 10
3_17_06 4, 12, 16
2_21_20 12, 4
8_26_14 10, 2, 6, 14, 11, 3, 7, 15
4_23_00 2, 10, 14, 6
6_17_20 11, 3, 7, 15, 12, 4
4_30_10 9, 1, 5, 13
1_24_14 13
5_5_14 9, 1, 5, 13, 10
2_25_04 5, 13
4_2_20 11, 3, 7, 15
7_26_20 13, 5, 9, 1, 10, 2, 6
8_31_08 8, 16, 4, 12, 5, 13, 1, 9
2_18_02 14, 6
2_21_18 11, 3
6_2_22 12, 4, 8, 16, 9, 1
1_27_16 3
3_4_00 13, 5, 1
7_13_00 4, 12, 16, 8, 1, 9, 13
1_31_16 4
1_15_18 5
5_6_04 4, 12, 16, 8, 1
3_29_14 11, 3, 7
7_5_02 3, 11, 15, 7, 4, 12, 16
5_30_00 4, 12, 16, 8, 13
1_10_16 7
2_13_16 12, 4
7_2_02 2, 10, 14, 6, 15, 7, 11
1_30_16 8
4_25_00 3, 11, 15, 7
5_16_22 15, 7, 11, 3, 16
7_16_02 5, 13, 1, 9, 6, 14, 2
8_22_08 6, 14, 2, 10, 7, 15, 3, 11
3_5_02 3, 11, 15
4_12_04 5, 13, 1, 9
1_31_00 12
4_12_20 13, 5, 9, 1
8_31_18 13, 5, 9, 1, 10, 2, 6, 14
3_1_16 9, 1, 5
1_20_08 9
5_29_04 6, 14, 2, 10, 3
3_12_02 16, 8, 4
6_25_14 10, 2, 6, 14, 11, 3
7_23_16 10, 2, 6, 14, 3, 11, 15
6_9_06 6, 14, 2, 10, 7, 15
4_16_08 8, 16, 4, 12
8_3_08 5, 13, 1, 9, 6, 14, 2, 10
5_12_02 4, 12, 16, 8, 9
7_23_20 12, 4, 8, 16, 5, 13, 1
1_22_00 14
1_18_14 4
7_11_02 4, 12, 16, 8, 13, 5, 9
1_2_18 6
1_14_22 11
7_10_00 3, 11, 15, 7, 16, 8, 12
5_9_14 10, 2, 6, 14, 11
6_2_04 3, 11, 15, 7, 16, 8
1_18_08 1
8_18_04 3, 11, 15, 7, 4, 12, 16, 8
5_16_06 7, 15, 3, 11, 8
1_2_04 15
2_29_04 6, 14
5_3_04 3, 11, 15, 7, 12
3_14_10 5, 13, 1
2_21_14 9, 1
8_24_02 3, 11, 15, 7, 4, 12, 16, 8
1_31_14 3
5_14_10 9, 1, 5, 13, 2
5_5_10 7, 15, 3, 11, 8
3_17_16 9, 1, 5
5_11_04 5, 13, 1, 9, 14
8_3_14 8, 16, 4, 12, 9, 1, 5, 13
2_29_02 5, 13
8_10_10 8, 16, 4, 12, 9, 1, 5, 13
6_5_08 6, 14, 2, 10, 7, 15
4_25_04 5, 13, 1, 9
8_6_02 3, 11, 15, 7, 4, 12, 16, 8
2_17_20 11, 3
8_13_18 13, 5, 9, 1, 10, 2, 6, 14
1_11_16 3
8_16_22 15, 7, 11, 3, 12, 4, 8, 16
6_29_12 10, 2, 6, 14, 7, 15
6_21_18 11, 3, 7, 15, 12, 4
6_11_16 11, 3, 7, 15, 12, 4
1_16_02 9
7_2_14 8, 16, 4, 12, 5, 13, 1
4_8_12 8, 16, 4, 12
6_2_18 10, 2, 6, 14, 7, 15
6_12_14 10, 2, 6, 14, 7, 15
5_23_16 10, 2, 6, 14, 3
1_30_10 5
2_12_02 16, 8
3_12_04 1, 9, 5
8_15_18 13, 5, 9, 1, 10, 2, 6, 14
2_17_06 4, 12
1_27_08 15
8_25_00 3, 11, 15, 7, 4, 12, 16, 8
8_31_08 8, 16, 4, 12, 5, 13, 1, 9
8_19_04 3, 11, 15, 7, 4, 12, 16, 8
5_3_16 9, 1, 5, 13, 2
1_27_04 13
7_8_08 6, 14, 2, 10, 11, 3, 7
7_31_14 11, 3, 7, 15, 16, 8, 12
5_6_16 10, 2, 6, 14, 7
3_17_04 3, 11, 15
8_12_14 10, 2, 6, 14, 11, 3, 7, 15
2_10_22 10, 2
4_26_18 12, 4, 8, 16
1_29_18 13
3_11_22 14, 6, 2
4_21_18 11, 3, 7, 15
8_7_22 13, 5, 9, 1, 14, 6, 10, 2
2_15_22 15, 7
1_7_14 1
1_24_00 6
6_3_22 12, 4, 8, 16, 13, 5
2_17_06 4, 12
1_20_16 13
8_14_14 11, 3, 7, 15, 8, 16, 4, 12
5_25_10 8, 16, 4, 12, 9
6_22_14 9, 1, 5, 13, 6, 14
4_6_14 9, 1, 5, 13
3_16_16 8, 16, 12
1_13_16 12
3_26_12 5, 13, 1
7_1_10 6, 14, 2, 10, 7, 15, 3
2_8_00 14, 6
8_9_10 8, 16, 4, 12, 9, 1, 5, 13
5_7_10 7, 15, 3, 11, 16
2_23_20 12, 4
7_2_10 6, 14, 2, 10, 3, 11, 15
4_21_16 10, 2, 6, 14
2_6_06 1, 9
4_25_16 11, 3, 7, 15
4_20_12 7, 15, 3, 11
3_7_22 13, 5, 1
8_7_14 9, 1, 5, 13, 10, 2, 6, 14
6_17_10 6, 14, 2, 10, 7, 15
7_20_06 4, 12, 16, 8, 9, 1, 5
8_4_00 1, 9, 13, 5, 2, 10, 14, 6
7_16_18 13, 5, 9, 1, 14, 6, 10
