6_5_18 11, 3, 7, 15, 12, 4
8_6_14 9, 1, 5, 13, 10, 2, 6, 14
7_16_16 12, 4, 8, 16, 13, 5, 9
3_16_12 6, 14, 10
6_6_20 12, 4, 8, 16, 9, 1
5_12_08 7, 15, 3, 11, 12
3_5_12 8, 16, 4
2_19_16 9, 1
1_16_02 9
7_23_20 12, 4, 8, 16, 5, 13, 1
1_16_20 2
8_18_16 9, 1, 5, 13, 10, 2, 6, 14
2_7_10 7, 15
8_31_02 5, 13, 1, 9, 2, 10, 14, 6
4_30_18 13, 5, 9, 1
8_16_02 5, 13, 1, 9, 2, 10, 14, 6
2_13_00 4,12
4_6_02 3, 11, 15, 7
7_29_12 10, 2, 6, 14, 7, 15, 3
6_14_06 7, 15, 3, 11, 16, 8
6_22_18 11, 3, 7, 15, 8, 16
2_9_04 5, 13
7_29_14 11, 3, 7, 15, 8, 16, 4
8_12_18 12, 4, 8, 16, 13, 5, 9, 1
6_30_04 6, 14, 2, 10, 15, 7
4_24_00 2, 10, 14, 6
5_2_22 12, 4, 8, 16, 9
7_8_14 9, 1, 5, 13, 14, 6, 10
2_8_02 15, 7
5_1_06 4, 12, 16, 8, 5
4_7_18 11, 3, 7, 15
1_18_22 8
2_29_12 10, 2
8_19_10 6, 14, 2, 10, 7, 15, 3, 11
2_3_06 4, 12
5_19_22 12, 4, 8, 16, 5
7_4_02 2, 10, 14, 6, 7, 15, 3
1_3_22 4
3_16_00 16, 8, 4
7_20_00 1, 9, 13, 5, 6, 14, 2
4_26_20 13, 5, 9, 1
4_16_06 7, 15, 3, 11
6_19_14 8, 16, 4, 12, 9, 1
8_13_06 7, 15, 3, 11, 4, 12, 16, 8
3_2_06 16, 8, 12
3_3_22 12, 4, 16
5_28_10 8, 16, 4, 12, 13
1_22_22 9
1_15_18 5
8_12_18 12, 4, 8, 16, 13, 5, 9, 1
2_15_00 4,12
5_26_14 10, 2, 6, 14, 7
3_12_04 1, 9, 5
7_15_20 14, 6, 10, 2, 3, 11, 15
6_8_20 12, 4, 8, 16, 9, 1
2_25_16 11, 3
6_5_18 11, 3, 7, 15, 12, 4
4_13_18 13, 5, 9, 1
8_14_02 5, 13, 1, 9, 2, 10, 14, 6
4_4_06 4, 12, 16, 8
1_23_20 4
2_9_04 5, 13
3_1_10 6, 14, 2
8_12_20 13, 5, 9, 1, 14, 6, 10, 2
1_19_12 15
6_25_04 5, 13, 1, 9, 6, 14
7_8_22 13, 5, 9, 1, 2, 10, 14
6_5_02 3, 11, 15, 7, 4, 12
3_29_10 9, 1, 5
8_8_18 11, 3, 7, 15, 12, 4, 8, 16
3_6_06 1, 9, 13
4_17_18 10, 2, 6, 14
1_17_18 10
1_24_16 14
5_18_08 5, 13, 1, 9, 2
7_9_10 8, 16, 4, 12, 9, 1, 5
5_28_20 13, 5, 9, 1, 2
1_13_10 9
1_16_22 3
8_25_02 4, 12, 16, 8, 5, 13, 1, 9
5_8_00 2, 10, 14, 6, 7
3_1_10 6, 14, 2
3_30_18 9, 1, 5
1_29_10 9
3_25_22 14, 6, 10
2_21_20 12, 4
4_6_00 2, 10, 14, 6
8_15_02 5, 13, 1, 9, 2, 10, 14, 6
5_27_00 3, 11, 15, 7, 12
7_18_20 11, 3, 7, 15, 8, 16, 4
7_7_02 3, 11, 15, 7, 12, 4, 8
4_4_06 4, 12, 16, 8
7_9_20 13, 5, 9, 1, 14, 6, 10
2_30_04 2, 10
3_31_18 13, 5, 1
7_25_10 8, 16, 4, 12, 9, 1, 5
8_6_18 11, 3, 7, 15, 12, 4, 8, 16
3_13_06 7, 15, 3
5_18_18 10, 2, 6, 14, 7
5_10_22 14, 6, 10, 2, 11
1_19_22 4
8_20_20 11, 3, 7, 15, 12, 4, 8, 16
1_24_20 16
7_17_14 8, 16, 4, 12, 9, 1, 5
4_31_18 13, 5, 9, 1
8_13_16 12, 4, 8, 16, 9, 1, 5, 13
6_25_06 6, 14, 2, 10, 7, 15
3_4_18 6, 14, 10
6_2_14 8, 16, 4, 12, 5, 13
8_26_06 6, 14, 2, 10, 7, 15, 3, 11
5_22_14 9, 1, 5, 13, 6
1_27_04 13
5_3_12 7, 15, 3, 11, 16
3_3_10 6, 14, 10
8_19_20 11, 3, 7, 15, 12, 4, 8, 16
3_5_00 2, 10, 14
3_24_08 2, 10, 6
3_3_10 6, 14, 10
7_14_06 7, 15, 3, 11, 16, 8, 12
6_15_04 6, 14, 2, 10, 3, 11
7_7_22 13, 5, 9, 1, 6, 14, 2
1_7_12 16
2_27_00 3, 11
1_21_14 9
8_25_12 9, 1, 5, 13, 10, 2, 6, 14
1_7_04 12
1_21_00 2
6_9_02 4, 12, 16, 8, 5, 13
2_29_10 9, 1
5_19_18 10, 2, 6, 14, 3
6_13_04 6, 14, 2, 10, 3, 11
5_21_02 3, 11, 15, 7, 4
3_16_20 10, 2, 14
5_11_08 7, 15, 3, 11, 16
6_30_16 12, 4, 8, 16, 5, 13
5_8_12 8, 16, 4, 12, 13
6_26_22 14, 6, 10, 2, 11, 3
4_26_14 10, 2, 6, 14
5_25_12 9, 1, 5, 13, 10
7_3_22 12, 4, 8, 16, 5, 13, 1
7_31_16 12, 4, 8, 16, 1, 9, 13
7_26_20 13, 5, 9, 1, 10, 2, 6
4_17_02 2, 10, 14, 6
5_16_06 7, 15, 3, 11, 8
2_17_12 7, 15
5_13_20 14, 6, 10, 2, 11
1_21_20 12
4_29_10 9, 1, 5, 13
1_9_22 14
1_24_08 10
4_11_12 9, 1, 5, 13
2_14_16 8, 16
5_5_18 11, 3, 7, 15, 12
8_6_16 10, 2, 6, 14, 11, 3, 7, 15
8_2_08 5, 13, 1, 9, 6, 14, 2, 10
6_8_10 7, 15, 3, 11, 4, 12
6_5_16 10, 2, 6, 14, 11, 3
2_21_00 2, 10
5_9_18 12, 4, 8, 16, 13
2_28_22 10, 2
2_18_00 13, 5
7_30_16 12, 4, 8, 16, 5, 13, 1
7_30_16 12, 4, 8, 16, 5, 13, 1
5_18_18 10, 2, 6, 14, 7
3_29_20 14, 6, 10
4_21_20 12, 4, 8, 16
3_17_10 6, 14, 2
4_15_12 10, 2, 6, 14
4_29_06 7, 15, 3, 11
5_14_02 5, 13, 1, 9, 14
1_26_22 10
4_5_10 7, 15, 3, 11
8_4_12 7, 15, 3, 11, 8, 16, 4, 12
4_23_22 13, 5, 9, 1
5_28_02 4, 12, 16, 8, 9
8_30_02 5, 13, 1, 9, 2, 10, 14, 6
6_9_00 3, 11, 15, 7, 4, 12
4_11_14 10, 2, 6, 14
2_9_02 4, 12
6_27_12 9, 1, 5, 13, 10, 2
8_23_04 4, 12, 16, 8, 5, 13, 1, 9
6_2_14 8, 16, 4, 12, 5, 13
5_1_10 6, 14, 2, 10, 7
6_18_22 12, 4, 8, 16, 9, 1
7_26_20 13, 5, 9, 1, 10, 2, 6
4_17_14 8, 16, 4, 12
8_22_00 2, 10, 14, 6, 3, 11, 15, 7
6_21_14 9, 1, 5, 13, 10, 2
3_28_10 4, 12, 8
4_12_20 13, 5, 9, 1
4_27_00 3, 11, 15, 7
8_24_14 9, 1, 5, 13, 10, 2, 6, 14
5_9_16 11, 3, 7, 15, 12
7_23_18 11, 3, 7, 15, 4, 12, 16
5_22_04 4, 12, 16, 8, 1
8_31_14 11, 3, 7, 15, 8, 16, 4, 12
4_4_14 8, 16, 4, 12
7_30_02 5, 13, 1, 9, 14, 6, 10
5_30_04 6, 14, 2, 10, 15
8_4_18 10, 2, 6, 14, 11, 3, 7, 15
5_14_10 9, 1, 5, 13, 2
4_7_02 3, 11, 15, 7
6_8_02 3, 11, 15, 7, 16, 8
2_10_20 9, 1
3_30_16 8, 16, 4
4_12_04 5, 13, 1, 9
5_14_10 9, 1, 5, 13, 2
2_13_08 8, 16
7_24_18 11, 3, 7, 15, 16, 8, 12
3_3_06 4, 12, 8
3_2_22 8, 16, 4
7_26_12 9, 1, 5, 13, 6, 14, 2
6_21_04 4, 12, 16, 8, 5, 13
8_1_14 8, 16, 4, 12, 9, 1, 5, 13
4_24_12 8, 16, 4, 12
1_15_08 16
1_26_14 6
8_21_00 2, 10, 14, 6, 3, 11, 15, 7
7_25_22 14, 6, 10, 2, 15, 7, 11
1_2_02 14
7_9_22 14, 6, 10, 2, 15, 7, 11
6_14_08 8, 16, 4, 12, 1, 9
6_17_00 1, 9, 13, 5, 2, 10
7_16_06 7, 15, 3, 11, 8, 16, 4
6_28_10 8, 16, 4, 12, 5, 13
8_16_08 8, 16, 4, 12, 5, 13, 1, 9
4_21_18 11, 3, 7, 15
1_4_16 13
7_16_10 9, 1, 5, 13, 10, 2, 6
4_27_10 8, 16, 4, 12
8_3_02 2, 10, 14, 6, 3, 11, 15, 7
1_6_10 3
4_14_06 7, 15, 3, 11
6_24_08 6, 14, 2, 10, 3, 11
6_30_04 6, 14, 2, 10, 15, 7
5_19_20 11, 3, 7, 15, 4
3_2_22 8, 16, 4
1_18_16 5
3_7_04 4, 12, 8
3_2_14 4, 12, 16
6_6_10 7, 15, 3, 11, 4, 12
3_16_06 3, 11, 7
5_22_14 9, 1, 5, 13, 6
7_18_16 9, 1, 5, 13, 6, 14, 2
3_25_04 5, 13, 1
8_28_18 12, 4, 8, 16, 13, 5, 9, 1
3_30_10 5, 13, 1
1_12_12 13
3_19_16 9, 1, 13
2_22_00 14, 6
1_18_22 8
3_14_10 5, 13, 1
2_24_18 7, 15
7_18_18 10, 2, 6, 14, 7, 15, 3
5_29_08 8, 16, 4, 12, 5
4_2_06 4, 12, 16, 8
7_23_12 8, 16, 4, 12, 1, 9, 13
1_20_22 16
7_30_02 5, 13, 1, 9, 14, 6, 10
1_19_18 2
