5_31_06 7, 15, 3, 11, 12
7_3_16 9, 1, 5, 13, 2, 10, 14
7_25_00 3, 11, 15, 7, 4, 12, 16
4_23_22 13, 5, 9, 1
3_7_20 12, 4, 16
4_9_02 4, 12, 16, 8
5_29_02 5, 13, 1, 9, 2
2_3_14 8, 16
3_21_16 10, 2, 6
1_26_18 8
2_29_20 14, 6
8_8_08 6, 14, 2, 10, 7, 15, 3, 11
6_8_06 5, 13, 1, 9, 2, 10
3_1_22 12, 4, 8
7_28_20 13, 5, 9, 1, 2, 10, 14
2_15_08 8, 16
1_19_16 1
8_8_02 3, 11, 15, 7, 4, 12, 16, 8
5_30_18 13, 5, 9, 1, 6
8_12_14 10, 2, 6, 14, 11, 3, 7, 15
6_20_06 4, 12, 16, 8, 1, 9
2_26_08 3, 11
3_24_14 5, 13, 9
7_26_14 10, 2, 6, 14, 7, 15, 3
2_24_08 2, 10
8_8_20 12, 4, 8, 16, 13, 5, 9, 1
4_31_06 7, 15, 3, 11
7_8_00 2, 10, 14, 6, 7, 15, 3
1_19_12 15
2_22_20 8, 16
4_10_06 6, 14, 2, 10
7_23_14 9, 1, 5, 13, 2, 10, 14
5_1_10 6, 14, 2, 10, 7
6_17_16 9, 1, 5, 13, 10, 2
3_13_06 7, 15, 3
6_23_16 10, 2, 6, 14, 11, 3
2_10_16 7, 15
4_28_10 8, 16, 4, 12
4_11_04 5, 13, 1, 9
8_16_10 9, 1, 5, 13, 6, 14, 2, 10
4_30_04 6, 14, 2, 10
7_4_12 7, 15, 3, 11, 12, 4, 8
3_9_18 12, 4, 8
6_19_14 8, 16, 4, 12, 9, 1
4_25_14 10, 2, 6, 14
8_28_12 9, 1, 5, 13, 10, 2, 6, 14
4_27_02 4, 12, 16, 8
2_27_04 5, 13
7_1_20 11, 3, 7, 15, 12, 4, 8
4_20_06 4, 12, 16, 8
8_1_04 3, 11, 15, 7, 4, 12, 16, 8
7_2_18 10, 2, 6, 14, 7, 15, 3
7_27_02 4, 12, 16, 8, 13, 5, 9
8_17_12 7, 15, 3, 11, 8, 16, 4, 12
2_25_02 4, 12
8_30_22 15, 7, 11, 3, 12, 4, 8, 16
1_29_04 6
1_24_20 16
8_16_08 8, 16, 4, 12, 5, 13, 1, 9
8_14_02 5, 13, 1, 9, 2, 10, 14, 6
8_23_20 12, 4, 8, 16, 13, 5, 9, 1
5_30_14 11, 3, 7, 15, 4
5_5_18 11, 3, 7, 15, 12
3_25_04 5, 13, 1
4_1_10 6, 14, 2, 10
5_18_20 11, 3, 7, 15, 8
2_5_12 8, 16
4_22_10 7, 15, 3, 11
2_16_10 5, 13
8_26_14 10, 2, 6, 14, 11, 3, 7, 15
7_17_22 12, 4, 8, 16, 13, 5, 9
6_12_04 5, 13, 1, 9, 2, 10
3_11_14 10, 2, 14
2_15_00 4,12
1_23_20 4
8_26_02 4, 12, 16, 8, 5, 13, 1, 9
7_19_22 12, 4, 8, 16, 5, 13, 1
4_5_08 6, 14, 2, 10
1_3_16 1
7_24_06 5, 13, 1, 9, 10, 2, 6
6_1_08 5, 13, 1, 9, 6, 14
5_14_06 7, 15, 3, 11, 16
8_4_02 2, 10, 14, 6, 3, 11, 15, 7
1_11_06 14
2_23_08 6, 14
6_1_02 2, 10, 14, 6, 3, 11
5_7_02 3, 11, 15, 7, 12
3_21_18 11, 3, 7
5_22_10 7, 15, 3, 11, 4
4_10_06 6, 14, 2, 10
5_28_10 8, 16, 4, 12, 13
8_17_18 10, 2, 6, 14, 11, 3, 7, 15
4_7_00 2, 10, 14, 6
6_9_18 12, 4, 8, 16, 13, 5
7_24_16 10, 2, 6, 14, 15, 7, 11
2_23_14 9, 1
7_11_12 9, 1, 5, 13, 2, 10, 14
2_4_20 7, 15
1_25_18 12
7_27_20 13, 5, 9, 1, 6, 14, 2
5_6_18 11, 3, 7, 15, 8
4_12_10 8, 16, 4, 12
1_7_20 4
4_9_16 11, 3, 7, 15
8_15_10 9, 1, 5, 13, 6, 14, 2, 10
7_25_06 6, 14, 2, 10, 7, 15, 3
5_21_18 11, 3, 7, 15, 12
7_5_18 11, 3, 7, 15, 12, 4, 8
2_20_08 1, 9
2_6_14 5, 13
8_7_18 11, 3, 7, 15, 12, 4, 8, 16
2_24_02 15, 7
1_12_12 13
1_11_22 6
1_25_20 13
2_2_06 16, 8
3_25_14 10, 2, 6
7_7_08 6, 14, 2, 10, 15, 7, 11
4_29_02 5, 13, 1, 9
8_22_22 13, 5, 9, 1, 14, 6, 10, 2
4_23_04 4, 12, 16, 8
8_25_04 5, 13, 1, 9, 6, 14, 2, 10
5_23_16 10, 2, 6, 14, 3
6_19_06 4, 12, 16, 8, 5, 13
3_9_16 11, 3, 7
6_13_20 14, 6, 10, 2, 11, 3
2_31_00 4,12
7_3_08 5, 13, 1, 9, 14, 6, 10
5_15_06 7, 15, 3, 11, 12
8_13_20 14, 6, 10, 2, 11, 3, 7, 15
4_31_14 11, 3, 7, 15
5_15_12 10, 2, 6, 14, 15
5_3_02 2, 10, 14, 6, 11
3_13_22 15, 7, 11
7_9_16 11, 3, 7, 15, 12, 4, 8
1_1_00 1
7_5_12 8, 16, 4, 12, 9, 1, 5
3_7_06 5, 13, 9
3_16_10 5, 13, 9
1_8_08 10
8_16_06 7, 15, 3, 11, 4, 12, 16, 8
2_17_10 6, 14
8_17_06 4, 12, 16, 8, 5, 13, 1, 9
1_30_02 1
3_11_04 5, 13, 9
2_30_22 11, 3
1_10_16 7
3_6_04 16, 8, 12
3_22_06 1, 9, 13
2_14_16 8, 16
5_4_00 1, 9, 13, 5, 6
1_7_18 3
3_21_02 3, 11, 15
4_4_14 8, 16, 4, 12
7_26_16 11, 3, 7, 15, 8, 16, 4
7_7_18 11, 3, 7, 15, 4, 12, 16
8_12_20 13, 5, 9, 1, 14, 6, 10, 2
4_2_08 5, 13, 1, 9
4_30_04 6, 14, 2, 10
6_2_06 4, 12, 16, 8, 1, 9
7_13_18 13, 5, 9, 1, 10, 2, 6
5_6_18 11, 3, 7, 15, 8
6_27_04 5, 13, 1, 9, 6, 14
2_28_08 3, 11
1_4_10 10
6_11_00 3, 11, 15, 7, 4, 12
5_23_04 4, 12, 16, 8, 13
2_21_04 4, 12
4_29_20 14, 6, 10, 2
2_24_08 2, 10
1_12_20 1
8_17_04 3, 11, 15, 7, 4, 12, 16, 8
7_3_10 6, 14, 2, 10, 15, 7, 11
3_5_08 6, 14, 2
4_29_10 9, 1, 5, 13
3_21_22 13, 5, 9
2_4_00 13, 5
5_30_06 7, 15, 3, 11, 16
5_17_14 8, 16, 4, 12, 9
7_10_00 3, 11, 15, 7, 16, 8, 12
4_24_22 13, 5, 9, 1
3_28_20 9, 1, 13
7_5_22 13, 5, 9, 1, 14, 6, 10
4_9_08 7, 15, 3, 11
6_1_04 3, 11, 15, 7, 4, 12
8_16_00 4, 12, 16, 8, 1, 9, 13, 5
2_7_20 12, 4
4_12_16 11, 3, 7, 15
2_7_00 2, 10
5_8_00 2, 10, 14, 6, 7
3_19_10 6, 14, 10
5_21_12 8, 16, 4, 12, 9
4_4_14 8, 16, 4, 12
7_29_20 14, 6, 10, 2, 11, 3, 7
1_20_18 14
2_28_12 5, 13
3_16_20 10, 2, 14
4_16_02 5, 13, 1, 9
3_30_16 8, 16, 4
8_3_22 12, 4, 8, 16, 13, 5, 9, 1
3_18_00 13, 5, 9
1_1_08 5
4_22_04 4, 12, 16, 8
1_3_22 4
5_3_14 8, 16, 4, 12, 1
8_2_12 7, 15, 3, 11, 8, 16, 4, 12
2_28_10 4, 12
8_4_02 2, 10, 14, 6, 3, 11, 15, 7
1_26_08 3
1_9_00 3
1_19_22 4
3_15_22 15, 7, 3
1_10_10 4
1_9_04 5
3_31_06 7, 15, 11
3_25_02 4, 12, 16
4_3_08 5, 13, 1, 9
4_10_20 13, 5, 9, 1
7_29_16 12, 4, 8, 16, 9, 1, 5
8_7_02 3, 11, 15, 7, 4, 12, 16, 8
3_8_12 4, 12, 8
2_25_10 8, 16
7_4_02 2, 10, 14, 6, 7, 15, 3
8_23_02 3, 11, 15, 7, 4, 12, 16, 8
6_28_04 5, 13, 1, 9, 2, 10
3_13_02 5, 13, 1
2_21_14 9, 1
2_2_18 6, 14
3_27_20 13, 5, 1
6_9_14 10, 2, 6, 14, 11, 3
8_3_04 3, 11, 15, 7, 4, 12, 16, 8
8_19_22 12, 4, 8, 16, 13, 5, 9, 1
2_17_18 10, 2
3_12_08 3, 11, 7
4_10_20 13, 5, 9, 1
5_8_18 11, 3, 7, 15, 16
8_18_16 9, 1, 5, 13, 10, 2, 6, 14
8_29_10 9, 1, 5, 13, 6, 14, 2, 10
4_18_06 4, 12, 16, 8
4_31_10 9, 1, 5, 13
2_30_20 10, 2
1_15_06 15
8_16_22 15, 7, 11, 3, 12, 4, 8, 16
7_12_00 3, 11, 15, 7, 8, 16, 4
2_21_10 7, 15
4_11_14 10, 2, 6, 14
5_9_16 11, 3, 7, 15, 12
7_29_06 7, 15, 3, 11, 4, 12, 16
6_28_02 4, 12, 16, 8, 1, 9
2_22_06 1, 9
5_1_02 2, 10, 14, 6, 3
8_9_06 6, 14, 2, 10, 7, 15, 3, 11
2_17_16 9, 1
2_31_02 5, 13
7_21_04 4, 12, 16, 8, 5, 13, 1
4_6_22 13, 5, 9, 1
3_19_18 10, 2, 14
5_28_20 13, 5, 9, 1, 2
4_17_06 4, 12, 16, 8
5_14_16 12, 4, 8, 16, 5
7_1_02 2, 10, 14, 6, 3, 11, 15
3_24_04 16, 8, 4
5_2_10 6, 14, 2, 10, 3
8_31_18 13, 5, 9, 1, 10, 2, 6, 14
1_12_10 12
2_3_06 4, 12
2_29_10 9, 1
1_16_16 16
7_15_00 4, 12, 16, 8, 9, 1, 5
8_18_02 2, 10, 14, 6, 3, 11, 15, 7
8_13_22 15, 7, 11, 3, 12, 4, 8, 16
5_21_12 8, 16, 4, 12, 9
4_26_06 6, 14, 2, 10
5_31_00 4, 12, 16, 8, 9
8_23_02 3, 11, 15, 7, 4, 12, 16, 8
4_31_04 6, 14, 2, 10
4_21_18 11, 3, 7, 15
5_16_08 8, 16, 4, 12, 9
3_21_16 10, 2, 6
1_1_16 9
5_8_14 9, 1, 5, 13, 14
3_14_10 5, 13, 1
4_14_14 11, 3, 7, 15
2_3_00 1, 9
2_17_10 6, 14
2_24_18 7, 15
2_25_22 14, 6
8_31_04 6, 14, 2, 10, 3, 11, 15, 7
5_9_08 7, 15, 3, 11, 8
7_15_18 13, 5, 9, 1, 2, 10, 14
3_4_02 14, 6, 2
5_21_16 10, 2, 6, 14, 11
1_19_12 15
4_2_10 6, 14, 2, 10
1_24_16 14
6_4_22 12, 4, 8, 16, 9, 1
5_27_06 6, 14, 2, 10, 15
2_7_14 9, 1
4_17_20 11, 3, 7, 15
1_9_00 3
2_3_20 11, 3
6_23_06 5, 13, 1, 9, 6, 14
3_22_10 3, 11, 15
2_11_12 9, 1
4_17_20 11, 3, 7, 15
6_28_04 5, 13, 1, 9, 2, 10
2_21_20 12, 4
8_14_08 8, 16, 4, 12, 5, 13, 1, 9
1_13_00 4
7_11_02 4, 12, 16, 8, 13, 5, 9
2_21_20 12, 4
5_6_00 2, 10, 14, 6, 15
2_11_08 7, 15
6_11_10 8, 16, 4, 12, 9, 1
7_25_00 3, 11, 15, 7, 4, 12, 16
2_29_20 14, 6
2_7_18 11, 3
6_14_14 11, 3, 7, 15, 4, 12
5_22_12 8, 16, 4, 12, 5
4_13_18 13, 5, 9, 1
8_3_02 2, 10, 14, 6, 3, 11, 15, 7
1_18_06 16
1_5_02 3
1_22_10 3
1_2_00 13
6_16_22 15, 7, 11, 3, 8, 16
4_7_10 7, 15, 3, 11
7_31_00 4, 12, 16, 8, 9, 1, 5
1_18_22 8
8_2_10 6, 14, 2, 10, 7, 15, 3, 11
6_27_22 14, 6, 10, 2, 15, 7
8_23_20 12, 4, 8, 16, 13, 5, 9, 1
2_10_22 10, 2
8_20_22 12, 4, 8, 16, 13, 5, 9, 1
8_5_04 4, 12, 16, 8, 5, 13, 1, 9
8_25_06 6, 14, 2, 10, 7, 15, 3, 11
7_31_00 4, 12, 16, 8, 9, 1, 5
1_21_16 10
2_21_10 7, 15
7_25_00 3, 11, 15, 7, 4, 12, 16
2_19_02 2, 10
5_29_14 11, 3, 7, 15, 8
2_24_00 14, 6
2_8_18 7, 15
6_18_06 4, 12, 16, 8, 1, 9
3_19_22 12, 4, 16
8_26_00 3, 11, 15, 7, 4, 12, 16, 8
3_28_00 15, 7, 3
4_18_16 9, 1, 5, 13
1_9_16 11
7_15_06 7, 15, 3, 11, 12, 4, 8
2_23_06 5, 13
2_3_00 1, 9
5_2_00 1, 9, 13, 5, 14
5_4_00 1, 9, 13, 5, 6
3_30_22 11, 3, 7
5_20_22 12, 4, 8, 16, 1
4_23_20 12, 4, 8, 16
4_7_00 2, 10, 14, 6
7_16_08 8, 16, 4, 12, 9, 1, 5
4_9_12 9, 1, 5, 13
8_25_12 9, 1, 5, 13, 10, 2, 6, 14
7_6_02 3, 11, 15, 7, 16, 8, 12
2_5_10 7, 15
1_26_08 3
6_31_12 10, 2, 6, 14, 7, 15
2_8_08 2, 10
3_1_18 10, 2, 6
2_28_20 9, 1
5_27_18 12, 4, 8, 16, 5
2_9_06 6, 14
5_25_00 3, 11, 15, 7, 4
3_28_20 9, 1, 13
4_6_02 3, 11, 15, 7
4_30_22 15, 7, 11, 3
5_9_08 7, 15, 3, 11, 8
4_2_18 10, 2, 6, 14
6_12_08 7, 15, 3, 11, 4, 12
8_19_16 9, 1, 5, 13, 10, 2, 6, 14
6_7_18 11, 3, 7, 15, 12, 4
8_18_10 6, 14, 2, 10, 7, 15, 3, 11
4_25_12 9, 1, 5, 13
7_26_18 12, 4, 8, 16, 9, 1, 5
7_25_12 9, 1, 5, 13, 10, 2, 6
2_12_22 10, 2
4_12_18 12, 4, 8, 16
6_31_04 6, 14, 2, 10, 3, 11
3_17_14 8, 16, 4
7_19_22 12, 4, 8, 16, 5, 13, 1
5_23_04 4, 12, 16, 8, 13
4_4_22 12, 4, 8, 16
8_11_04 5, 13, 1, 9, 6, 14, 2, 10
7_12_04 5, 13, 1, 9, 10, 2, 6
8_27_02 4, 12, 16, 8, 5, 13, 1, 9
7_21_04 4, 12, 16, 8, 5, 13, 1
3_6_06 1, 9, 13
6_2_18 10, 2, 6, 14, 7, 15
3_30_20 10, 2, 6
1_29_10 9
7_29_10 9, 1, 5, 13, 6, 14, 2
8_25_02 4, 12, 16, 8, 5, 13, 1, 9
2_8_14 5, 13
3_3_04 3, 11, 7
6_24_12 8, 16, 4, 12, 5, 13
5_18_16 9, 1, 5, 13, 6
2_24_18 7, 15
6_1_16 9, 1, 5, 13, 10, 2
7_6_22 13, 5, 9, 1, 10, 2, 6
5_4_16 9, 1, 5, 13, 14
2_31_14 11, 3
7_20_22 12, 4, 8, 16, 1, 9, 13
6_26_06 6, 14, 2, 10, 3, 11
4_31_12 10, 2, 6, 14
4_27_06 6, 14, 2, 10
6_26_00 3, 11, 15, 7, 16, 8
8_7_00 2, 10, 14, 6, 3, 11, 15, 7
7_23_18 11, 3, 7, 15, 4, 12, 16
1_31_14 3
6_8_06 5, 13, 1, 9, 2, 10
3_31_00 4,12, 8
4_7_16 10, 2, 6, 14
7_21_14 9, 1, 5, 13, 10, 2, 6
5_8_00 2, 10, 14, 6, 7
4_28_20 13, 5, 9, 1
1_25_16 11
7_4_04 3, 11, 15, 7, 8, 16, 4
7_8_08 6, 14, 2, 10, 11, 3, 7
1_9_02 4
7_7_08 6, 14, 2, 10, 15, 7, 11
8_6_16 10, 2, 6, 14, 11, 3, 7, 15
2_26_00 15, 7
6_13_20 14, 6, 10, 2, 11, 3
5_17_02 2, 10, 14, 6, 3
3_20_18 6, 14, 10
7_16_12 10, 2, 6, 14, 11, 3, 7
1_21_08 6
6_14_10 9, 1, 5, 13, 2, 10
2_8_10 3, 11
4_17_20 11, 3, 7, 15
4_2_22 12, 4, 8, 16
8_4_16 9, 1, 5, 13, 10, 2, 6, 14
1_1_14 8
5_15_06 7, 15, 3, 11, 12
7_13_04 6, 14, 2, 10, 3, 11, 15
6_2_16 9, 1, 5, 13, 6, 14
3_13_08 8, 16, 4
3_11_22 14, 6, 2
1_2_00 13
3_8_02 15, 7, 3
2_15_14 11, 3
7_10_00 3, 11, 15, 7, 16, 8, 12
3_18_12 3, 11, 15
5_28_02 4, 12, 16, 8, 9
8_14_06 7, 15, 3, 11, 4, 12, 16, 8
7_8_20 12, 4, 8, 16, 1, 9, 13
6_8_08 6, 14, 2, 10, 3, 11
5_6_14 9, 1, 5, 13, 6
8_21_00 2, 10, 14, 6, 3, 11, 15, 7
4_7_02 3, 11, 15, 7
1_30_12 6
2_8_04 16, 8
4_4_08 5, 13, 1, 9
3_11_06 6, 14, 10
7_16_02 5, 13, 1, 9, 6, 14, 2
6_18_18 10, 2, 6, 14, 7, 15
1_3_08 13
7_9_22 14, 6, 10, 2, 15, 7, 11
1_12_02 8
2_19_20 11, 3
2_3_08 5, 13
7_26_14 10, 2, 6, 14, 7, 15, 3
1_25_06 6
2_20_14 4, 12
4_11_04 5, 13, 1, 9
8_13_00 4, 12, 16, 8, 1, 9, 13, 5
1_26_06 2
6_26_18 12, 4, 8, 16, 9, 1
3_10_00 15, 7, 11
4_14_22 15, 7, 11, 3
1_11_00 11
2_9_04 5, 13
6_4_12 7, 15, 3, 11, 4, 12
1_30_16 8
4_25_02 4, 12, 16, 8
7_4_02 2, 10, 14, 6, 7, 15, 3
8_12_10 8, 16, 4, 12, 9, 1, 5, 13
5_27_16 11, 3, 7, 15, 4
5_9_02 4, 12, 16, 8, 5
2_13_22 15, 7
3_26_02 16, 8, 12
8_12_04 5, 13, 1, 9, 6, 14, 2, 10
7_10_18 12, 4, 8, 16, 9, 1, 5
2_24_12 4, 12
7_11_12 9, 1, 5, 13, 2, 10, 14
4_2_14 8, 16, 4, 12
8_22_12 8, 16, 4, 12, 9, 1, 5, 13
3_31_22 15, 7, 3
5_12_00 3, 11, 15, 7, 8
4_19_00 1, 9, 13, 5
7_25_04 5, 13, 1, 9, 6, 14, 2
5_17_02 2, 10, 14, 6, 3
8_7_12 8, 16, 4, 12, 9, 1, 5, 13
1_11_04 13
1_8_14 13
3_2_20 7, 15, 3
5_20_04 3, 11, 15, 7, 8
8_7_04 4, 12, 16, 8, 5, 13, 1, 9
1_28_02 8
3_27_22 14, 6, 2
8_13_14 11, 3, 7, 15, 8, 16, 4, 12
4_14_02 5, 13, 1, 9
1_3_18 2
4_25_14 10, 2, 6, 14
4_25_16 11, 3, 7, 15
7_15_14 11, 3, 7, 15, 16, 8, 12
1_7_18 3
5_2_06 4, 12, 16, 8, 1
1_22_00 14
5_7_00 2, 10, 14, 6, 11
5_6_06 5, 13, 1, 9, 2
7_9_08 7, 15, 3, 11, 8, 16, 4
5_24_10 7, 15, 3, 11, 12
2_25_12 9, 1
7_28_02 4, 12, 16, 8, 9, 1, 5
1_24_02 7
8_17_14 8, 16, 4, 12, 9, 1, 5, 13
4_2_08 5, 13, 1, 9
7_27_16 11, 3, 7, 15, 4, 12, 16
6_6_14 9, 1, 5, 13, 6, 14
5_28_00 3, 11, 15, 7, 8
1_11_02 12
8_12_08 7, 15, 3, 11, 8, 16, 4, 12
5_2_22 12, 4, 8, 16, 9
6_27_18 12, 4, 8, 16, 13, 5
8_22_18 11, 3, 7, 15, 12, 4, 8, 16
5_1_16 9, 1, 5, 13, 10
7_27_18 12, 4, 8, 16, 5, 13, 1
1_17_16 9
8_20_22 12, 4, 8, 16, 13, 5, 9, 1
1_28_04 9
8_29_10 9, 1, 5, 13, 6, 14, 2, 10
7_11_08 7, 15, 3, 11, 16, 8, 12
5_2_08 5, 13, 1, 9, 2
7_28_06 6, 14, 2, 10, 11, 3, 7
2_20_08 1, 9
8_24_02 3, 11, 15, 7, 4, 12, 16, 8
5_24_12 8, 16, 4, 12, 13
4_27_12 9, 1, 5, 13
3_28_08 3, 11, 7
3_27_08 7, 15, 11
7_8_16 10, 2, 6, 14, 15, 7, 11
1_9_14 10
2_27_20 13, 5
1_3_00 9
3_12_06 2, 10, 6
3_17_16 9, 1, 5
5_6_16 10, 2, 6, 14, 7
5_27_02 4, 12, 16, 8, 13
5_23_08 6, 14, 2, 10, 15
3_3_04 3, 11, 7
6_30_22 15, 7, 11, 3, 8, 16
3_22_02 15, 7, 11
1_25_12 9
2_31_04 6, 14
1_5_08 6
1_14_00 16
3_6_14 5, 13, 1
1_1_12 7
7_23_16 10, 2, 6, 14, 3, 11, 15
5_3_22 12, 4, 8, 16, 5
8_5_08 6, 14, 2, 10, 7, 15, 3, 11
6_30_06 7, 15, 3, 11, 16, 8
4_16_00 4,12, 16, 8
4_5_00 2, 10, 14, 6
5_15_20 14, 6, 10, 2, 3
3_6_18 7, 15, 3
2_7_18 11, 3
4_26_06 6, 14, 2, 10
1_11_20 5
8_18_04 3, 11, 15, 7, 4, 12, 16, 8
3_20_06 16, 8, 4
6_19_20 11, 3, 7, 15, 12, 4
5_20_18 10, 2, 6, 14, 15
7_19_00 1, 9, 13, 5, 10, 2, 6
5_10_20 13, 5, 9, 1, 10
7_13_06 7, 15, 3, 11, 4, 12, 16
6_7_04 4, 12, 16, 8, 5, 13
3_26_16 7, 15, 3
4_14_06 7, 15, 3, 11
4_3_20 11, 3, 7, 15
3_22_02 15, 7, 11
3_5_22 13, 5, 9
4_16_02 5, 13, 1, 9
4_13_12 10, 2, 6, 14
1_7_18 3
8_27_06 6, 14, 2, 10, 7, 15, 3, 11
1_31_18 5
1_31_02 13
6_29_18 13, 5, 9, 1, 10, 2
3_15_14 11, 3, 15
8_3_06 4, 12, 16, 8, 5, 13, 1, 9
4_15_04 6, 14, 2, 10
1_4_08 9
4_30_00 4,12, 16, 8
6_16_00 4, 12, 16, 8, 13, 5
1_6_06 1
2_27_08 7, 15
4_17_16 9, 1, 5, 13
5_1_22 12, 4, 8, 16, 13
5_13_08 8, 16, 4, 12, 5
3_13_00 4,12, 16
6_22_18 11, 3, 7, 15, 8, 16
8_30_04 6, 14, 2, 10, 3, 11, 15, 7
2_16_08 4, 12
4_5_02 3, 11, 15, 7
3_23_14 9, 1, 13
7_21_20 12, 4, 8, 16, 13, 5, 9
5_2_22 12, 4, 8, 16, 9
8_17_20 11, 3, 7, 15, 12, 4, 8, 16
7_20_20 11, 3, 7, 15, 16, 8, 12
7_14_06 7, 15, 3, 11, 16, 8, 12
3_27_20 13, 5, 1
4_9_18 12, 4, 8, 16
8_3_02 2, 10, 14, 6, 3, 11, 15, 7
2_16_10 5, 13
8_21_10 7, 15, 3, 11, 8, 16, 4, 12
3_13_12 10, 2, 6
7_20_06 4, 12, 16, 8, 9, 1, 5
1_28_08 11
8_7_20 12, 4, 8, 16, 13, 5, 9, 1
8_6_00 2, 10, 14, 6, 3, 11, 15, 7
2_11_02 4, 12
3_16_04 2, 10, 6
4_18_16 9, 1, 5, 13
6_10_06 6, 14, 2, 10, 3, 11
1_5_16 10
6_16_12 10, 2, 6, 14, 3, 11
5_17_00 1, 9, 13, 5, 2
4_12_12 9, 1, 5, 13
6_7_08 6, 14, 2, 10, 7, 15
1_7_10 15
5_5_16 10, 2, 6, 14, 11
3_26_12 5, 13, 1
3_9_10 8, 16, 4
7_8_14 9, 1, 5, 13, 14, 6, 10
8_23_04 4, 12, 16, 8, 5, 13, 1, 9
2_4_06 16, 8
5_8_06 5, 13, 1, 9, 10
6_20_14 8, 16, 4, 12, 5, 13
6_22_04 4, 12, 16, 8, 1, 9
2_1_12 7, 15
3_9_20 13, 5, 9
8_23_04 4, 12, 16, 8, 5, 13, 1, 9
7_21_12 8, 16, 4, 12, 9, 1, 5
7_3_22 12, 4, 8, 16, 5, 13, 1
7_12_22 14, 6, 10, 2, 3, 11, 15
4_20_12 7, 15, 3, 11
6_28_08 7, 15, 3, 11, 4, 12
3_25_12 9, 1, 5
3_20_10 2, 10, 6
4_20_04 3, 11, 15, 7
6_15_16 12, 4, 8, 16, 9, 1
8_13_06 7, 15, 3, 11, 4, 12, 16, 8
3_17_00 1, 9, 13
8_17_12 7, 15, 3, 11, 8, 16, 4, 12
3_22_04 16, 8, 12
8_18_04 3, 11, 15, 7, 4, 12, 16, 8
5_6_06 5, 13, 1, 9, 2
7_9_04 5, 13, 1, 9, 6, 14, 2
6_2_10 6, 14, 2, 10, 3, 11
3_9_20 13, 5, 9
2_2_10 2, 10
4_3_18 10, 2, 6, 14
1_12_18 16
2_26_18 8, 16
8_22_06 5, 13, 1, 9, 6, 14, 2, 10
4_27_02 4, 12, 16, 8
7_12_02 4, 12, 16, 8, 9, 1, 5
8_13_06 7, 15, 3, 11, 4, 12, 16, 8
7_21_22 13, 5, 9, 1, 14, 6, 10
8_3_14 8, 16, 4, 12, 9, 1, 5, 13
3_24_10 3, 11, 7
2_7_22 13, 5
7_30_12 10, 2, 6, 14, 3, 11, 15
7_14_20 14, 6, 10, 2, 7, 15, 3
8_6_12 8, 16, 4, 12, 9, 1, 5, 13
4_2_02 2, 10, 14, 6
4_26_08 7, 15, 3, 11
7_9_18 12, 4, 8, 16, 13, 5, 9
4_16_04 6, 14, 2, 10
6_19_06 4, 12, 16, 8, 5, 13
5_21_08 6, 14, 2, 10, 7
8_1_22 12, 4, 8, 16, 13, 5, 9, 1
1_1_02 2
2_19_16 9, 1
5_12_04 5, 13, 1, 9, 10
1_16_06 11
7_20_22 12, 4, 8, 16, 1, 9, 13
3_19_20 11, 3, 15
6_14_20 14, 6, 10, 2, 7, 15
8_5_06 5, 13, 1, 9, 6, 14, 2, 10
7_21_04 4, 12, 16, 8, 5, 13, 1
7_30_14 11, 3, 7, 15, 4, 12, 16
5_15_22 15, 7, 11, 3, 4
1_27_00 11
7_6_12 8, 16, 4, 12, 5, 13, 1
8_13_04 6, 14, 2, 10, 3, 11, 15, 7
2_13_14 11, 3
6_5_20 12, 4, 8, 16, 13, 5
8_14_18 13, 5, 9, 1, 10, 2, 6, 14
6_2_06 4, 12, 16, 8, 1, 9
7_4_20 11, 3, 7, 15, 16, 8, 12
5_9_20 13, 5, 9, 1, 14
1_23_06 13
2_17_00 1, 9
7_21_22 13, 5, 9, 1, 14, 6, 10
7_12_20 13, 5, 9, 1, 2, 10, 14
2_23_16 10, 2
2_1_04 3, 11
2_12_06 2, 10
7_20_18 10, 2, 6, 14, 15, 7, 11
3_23_20 12, 4, 16
7_20_10 6, 14, 2, 10, 11, 3, 7
2_17_12 7, 15
6_27_00 3, 11, 15, 7, 4, 12
3_15_22 15, 7, 3
3_6_14 5, 13, 1
8_1_00 1, 9, 13, 5, 2, 10, 14, 6
6_26_00 3, 11, 15, 7, 16, 8
2_18_10 2, 10
2_26_22 10, 2
8_29_10 9, 1, 5, 13, 6, 14, 2, 10
6_28_22 14, 6, 10, 2, 11, 3
3_2_18 6, 14, 2
6_22_18 11, 3, 7, 15, 8, 16
1_13_06 7
2_7_08 6, 14
2_24_16 6, 14
5_23_16 10, 2, 6, 14, 3
8_13_20 14, 6, 10, 2, 11, 3, 7, 15
8_13_02 5, 13, 1, 9, 2, 10, 14, 6
7_2_02 2, 10, 14, 6, 15, 7, 11
4_18_22 12, 4, 8, 16
3_22_12 4, 12, 16
3_30_16 8, 16, 4
7_13_18 13, 5, 9, 1, 10, 2, 6
4_12_08 7, 15, 3, 11
8_13_18 13, 5, 9, 1, 10, 2, 6, 14
1_16_20 2
2_28_10 4, 12
1_11_18 4
3_19_12 7, 15, 11
6_15_12 10, 2, 6, 14, 7, 15
3_8_00 14, 6, 2
3_19_10 6, 14, 10
3_16_16 8, 16, 12
5_28_06 6, 14, 2, 10, 11
6_4_18 10, 2, 6, 14, 7, 15
3_31_20 14, 6, 2
7_17_04 3, 11, 15, 7, 4, 12, 16
1_27_06 14
7_3_20 11, 3, 7, 15, 4, 12, 16
5_20_10 6, 14, 2, 10, 11
8_13_00 4, 12, 16, 8, 1, 9, 13, 5
3_10_14 6, 14, 2
6_24_14 9, 1, 5, 13, 6, 14
6_22_04 4, 12, 16, 8, 1, 9
5_16_18 13, 5, 9, 1, 14
4_5_16 10, 2, 6, 14
3_7_20 12, 4, 16
3_11_08 7, 15, 11
5_11_18 12, 4, 8, 16, 5
4_16_08 8, 16, 4, 12
4_2_14 8, 16, 4, 12
8_15_08 8, 16, 4, 12, 5, 13, 1, 9
7_11_20 13, 5, 9, 1, 6, 14, 2
2_25_12 9, 1
5_29_16 12, 4, 8, 16, 9
4_2_20 11, 3, 7, 15
6_23_16 10, 2, 6, 14, 11, 3
5_21_06 5, 13, 1, 9, 6
1_5_02 3
2_10_10 4, 12
2_13_04 6, 14
1_16_10 13
4_12_02 4, 12, 16, 8
3_22_06 1, 9, 13
6_8_04 4, 12, 16, 8, 1, 9
5_6_16 10, 2, 6, 14, 7
2_4_06 16, 8
3_4_06 16, 8, 4
3_3_08 5, 13, 9
4_19_18 10, 2, 6, 14
6_26_02 4, 12, 16, 8, 1, 9
7_18_08 5, 13, 1, 9, 2, 10, 14
5_26_18 12, 4, 8, 16, 9
5_15_10 9, 1, 5, 13, 14
8_13_04 6, 14, 2, 10, 3, 11, 15, 7
3_13_12 10, 2, 6
1_11_06 14
2_20_14 4, 12
1_3_14 16
1_10_14 6
3_26_14 6, 14, 2
8_13_00 4, 12, 16, 8, 1, 9, 13, 5
4_31_02 5, 13, 1, 9
5_7_12 8, 16, 4, 12, 1
2_16_04 2, 10
2_15_12 10, 2
1_21_08 6
1_11_22 6
6_26_16 11, 3, 7, 15, 8, 16
8_22_14 9, 1, 5, 13, 10, 2, 6, 14
6_29_18 13, 5, 9, 1, 10, 2
3_1_16 9, 1, 5
6_3_14 8, 16, 4, 12, 9, 1
3_29_10 9, 1, 5
2_1_22 12, 4
2_24_04 16, 8
5_15_06 7, 15, 3, 11, 12
2_29_10 9, 1
6_24_00 2, 10, 14, 6, 15, 7
5_28_12 9, 1, 5, 13, 14
6_9_04 5, 13, 1, 9, 6, 14
8_20_22 12, 4, 8, 16, 13, 5, 9, 1
3_28_10 4, 12, 8
8_18_14 8, 16, 4, 12, 9, 1, 5, 13
5_26_04 5, 13, 1, 9, 2
1_29_12 10
7_11_14 10, 2, 6, 14, 3, 11, 15
1_19_06 12
1_13_08 8
3_24_00 14, 6, 2
5_24_14 9, 1, 5, 13, 14
6_1_22 12, 4, 8, 16, 13, 5
5_13_16 12, 4, 8, 16, 9
1_25_18 12
7_31_16 12, 4, 8, 16, 1, 9, 13
5_11_22 14, 6, 10, 2, 7
2_23_02 3, 11
7_30_10 9, 1, 5, 13, 2, 10, 14
3_28_10 4, 12, 8
6_27_10 8, 16, 4, 12, 9, 1
8_23_14 9, 1, 5, 13, 10, 2, 6, 14
3_23_12 8, 16, 12
1_27_02 12
5_27_04 5, 13, 1, 9, 14
7_28_18 12, 4, 8, 16, 1, 9, 13
1_2_00 13
4_6_20 12, 4, 8, 16
2_16_16 8, 16
4_19_12 7, 15, 3, 11
4_6_08 6, 14, 2, 10
5_11_20 13, 5, 9, 1, 6
7_31_10 9, 1, 5, 13, 14, 6, 10
3_2_02 14, 6, 10
7_16_02 5, 13, 1, 9, 6, 14, 2
2_2_18 6, 14
1_11_18 4
8_24_14 9, 1, 5, 13, 10, 2, 6, 14
8_31_00 4, 12, 16, 8, 1, 9, 13, 5
4_12_02 4, 12, 16, 8
5_24_14 9, 1, 5, 13, 14
5_1_00 1, 9, 13, 5, 2
1_5_22 13
5_4_22 12, 4, 8, 16, 1
7_22_16 10, 2, 6, 14, 7, 15, 3
4_10_08 7, 15, 3, 11
7_10_16 11, 3, 7, 15, 8, 16, 4
2_14_16 8, 16
3_27_16 11, 3, 15
5_27_20 13, 5, 9, 1, 6
8_18_22 12, 4, 8, 16, 13, 5, 9, 1
8_7_02 3, 11, 15, 7, 4, 12, 16, 8
5_6_14 9, 1, 5, 13, 6
7_18_18 10, 2, 6, 14, 7, 15, 3
4_28_10 8, 16, 4, 12
6_30_04 6, 14, 2, 10, 15, 7
6_10_12 9, 1, 5, 13, 6, 14
5_26_14 10, 2, 6, 14, 7
6_21_10 7, 15, 3, 11, 8, 16
8_17_10 6, 14, 2, 10, 7, 15, 3, 11
6_5_04 4, 12, 16, 8, 5, 13
2_20_10 2, 10
2_15_04 6, 14
3_10_14 6, 14, 2
7_1_16 9, 1, 5, 13, 10, 2, 6
5_12_00 3, 11, 15, 7, 8
2_23_14 9, 1
6_25_10 8, 16, 4, 12, 9, 1
1_29_12 10
7_30_08 8, 16, 4, 12, 1, 9, 13
3_13_12 10, 2, 6
5_26_00 3, 11, 15, 7, 16
3_15_00 4,12, 8
3_30_16 8, 16, 4
8_23_16 10, 2, 6, 14, 11, 3, 7, 15
8_31_04 6, 14, 2, 10, 3, 11, 15, 7
1_4_04 7
8_6_08 6, 14, 2, 10, 7, 15, 3, 11
4_22_12 8, 16, 4, 12
7_16_06 7, 15, 3, 11, 8, 16, 4
3_8_08 2, 10, 6
6_9_20 13, 5, 9, 1, 14, 6
5_2_12 7, 15, 3, 11, 4
4_28_22 14, 6, 10, 2
4_2_22 12, 4, 8, 16
7_31_18 13, 5, 9, 1, 2, 10, 14
6_23_08 6, 14, 2, 10, 7, 15
1_30_00 16
2_30_16 8, 16
8_8_02 3, 11, 15, 7, 4, 12, 16, 8
4_4_00 1, 9, 13, 5
8_25_16 11, 3, 7, 15, 12, 4, 8, 16
6_20_14 8, 16, 4, 12, 5, 13
7_25_02 4, 12, 16, 8, 5, 13, 1
4_20_10 6, 14, 2, 10
8_4_18 10, 2, 6, 14, 11, 3, 7, 15
8_22_20 12, 4, 8, 16, 13, 5, 9, 1
2_18_02 14, 6
6_31_14 11, 3, 7, 15, 8, 16
2_13_08 8, 16
6_24_14 9, 1, 5, 13, 6, 14
3_14_16 8, 16, 4
7_6_04 4, 12, 16, 8, 1, 9, 13
7_21_06 5, 13, 1, 9, 6, 14, 2
4_13_12 10, 2, 6, 14
6_23_02 3, 11, 15, 7, 4, 12
3_22_02 15, 7, 11
4_14_14 11, 3, 7, 15
7_24_08 6, 14, 2, 10, 11, 3, 7
2_5_02 3, 11
8_1_00 1, 9, 13, 5, 2, 10, 14, 6
5_21_00 2, 10, 14, 6, 3
5_3_04 3, 11, 15, 7, 12
2_25_08 7, 15
4_28_14 10, 2, 6, 14
1_31_14 3
3_25_14 10, 2, 6
7_7_02 3, 11, 15, 7, 12, 4, 8
8_17_10 6, 14, 2, 10, 7, 15, 3, 11
3_16_06 3, 11, 7
5_12_06 6, 14, 2, 10, 11
3_16_22 11, 3, 15
1_6_06 1
4_20_16 9, 1, 5, 13
8_7_22 13, 5, 9, 1, 14, 6, 10, 2
3_27_20 13, 5, 1
1_31_20 6
6_10_14 10, 2, 6, 14, 7, 15
4_9_10 8, 16, 4, 12
4_24_12 8, 16, 4, 12
8_31_08 8, 16, 4, 12, 5, 13, 1, 9
1_29_02 5
4_2_18 10, 2, 6, 14
4_21_02 3, 11, 15, 7
8_4_10 6, 14, 2, 10, 7, 15, 3, 11
4_8_10 7, 15, 3, 11
5_18_22 12, 4, 8, 16, 9
7_27_04 5, 13, 1, 9, 14, 6, 10
8_15_12 10, 2, 6, 14, 7, 15, 3, 11
8_24_06 5, 13, 1, 9, 6, 14, 2, 10
1_10_22 10
2_8_20 8, 16
7_8_08 6, 14, 2, 10, 11, 3, 7
4_31_16 12, 4, 8, 16
8_23_12 8, 16, 4, 12, 9, 1, 5, 13
1_19_08 13
3_25_04 5, 13, 1
7_12_14 10, 2, 6, 14, 15, 7, 11
4_31_22 15, 7, 11, 3
8_26_12 9, 1, 5, 13, 10, 2, 6, 14
7_19_22 12, 4, 8, 16, 5, 13, 1
4_6_10 7, 15, 3, 11
1_3_06 12
4_15_18 13, 5, 9, 1
8_6_04 4, 12, 16, 8, 5, 13, 1, 9
4_21_20 12, 4, 8, 16
1_6_14 5
7_19_14 8, 16, 4, 12, 1, 9, 13
4_13_14 11, 3, 7, 15
5_12_10 8, 16, 4, 12, 13
4_9_02 4, 12, 16, 8
2_4_22 8, 16
5_4_16 9, 1, 5, 13, 14
1_22_04 16
4_10_08 7, 15, 3, 11
4_21_22 13, 5, 9, 1
3_10_02 16, 8, 12
7_26_16 11, 3, 7, 15, 8, 16, 4
1_15_00 12
7_23_20 12, 4, 8, 16, 5, 13, 1
5_22_10 7, 15, 3, 11, 4
3_21_00 2, 10, 14
4_8_18 11, 3, 7, 15
5_9_12 9, 1, 5, 13, 10
3_8_10 3, 11, 7
7_5_14 9, 1, 5, 13, 10, 2, 6
5_11_22 14, 6, 10, 2, 7
6_5_18 11, 3, 7, 15, 12, 4
2_12_20 9, 1
6_28_16 11, 3, 7, 15, 8, 16
8_23_16 10, 2, 6, 14, 11, 3, 7, 15
4_28_00 3, 11, 15, 7
5_5_08 6, 14, 2, 10, 7
3_30_12 6, 14, 2
7_25_20 13, 5, 9, 1, 14, 6, 10
4_26_20 13, 5, 9, 1
8_30_00 4, 12, 16, 8, 1, 9, 13, 5
5_2_00 1, 9, 13, 5, 14
3_12_02 16, 8, 4
1_21_02 3
7_29_10 9, 1, 5, 13, 6, 14, 2
4_11_16 11, 3, 7, 15
4_7_22 13, 5, 9, 1
4_15_20 14, 6, 10, 2
4_27_10 8, 16, 4, 12
8_2_02 2, 10, 14, 6, 3, 11, 15, 7
2_11_16 11, 3
6_25_08 7, 15, 3, 11, 8, 16
5_19_00 1, 9, 13, 5, 10
5_17_00 1, 9, 13, 5, 2
6_25_18 12, 4, 8, 16, 13, 5
2_28_18 8, 16
1_1_12 7
6_13_04 6, 14, 2, 10, 3, 11
4_9_06 6, 14, 2, 10
8_9_22 14, 6, 10, 2, 15, 7, 11, 3
8_12_20 13, 5, 9, 1, 14, 6, 10, 2
1_16_04 10
6_5_20 12, 4, 8, 16, 13, 5
7_10_20 13, 5, 9, 1, 10, 2, 6
4_17_12 7, 15, 3, 11
5_24_16 10, 2, 6, 14, 15
4_16_20 14, 6, 10, 2
7_17_02 2, 10, 14, 6, 3, 11, 15
1_6_02 15
8_26_18 12, 4, 8, 16, 13, 5, 9, 1
1_22_04 16
5_5_02 3, 11, 15, 7, 4
2_20_22 8, 16
8_28_04 5, 13, 1, 9, 6, 14, 2, 10
3_24_14 5, 13, 9
8_19_04 3, 11, 15, 7, 4, 12, 16, 8
8_21_06 5, 13, 1, 9, 6, 14, 2, 10
6_18_12 7, 15, 3, 11, 4, 12
3_27_20 13, 5, 1
8_23_18 11, 3, 7, 15, 12, 4, 8, 16
1_21_10 7
8_24_14 9, 1, 5, 13, 10, 2, 6, 14
4_13_06 7, 15, 3, 11
4_25_04 5, 13, 1, 9
5_26_14 10, 2, 6, 14, 7
8_4_12 7, 15, 3, 11, 8, 16, 4, 12
2_7_14 9, 1
8_29_12 10, 2, 6, 14, 7, 15, 3, 11
3_19_16 9, 1, 13
8_27_02 4, 12, 16, 8, 5, 13, 1, 9
5_25_16 11, 3, 7, 15, 12
8_24_14 9, 1, 5, 13, 10, 2, 6, 14
1_24_12 12
8_12_14 10, 2, 6, 14, 11, 3, 7, 15
8_27_16 11, 3, 7, 15, 12, 4, 8, 16
1_15_10 1
4_9_12 9, 1, 5, 13
1_7_06 13
7_10_02 4, 12, 16, 8, 1, 9, 13
2_5_12 8, 16
2_1_04 3, 11
2_4_22 8, 16
7_8_02 3, 11, 15, 7, 8, 16, 4
6_7_10 7, 15, 3, 11, 8, 16
2_12_00 15, 7
6_25_14 10, 2, 6, 14, 11, 3
3_29_04 6, 14, 2
4_17_22 12, 4, 8, 16
7_5_06 5, 13, 1, 9, 6, 14, 2
3_19_22 12, 4, 16
1_7_00 10
3_30_16 8, 16, 4
1_30_10 5
1_24_22 1
5_3_14 8, 16, 4, 12, 1
8_26_10 8, 16, 4, 12, 9, 1, 5, 13
3_4_18 6, 14, 10
5_11_12 9, 1, 5, 13, 2
3_6_06 1, 9, 13
5_4_16 9, 1, 5, 13, 14
4_3_08 5, 13, 1, 9
7_24_16 10, 2, 6, 14, 15, 7, 11
7_13_16 12, 4, 8, 16, 9, 1, 5
1_2_22 8
7_31_18 13, 5, 9, 1, 2, 10, 14
3_26_12 5, 13, 1
4_28_20 13, 5, 9, 1
1_30_18 9
1_1_04 3
1_17_22 12
1_22_20 8
1_5_12 8
8_31_16 12, 4, 8, 16, 9, 1, 5, 13
4_1_20 11, 3, 7, 15
2_3_16 9, 1
3_4_02 14, 6, 2
3_20_06 16, 8, 4
2_18_04 15, 7
1_18_12 3
8_8_14 9, 1, 5, 13, 10, 2, 6, 14
7_1_16 9, 1, 5, 13, 10, 2, 6
8_9_00 3, 11, 15, 7, 4, 12, 16, 8
4_1_02 2, 10, 14, 6
2_7_18 11, 3
6_30_16 12, 4, 8, 16, 5, 13
4_7_20 12, 4, 8, 16
5_18_06 4, 12, 16, 8, 1
6_23_02 3, 11, 15, 7, 4, 12
3_14_08 4, 12, 16
5_17_12 7, 15, 3, 11, 8
1_28_02 8
5_11_12 9, 1, 5, 13, 2
4_12_06 6, 14, 2, 10
2_12_12 5, 13
6_3_06 4, 12, 16, 8, 5, 13
7_30_20 14, 6, 10, 2, 7, 15, 3
3_29_08 8, 16, 4
3_9_00 3, 11, 15
4_15_06 7, 15, 3, 11
7_4_16 9, 1, 5, 13, 14, 6, 10
5_31_02 5, 13, 1, 9, 10
6_21_14 9, 1, 5, 13, 10, 2
3_3_10 6, 14, 10
3_5_10 7, 15, 3
7_9_14 10, 2, 6, 14, 11, 3, 7
8_10_06 6, 14, 2, 10, 7, 15, 3, 11
4_31_14 11, 3, 7, 15
5_26_06 6, 14, 2, 10, 3
3_16_06 3, 11, 7
8_17_12 7, 15, 3, 11, 8, 16, 4, 12
5_9_12 9, 1, 5, 13, 10
8_21_02 3, 11, 15, 7, 4, 12, 16, 8
4_10_16 11, 3, 7, 15
3_7_00 2, 10, 6
8_24_02 3, 11, 15, 7, 4, 12, 16, 8
2_5_12 8, 16
4_23_22 13, 5, 9, 1
4_29_02 5, 13, 1, 9
6_24_04 4, 12, 16, 8, 1, 9
7_24_20 12, 4, 8, 16, 1, 9, 13
2_11_22 14, 6
7_14_20 14, 6, 10, 2, 7, 15, 3
3_4_22 8, 16, 12
7_19_14 8, 16, 4, 12, 1, 9, 13
1_20_04 7
2_8_00 14, 6
1_8_04 8
3_28_22 10, 2, 14
6_6_16 10, 2, 6, 14, 7, 15
1_20_04 7
8_26_22 14, 6, 10, 2, 15, 7, 11, 3
1_29_06 7
8_29_10 9, 1, 5, 13, 6, 14, 2, 10
8_10_02 4, 12, 16, 8, 5, 13, 1, 9
7_6_04 4, 12, 16, 8, 1, 9, 13
5_17_00 1, 9, 13, 5, 2
6_6_02 3, 11, 15, 7, 16, 8
3_1_14 8, 16, 4
7_25_06 6, 14, 2, 10, 7, 15, 3
5_7_08 6, 14, 2, 10, 15
6_15_08 8, 16, 4, 12, 5, 13
5_3_10 6, 14, 2, 10, 15
2_13_16 12, 4
7_22_14 9, 1, 5, 13, 6, 14, 2
3_11_06 6, 14, 10
7_15_22 15, 7, 11, 3, 4, 12, 16
6_6_22 13, 5, 9, 1, 10, 2
2_5_04 4, 12
6_1_10 6, 14, 2, 10, 7, 15
8_10_18 12, 4, 8, 16, 13, 5, 9, 1
7_4_14 8, 16, 4, 12, 13, 5, 9
6_18_04 3, 11, 15, 7, 16, 8
7_3_00 1, 9, 13, 5, 10, 2, 6
6_14_20 14, 6, 10, 2, 7, 15
5_10_16 11, 3, 7, 15, 8
7_15_22 15, 7, 11, 3, 4, 12, 16
1_7_16 2
3_23_06 5, 13, 9
6_18_14 8, 16, 4, 12, 5, 13
6_11_20 13, 5, 9, 1, 14, 6
7_17_20 11, 3, 7, 15, 12, 4, 8
7_19_00 1, 9, 13, 5, 10, 2, 6
5_26_06 6, 14, 2, 10, 3
8_1_16 9, 1, 5, 13, 10, 2, 6, 14
8_1_22 12, 4, 8, 16, 13, 5, 9, 1
2_27_16 11, 3
7_8_06 5, 13, 1, 9, 10, 2, 6
6_8_00 2, 10, 14, 6, 15, 7
5_27_08 7, 15, 3, 11, 16
2_12_04 1, 9
4_3_06 4, 12, 16, 8
2_29_12 10, 2
7_19_22 12, 4, 8, 16, 5, 13, 1
1_20_16 13
1_31_04 14
2_28_10 4, 12
3_17_22 12, 4, 8
8_23_18 11, 3, 7, 15, 12, 4, 8, 16
1_1_00 1
6_14_04 6, 14, 2, 10, 15, 7
4_6_00 2, 10, 14, 6
2_8_14 5, 13
7_23_06 5, 13, 1, 9, 14, 6, 10
4_1_04 3, 11, 15, 7
8_17_04 3, 11, 15, 7, 4, 12, 16, 8
5_16_02 5, 13, 1, 9, 6
3_14_20 10, 2, 6
5_24_02 3, 11, 15, 7, 8
4_15_06 7, 15, 3, 11
1_20_04 7
4_9_14 10, 2, 6, 14
8_29_18 13, 5, 9, 1, 10, 2, 6, 14
8_4_04 3, 11, 15, 7, 4, 12, 16, 8
6_8_10 7, 15, 3, 11, 4, 12
8_9_04 5, 13, 1, 9, 6, 14, 2, 10
7_24_00 2, 10, 14, 6, 7, 15, 3
1_29_00 4
2_15_06 7, 15
4_14_06 7, 15, 3, 11
1_11_16 3
4_17_10 6, 14, 2, 10
4_23_08 6, 14, 2, 10
5_20_04 3, 11, 15, 7, 8
7_31_22 15, 7, 11, 3, 4, 12, 16
8_8_08 6, 14, 2, 10, 7, 15, 3, 11
8_4_14 8, 16, 4, 12, 9, 1, 5, 13
3_13_00 4,12, 16
7_20_02 2, 10, 14, 6, 7, 15, 3
8_30_20 14, 6, 10, 2, 11, 3, 7, 15
8_21_10 7, 15, 3, 11, 8, 16, 4, 12
8_12_12 9, 1, 5, 13, 10, 2, 6, 14
6_20_22 12, 4, 8, 16, 9, 1
5_29_18 13, 5, 9, 1, 10
4_9_04 5, 13, 1, 9
1_12_22 2
7_11_12 9, 1, 5, 13, 2, 10, 14
8_31_12 10, 2, 6, 14, 7, 15, 3, 11
6_22_22 13, 5, 9, 1, 10, 2
2_18_04 15, 7
6_29_22 15, 7, 11, 3, 12, 4
7_28_00 3, 11, 15, 7, 8, 16, 4
7_16_22 15, 7, 11, 3, 16, 8, 12
