7_11_08 7, 15, 3, 11, 16, 8, 12
2_31_18 13, 5
2_17_00 1, 9
3_28_12 5, 13, 9
5_5_18 11, 3, 7, 15, 12
6_12_08 7, 15, 3, 11, 4, 12
5_25_08 7, 15, 3, 11, 8
1_29_22 15
7_5_10 7, 15, 3, 11, 8, 16, 4
5_19_16 9, 1, 5, 13, 2
2_1_04 3, 11
1_27_14 2
1_20_00 5
5_4_08 5, 13, 1, 9, 10
4_9_06 6, 14, 2, 10
4_26_00 3, 11, 15, 7
2_24_10 3, 11
6_20_04 3, 11, 15, 7, 16, 8
1_19_18 2
1_24_08 10
4_1_06 4, 12, 16, 8
7_22_08 6, 14, 2, 10, 3, 11, 15
1_18_22 8
6_15_18 13, 5, 9, 1, 10, 2
6_9_22 14, 6, 10, 2, 15, 7
2_13_16 12, 4
3_17_04 3, 11, 15
4_12_22 14, 6, 10, 2
5_22_04 4, 12, 16, 8, 1
3_14_18 9, 1, 5
7_21_16 10, 2, 6, 14, 11, 3, 7
3_19_14 8, 16, 12
4_30_06 7, 15, 3, 11
7_19_04 3, 11, 15, 7, 12, 4, 8
7_10_20 13, 5, 9, 1, 10, 2, 6
8_5_02 3, 11, 15, 7, 4, 12, 16, 8
6_18_12 7, 15, 3, 11, 4, 12
2_15_08 8, 16
3_27_08 7, 15, 11
6_2_18 10, 2, 6, 14, 7, 15
8_13_18 13, 5, 9, 1, 10, 2, 6, 14
2_8_20 8, 16
4_4_06 4, 12, 16, 8
3_27_00 3, 11, 7
1_11_20 5
5_21_02 3, 11, 15, 7, 4
4_31_04 6, 14, 2, 10
7_21_00 2, 10, 14, 6, 3, 11, 15
6_1_18 10, 2, 6, 14, 11, 3
4_9_04 5, 13, 1, 9
7_9_10 8, 16, 4, 12, 9, 1, 5
5_4_16 9, 1, 5, 13, 14
5_10_06 6, 14, 2, 10, 3
6_10_16 11, 3, 7, 15, 8, 16
3_21_02 3, 11, 15
4_25_14 10, 2, 6, 14
6_13_18 13, 5, 9, 1, 10, 2
5_16_04 6, 14, 2, 10, 7
5_1_10 6, 14, 2, 10, 7
4_4_06 4, 12, 16, 8
4_12_14 10, 2, 6, 14
4_21_18 11, 3, 7, 15
1_24_06 9
4_19_18 10, 2, 6, 14
7_4_00 1, 9, 13, 5, 6, 14, 2
5_30_18 13, 5, 9, 1, 6
7_18_06 4, 12, 16, 8, 1, 9, 13
2_18_02 14, 6
5_23_08 6, 14, 2, 10, 15
2_9_22 14, 6
1_5_12 8
5_19_00 1, 9, 13, 5, 10
3_7_10 7, 15, 11
7_19_16 9, 1, 5, 13, 2, 10, 14
1_28_08 11
3_17_14 8, 16, 4
2_23_00 2, 10
6_12_12 9, 1, 5, 13, 6, 14
7_15_20 14, 6, 10, 2, 3, 11, 15
5_9_10 8, 16, 4, 12, 9
5_9_16 11, 3, 7, 15, 12
6_5_22 13, 5, 9, 1, 14, 6
6_18_06 4, 12, 16, 8, 1, 9
2_4_06 16, 8
5_12_22 14, 6, 10, 2, 3
2_4_20 7, 15
4_15_18 13, 5, 9, 1
3_24_18 7, 15, 11
7_23_02 3, 11, 15, 7, 12, 4, 8
6_15_20 14, 6, 10, 2, 11, 3
6_31_06 7, 15, 3, 11, 4, 12
4_6_10 7, 15, 3, 11
3_19_00 1, 9, 5
5_7_18 11, 3, 7, 15, 4
3_23_20 12, 4, 16
7_7_18 11, 3, 7, 15, 4, 12, 16
4_25_08 7, 15, 3, 11
4_9_20 13, 5, 9, 1
2_4_00 13, 5
4_25_18 12, 4, 8, 16
1_2_02 14
4_17_20 11, 3, 7, 15
7_8_20 12, 4, 8, 16, 1, 9, 13
4_31_22 15, 7, 11, 3
4_18_22 12, 4, 8, 16
3_16_04 2, 10, 6
5_14_04 6, 14, 2, 10, 15
1_21_20 12
4_7_02 3, 11, 15, 7
8_23_16 10, 2, 6, 14, 11, 3, 7, 15
5_25_02 4, 12, 16, 8, 5
7_16_16 12, 4, 8, 16, 13, 5, 9
2_3_02 2, 10
8_15_16 12, 4, 8, 16, 9, 1, 5, 13
7_22_04 4, 12, 16, 8, 1, 9, 13
6_2_18 10, 2, 6, 14, 7, 15
8_25_10 8, 16, 4, 12, 9, 1, 5, 13
8_21_02 3, 11, 15, 7, 4, 12, 16, 8
1_8_08 10
8_24_20 12, 4, 8, 16, 13, 5, 9, 1
5_8_16 10, 2, 6, 14, 15
1_26_04 1
7_22_04 4, 12, 16, 8, 1, 9, 13
4_31_04 6, 14, 2, 10
6_3_04 3, 11, 15, 7, 4, 12
7_22_16 10, 2, 6, 14, 7, 15, 3
4_31_02 5, 13, 1, 9
3_25_20 13, 5, 9
6_27_12 9, 1, 5, 13, 10, 2
4_21_12 8, 16, 4, 12
3_29_02 5, 13, 1
3_27_08 7, 15, 11
6_12_00 3, 11, 15, 7, 16, 8
4_19_22 12, 4, 8, 16
6_27_10 8, 16, 4, 12, 9, 1
3_28_02 16, 8, 4
1_30_14 7
7_9_22 14, 6, 10, 2, 15, 7, 11
6_14_10 9, 1, 5, 13, 2, 10
3_11_14 10, 2, 14
6_31_08 8, 16, 4, 12, 5, 13
2_4_20 7, 15
8_20_08 5, 13, 1, 9, 6, 14, 2, 10
4_22_00 2, 10, 14, 6
8_6_02 3, 11, 15, 7, 4, 12, 16, 8
2_2_10 2, 10
3_17_10 6, 14, 2
3_10_16 7, 15, 3
6_12_00 3, 11, 15, 7, 16, 8
6_17_10 6, 14, 2, 10, 7, 15
6_1_12 7, 15, 3, 11, 8, 16
7_28_06 6, 14, 2, 10, 11, 3, 7
1_15_10 1
5_22_00 2, 10, 14, 6, 15
2_13_16 12, 4
5_24_16 10, 2, 6, 14, 15
2_21_20 12, 4
4_3_12 7, 15, 3, 11
3_20_14 4, 12, 8
6_7_20 12, 4, 8, 16, 13, 5
8_16_08 8, 16, 4, 12, 5, 13, 1, 9
7_17_06 4, 12, 16, 8, 5, 13, 1
7_2_08 5, 13, 1, 9, 2, 10, 14
8_5_12 8, 16, 4, 12, 9, 1, 5, 13
4_13_08 8, 16, 4, 12
8_2_14 8, 16, 4, 12, 9, 1, 5, 13
6_3_08 5, 13, 1, 9, 6, 14
5_27_14 10, 2, 6, 14, 3
6_25_02 4, 12, 16, 8, 5, 13
4_27_02 4, 12, 16, 8
8_7_10 7, 15, 3, 11, 8, 16, 4, 12
2_2_12 3, 11
4_28_00 3, 11, 15, 7
3_6_12 4, 12, 16
5_25_18 12, 4, 8, 16, 13
4_5_14 9, 1, 5, 13
6_23_16 10, 2, 6, 14, 11, 3
4_22_18 11, 3, 7, 15
7_23_18 11, 3, 7, 15, 4, 12, 16
3_4_06 16, 8, 4
5_5_14 9, 1, 5, 13, 10
3_11_08 7, 15, 11
2_17_12 7, 15
1_2_14 4
6_18_22 12, 4, 8, 16, 9, 1
7_28_12 9, 1, 5, 13, 14, 6, 10
7_31_08 8, 16, 4, 12, 13, 5, 9
7_31_00 4, 12, 16, 8, 9, 1, 5
7_24_08 6, 14, 2, 10, 11, 3, 7
1_6_02 15
2_24_18 7, 15
2_12_14 6, 14
4_30_14 11, 3, 7, 15
7_25_00 3, 11, 15, 7, 4, 12, 16
4_24_20 12, 4, 8, 16
4_2_12 7, 15, 3, 11
8_16_14 11, 3, 7, 15, 8, 16, 4, 12
5_26_20 13, 5, 9, 1, 10
1_6_10 3
2_11_20 13, 5
8_8_22 13, 5, 9, 1, 14, 6, 10, 2
7_25_20 13, 5, 9, 1, 14, 6, 10
4_4_08 5, 13, 1, 9
3_4_20 7, 15, 11
7_3_22 12, 4, 8, 16, 5, 13, 1
8_11_08 7, 15, 3, 11, 8, 16, 4, 12
2_1_20 11, 3
3_10_08 3, 11, 15
1_8_16 14
6_23_02 3, 11, 15, 7, 4, 12
8_12_08 7, 15, 3, 11, 8, 16, 4, 12
6_8_14 9, 1, 5, 13, 6, 14
7_31_06 7, 15, 3, 11, 12, 4, 8
3_31_06 7, 15, 11
8_2_00 1, 9, 13, 5, 2, 10, 14, 6
4_22_04 4, 12, 16, 8
3_9_14 10, 2, 6
1_18_02 14
3_10_22 10, 2, 6
2_20_02 14, 6
8_12_18 12, 4, 8, 16, 13, 5, 9, 1
6_27_04 5, 13, 1, 9, 6, 14
3_8_06 1, 9, 5
4_31_20 14, 6, 10, 2
6_19_02 2, 10, 14, 6, 3, 11
6_4_00 1, 9, 13, 5, 14, 6
6_21_20 12, 4, 8, 16, 13, 5
2_10_08 3, 11
5_31_10 9, 1, 5, 13, 14
8_1_16 9, 1, 5, 13, 10, 2, 6, 14
5_24_10 7, 15, 3, 11, 12
6_18_08 5, 13, 1, 9, 2, 10
2_19_10 6, 14
8_12_02 4, 12, 16, 8, 5, 13, 1, 9
3_15_22 15, 7, 3
4_18_14 8, 16, 4, 12
5_28_10 8, 16, 4, 12, 13
5_15_00 4, 12, 16, 8, 9
1_6_04 16
4_9_12 9, 1, 5, 13
5_7_10 7, 15, 3, 11, 16
5_31_12 10, 2, 6, 14, 15
3_10_16 7, 15, 3
4_17_08 5, 13, 1, 9
4_2_02 2, 10, 14, 6
2_25_10 8, 16
3_25_14 10, 2, 6
4_20_02 2, 10, 14, 6
1_17_12 7
5_10_16 11, 3, 7, 15, 8
1_9_04 5
7_20_18 10, 2, 6, 14, 15, 7, 11
6_6_06 5, 13, 1, 9, 2, 10
4_18_08 5, 13, 1, 9
1_25_06 6
3_29_10 9, 1, 5
2_8_18 7, 15
1_23_04 12
2_11_12 9, 1
7_1_02 2, 10, 14, 6, 3, 11, 15
3_28_00 15, 7, 3
2_17_10 6, 14
2_5_20 12, 4
8_29_20 14, 6, 10, 2, 11, 3, 7, 15
6_17_04 3, 11, 15, 7, 4, 12
1_16_10 13
8_20_16 9, 1, 5, 13, 10, 2, 6, 14
1_7_02 11
3_1_12 7, 15, 3
6_21_00 2, 10, 14, 6, 3, 11
4_5_04 4, 12, 16, 8
8_21_10 7, 15, 3, 11, 8, 16, 4, 12
8_5_04 4, 12, 16, 8, 5, 13, 1, 9
3_28_10 4, 12, 8
7_6_08 6, 14, 2, 10, 3, 11, 15
2_8_16 6, 14
3_15_08 8, 16, 12
3_8_04 16, 8, 4
5_5_20 12, 4, 8, 16, 13
4_15_00 4,12, 16, 8
8_5_02 3, 11, 15, 7, 4, 12, 16, 8
4_10_18 12, 4, 8, 16
4_27_10 8, 16, 4, 12
1_8_02 7
7_9_16 11, 3, 7, 15, 12, 4, 8
2_28_18 8, 16
1_14_00 16
7_10_06 6, 14, 2, 10, 3, 11, 15
6_9_02 4, 12, 16, 8, 5, 13
1_29_20 14
1_20_18 14
7_8_20 12, 4, 8, 16, 1, 9, 13
1_22_14 5
1_18_06 16
4_29_10 9, 1, 5, 13
1_15_08 16
1_4_08 9
6_12_08 7, 15, 3, 11, 4, 12
8_15_22 15, 7, 11, 3, 12, 4, 8, 16
1_23_10 15
7_19_22 12, 4, 8, 16, 5, 13, 1
1_14_18 9
7_26_20 13, 5, 9, 1, 10, 2, 6
4_8_14 9, 1, 5, 13
5_5_14 9, 1, 5, 13, 10
7_3_22 12, 4, 8, 16, 5, 13, 1
8_29_04 6, 14, 2, 10, 3, 11, 15, 7
1_25_00 3
5_17_20 11, 3, 7, 15, 12
1_2_20 7
2_27_18 12, 4
1_20_08 9
5_1_10 6, 14, 2, 10, 7
3_23_18 11, 3, 15
3_28_16 7, 15, 11
2_18_18 6, 14
1_4_18 14
2_21_22 13, 5
3_18_14 4, 12, 16
5_13_08 8, 16, 4, 12, 5
4_29_22 15, 7, 11, 3
6_30_08 8, 16, 4, 12, 1, 9
3_19_16 9, 1, 13
8_11_02 4, 12, 16, 8, 5, 13, 1, 9
7_22_10 7, 15, 3, 11, 4, 12, 16
6_21_04 4, 12, 16, 8, 5, 13
6_17_04 3, 11, 15, 7, 4, 12
1_15_06 15
6_7_20 12, 4, 8, 16, 13, 5
4_7_08 6, 14, 2, 10
3_19_08 5, 13, 9
4_17_08 5, 13, 1, 9
2_22_08 2, 10
2_30_12 6, 14
8_15_16 12, 4, 8, 16, 9, 1, 5, 13
6_28_06 6, 14, 2, 10, 3, 11
2_29_14 11, 3
8_14_18 13, 5, 9, 1, 10, 2, 6, 14
8_15_18 13, 5, 9, 1, 10, 2, 6, 14
2_20_12 3, 11
2_24_10 3, 11
1_14_00 16
7_11_12 9, 1, 5, 13, 2, 10, 14
6_19_16 9, 1, 5, 13, 10, 2
1_16_06 11
8_14_16 12, 4, 8, 16, 9, 1, 5, 13
5_13_10 9, 1, 5, 13, 6
6_4_12 7, 15, 3, 11, 4, 12
3_2_22 8, 16, 4
2_4_02 14, 6
6_16_06 7, 15, 3, 11, 16, 8
7_5_04 4, 12, 16, 8, 5, 13, 1
2_25_00 3, 11
4_6_02 3, 11, 15, 7
7_28_02 4, 12, 16, 8, 9, 1, 5
3_24_22 9, 1, 13
7_7_14 9, 1, 5, 13, 2, 10, 14
7_28_10 8, 16, 4, 12, 13, 5, 9
5_1_02 2, 10, 14, 6, 3
8_8_02 3, 11, 15, 7, 4, 12, 16, 8
3_19_06 4, 12, 8
7_14_00 4, 12, 16, 8, 13, 5, 9
4_15_00 4,12, 16, 8
8_8_04 4, 12, 16, 8, 5, 13, 1, 9
3_14_10 5, 13, 1
5_5_20 12, 4, 8, 16, 13
6_16_10 9, 1, 5, 13, 2, 10
3_18_12 3, 11, 15
2_5_06 5, 13
8_11_00 3, 11, 15, 7, 4, 12, 16, 8
1_4_06 8
7_8_22 13, 5, 9, 1, 2, 10, 14
7_20_02 2, 10, 14, 6, 7, 15, 3
8_13_20 14, 6, 10, 2, 11, 3, 7, 15
8_24_20 12, 4, 8, 16, 13, 5, 9, 1
2_6_10 3, 11
8_14_18 13, 5, 9, 1, 10, 2, 6, 14
5_5_00 2, 10, 14, 6, 3
5_29_02 5, 13, 1, 9, 2
1_1_18 10
6_11_08 7, 15, 3, 11, 8, 16
3_1_06 4, 12, 16
6_10_10 8, 16, 4, 12, 5, 13
6_11_14 10, 2, 6, 14, 11, 3
2_28_02 16, 8
5_1_08 5, 13, 1, 9, 6
6_17_00 1, 9, 13, 5, 2, 10
8_15_06 7, 15, 3, 11, 4, 12, 16, 8
3_1_14 8, 16, 4
4_11_16 11, 3, 7, 15
2_13_16 12, 4
3_21_22 13, 5, 9
6_27_20 13, 5, 9, 1, 14, 6
6_19_18 10, 2, 6, 14, 11, 3
1_15_02 13
5_24_14 9, 1, 5, 13, 14
7_24_14 9, 1, 5, 13, 14, 6, 10
4_3_14 8, 16, 4, 12
6_1_18 10, 2, 6, 14, 11, 3
6_14_06 7, 15, 3, 11, 16, 8
3_13_18 13, 5, 9
5_29_04 6, 14, 2, 10, 3
2_20_02 14, 6
7_19_18 10, 2, 6, 14, 3, 11, 15
2_17_00 1, 9
5_14_22 15, 7, 11, 3, 8
6_10_16 11, 3, 7, 15, 8, 16
2_3_08 5, 13
8_23_18 11, 3, 7, 15, 12, 4, 8, 16
4_21_06 5, 13, 1, 9
6_28_16 11, 3, 7, 15, 8, 16
8_15_18 13, 5, 9, 1, 10, 2, 6, 14
1_29_12 10
7_14_10 9, 1, 5, 13, 2, 10, 14
4_29_14 11, 3, 7, 15
8_9_10 8, 16, 4, 12, 9, 1, 5, 13
3_21_10 7, 15, 3
6_12_00 3, 11, 15, 7, 16, 8
7_15_06 7, 15, 3, 11, 12, 4, 8
6_8_02 3, 11, 15, 7, 16, 8
6_26_04 5, 13, 1, 9, 2, 10
3_2_12 3, 11, 15
4_18_18 10, 2, 6, 14
4_10_02 4, 12, 16, 8
8_8_14 9, 1, 5, 13, 10, 2, 6, 14
3_29_06 7, 15, 3
6_19_08 5, 13, 1, 9, 6, 14
5_6_12 8, 16, 4, 12, 5
6_14_12 10, 2, 6, 14, 3, 11
6_15_14 11, 3, 7, 15, 8, 16
2_26_22 10, 2
2_7_00 2, 10
1_20_22 16
5_31_10 9, 1, 5, 13, 14
8_7_00 2, 10, 14, 6, 3, 11, 15, 7
5_15_22 15, 7, 11, 3, 4
6_30_02 5, 13, 1, 9, 14, 6
4_10_04 5, 13, 1, 9
5_21_10 7, 15, 3, 11, 8
2_14_02 1, 9
7_2_04 3, 11, 15, 7, 16, 8, 12
3_21_08 6, 14, 2
8_27_12 9, 1, 5, 13, 10, 2, 6, 14
4_1_20 11, 3, 7, 15
4_19_16 9, 1, 5, 13
7_28_18 12, 4, 8, 16, 1, 9, 13
1_21_18 11
8_10_10 8, 16, 4, 12, 9, 1, 5, 13
1_14_02 1
2_19_12 7, 15
3_22_08 2, 10, 14
4_19_08 5, 13, 1, 9
1_17_02 2
7_18_18 10, 2, 6, 14, 7, 15, 3
4_17_16 9, 1, 5, 13
1_10_22 10
3_23_16 10, 2, 14
8_22_08 6, 14, 2, 10, 7, 15, 3, 11
4_30_20 14, 6, 10, 2
8_14_22 15, 7, 11, 3, 12, 4, 8, 16
7_4_18 10, 2, 6, 14, 15, 7, 11
1_30_18 9
6_19_00 1, 9, 13, 5, 2, 10
5_11_04 5, 13, 1, 9, 14
6_9_16 11, 3, 7, 15, 12, 4
3_21_08 6, 14, 2
5_29_20 14, 6, 10, 2, 11
1_2_20 7
8_15_06 7, 15, 3, 11, 4, 12, 16, 8
4_3_14 8, 16, 4, 12
6_12_06 6, 14, 2, 10, 3, 11
3_24_02 15, 7, 3
7_26_06 6, 14, 2, 10, 3, 11, 15
5_13_08 8, 16, 4, 12, 5
3_14_18 9, 1, 5
3_8_14 5, 13, 9
6_8_02 3, 11, 15, 7, 16, 8
8_11_22 14, 6, 10, 2, 15, 7, 11, 3
7_22_08 6, 14, 2, 10, 3, 11, 15
1_18_20 7
4_25_06 6, 14, 2, 10
6_28_08 7, 15, 3, 11, 4, 12
8_9_16 11, 3, 7, 15, 12, 4, 8, 16
4_24_10 7, 15, 3, 11
6_24_10 7, 15, 3, 11, 4, 12
7_15_04 6, 14, 2, 10, 11, 3, 7
7_14_06 7, 15, 3, 11, 16, 8, 12
2_5_06 5, 13
3_29_04 6, 14, 2
8_27_06 6, 14, 2, 10, 7, 15, 3, 11
3_23_10 7, 15, 11
6_10_12 9, 1, 5, 13, 6, 14
4_5_02 3, 11, 15, 7
3_2_14 4, 12, 16
6_21_18 11, 3, 7, 15, 12, 4
6_31_06 7, 15, 3, 11, 4, 12
4_23_16 10, 2, 6, 14
1_16_04 10
6_19_16 9, 1, 5, 13, 10, 2
8_16_06 7, 15, 3, 11, 4, 12, 16, 8
6_5_06 5, 13, 1, 9, 6, 14
7_9_08 7, 15, 3, 11, 8, 16, 4
4_13_10 9, 1, 5, 13
3_17_08 5, 13, 1
2_8_00 14, 6
7_8_10 7, 15, 3, 11, 12, 4, 8
6_25_22 14, 6, 10, 2, 15, 7
7_29_00 4, 12, 16, 8, 1, 9, 13
2_24_12 4, 12
6_16_12 10, 2, 6, 14, 3, 11
7_24_02 3, 11, 15, 7, 8, 16, 4
4_15_10 9, 1, 5, 13
6_29_06 7, 15, 3, 11, 4, 12
5_12_08 7, 15, 3, 11, 12
5_26_20 13, 5, 9, 1, 10
4_29_02 5, 13, 1, 9
1_18_06 16
8_27_06 6, 14, 2, 10, 7, 15, 3, 11
5_18_12 7, 15, 3, 11, 4
6_19_08 5, 13, 1, 9, 6, 14
1_1_12 7
4_29_08 8, 16, 4, 12
3_7_04 4, 12, 8
7_8_08 6, 14, 2, 10, 11, 3, 7
4_13_04 6, 14, 2, 10
4_26_10 8, 16, 4, 12
7_1_00 1, 9, 13, 5, 2, 10, 14
5_16_14 11, 3, 7, 15, 12
8_5_08 6, 14, 2, 10, 7, 15, 3, 11
6_4_16 9, 1, 5, 13, 6, 14
5_9_18 12, 4, 8, 16, 13
4_24_02 3, 11, 15, 7
6_9_14 10, 2, 6, 14, 11, 3
1_11_08 15
8_15_20 14, 6, 10, 2, 11, 3, 7, 15
5_14_08 8, 16, 4, 12, 1
1_12_00 7
7_22_02 3, 11, 15, 7, 16, 8, 12
3_2_10 2, 10, 14
7_23_22 13, 5, 9, 1, 6, 14, 2
1_30_20 10
1_5_14 9
4_6_10 7, 15, 3, 11
8_4_06 4, 12, 16, 8, 5, 13, 1, 9
7_27_02 4, 12, 16, 8, 13, 5, 9
4_24_06 5, 13, 1, 9
8_20_06 4, 12, 16, 8, 5, 13, 1, 9
8_25_00 3, 11, 15, 7, 4, 12, 16, 8
2_6_08 2, 10
6_15_20 14, 6, 10, 2, 11, 3
4_5_02 3, 11, 15, 7
6_31_04 6, 14, 2, 10, 3, 11
8_30_10 9, 1, 5, 13, 6, 14, 2, 10
3_7_04 4, 12, 8
3_28_00 15, 7, 3
1_11_12 1
6_13_04 6, 14, 2, 10, 3, 11
6_20_02 2, 10, 14, 6, 15, 7
1_19_06 12
4_9_14 10, 2, 6, 14
1_27_00 11
6_28_12 9, 1, 5, 13, 6, 14
5_16_10 9, 1, 5, 13, 10
2_14_10 5, 13
4_23_04 4, 12, 16, 8
2_16_20 10, 2
3_8_02 15, 7, 3
3_4_06 16, 8, 4
5_27_00 3, 11, 15, 7, 12
8_29_00 4, 12, 16, 8, 1, 9, 13, 5
4_5_00 2, 10, 14, 6
3_11_04 5, 13, 9
7_31_00 4, 12, 16, 8, 9, 1, 5
1_5_14 9
2_19_22 12, 4
6_19_22 12, 4, 8, 16, 13, 5
4_8_14 9, 1, 5, 13
7_13_16 12, 4, 8, 16, 9, 1, 5
5_21_06 5, 13, 1, 9, 6
4_7_12 8, 16, 4, 12
6_21_08 6, 14, 2, 10, 7, 15
1_18_18 6
3_18_00 13, 5, 9
2_31_12 10, 2
8_20_10 6, 14, 2, 10, 7, 15, 3, 11
8_6_14 9, 1, 5, 13, 10, 2, 6, 14
5_25_04 5, 13, 1, 9, 6
5_6_00 2, 10, 14, 6, 15
2_14_08 4, 12
1_8_00 6
3_9_10 8, 16, 4
1_1_22 12
7_1_12 7, 15, 3, 11, 8, 16, 4
2_27_06 6, 14
1_30_12 6
3_3_02 2, 10, 6
3_30_18 9, 1, 5
6_7_16 10, 2, 6, 14, 11, 3
5_4_12 7, 15, 3, 11, 12
2_25_14 10, 2
6_17_10 6, 14, 2, 10, 7, 15
8_21_04 4, 12, 16, 8, 5, 13, 1, 9
3_20_04 15, 7, 3
5_5_04 4, 12, 16, 8, 5
3_18_18 6, 14, 2
4_14_04 6, 14, 2, 10
6_9_06 6, 14, 2, 10, 7, 15
8_19_14 8, 16, 4, 12, 9, 1, 5, 13
1_19_20 3
2_12_18 8, 16
2_11_22 14, 6
7_26_18 12, 4, 8, 16, 9, 1, 5
3_13_10 9, 1, 5
1_7_08 14
2_28_10 4, 12
8_13_16 12, 4, 8, 16, 9, 1, 5, 13
8_18_10 6, 14, 2, 10, 7, 15, 3, 11
6_30_04 6, 14, 2, 10, 15, 7
8_23_16 10, 2, 6, 14, 11, 3, 7, 15
5_27_12 9, 1, 5, 13, 2
5_24_20 12, 4, 8, 16, 1
2_20_04 15, 7
5_3_16 9, 1, 5, 13, 2
4_30_20 14, 6, 10, 2
6_4_12 7, 15, 3, 11, 4, 12
1_15_10 1
6_22_02 3, 11, 15, 7, 16, 8
4_20_10 6, 14, 2, 10
6_8_12 8, 16, 4, 12, 5, 13
3_5_02 3, 11, 15
4_23_02 3, 11, 15, 7
3_20_16 5, 13, 9
7_16_10 9, 1, 5, 13, 10, 2, 6
1_29_20 14
3_30_12 6, 14, 2
6_13_20 14, 6, 10, 2, 11, 3
2_20_06 16, 8
1_8_22 1
8_8_14 9, 1, 5, 13, 10, 2, 6, 14
5_20_02 2, 10, 14, 6, 7
4_16_06 7, 15, 3, 11
4_18_04 3, 11, 15, 7
6_4_14 8, 16, 4, 12, 5, 13
4_8_12 8, 16, 4, 12
8_30_06 7, 15, 3, 11, 4, 12, 16, 8
8_23_12 8, 16, 4, 12, 9, 1, 5, 13
4_7_00 2, 10, 14, 6
5_16_20 14, 6, 10, 2, 15
1_1_12 7
3_7_04 4, 12, 8
1_5_06 5
6_29_00 4, 12, 16, 8, 1, 9
7_20_06 4, 12, 16, 8, 9, 1, 5
5_8_02 3, 11, 15, 7, 8
6_26_20 13, 5, 9, 1, 10, 2
5_4_14 8, 16, 4, 12, 13
8_1_04 3, 11, 15, 7, 4, 12, 16, 8
2_11_10 8, 16
5_19_04 3, 11, 15, 7, 12
8_16_20 14, 6, 10, 2, 11, 3, 7, 15
7_2_14 8, 16, 4, 12, 5, 13, 1
5_24_12 8, 16, 4, 12, 13
3_28_14 6, 14, 10
5_28_08 7, 15, 3, 11, 12
2_23_16 10, 2
6_3_10 6, 14, 2, 10, 7, 15
5_4_00 1, 9, 13, 5, 6
1_4_08 9
3_6_10 3, 11, 15
4_14_18 13, 5, 9, 1
7_18_12 7, 15, 3, 11, 4, 12, 16
4_11_20 13, 5, 9, 1
8_27_10 8, 16, 4, 12, 9, 1, 5, 13
3_21_00 2, 10, 14
3_24_00 14, 6, 2
7_12_14 10, 2, 6, 14, 15, 7, 11
8_30_12 10, 2, 6, 14, 7, 15, 3, 11
3_17_14 8, 16, 4
7_30_22 15, 7, 11, 3, 8, 16, 4
4_1_02 2, 10, 14, 6
7_9_18 12, 4, 8, 16, 13, 5, 9
2_5_14 9, 1
7_14_16 12, 4, 8, 16, 5, 13, 1
7_26_10 8, 16, 4, 12, 5, 13, 1
5_29_22 15, 7, 11, 3, 12
8_21_10 7, 15, 3, 11, 8, 16, 4, 12
4_18_02 2, 10, 14, 6
7_24_22 13, 5, 9, 1, 2, 10, 14
2_30_16 8, 16
3_18_18 6, 14, 2
3_7_08 6, 14, 10
1_25_16 11
6_22_04 4, 12, 16, 8, 1, 9
4_25_18 12, 4, 8, 16
1_27_14 2
8_15_10 9, 1, 5, 13, 6, 14, 2, 10
4_20_12 7, 15, 3, 11
7_27_18 12, 4, 8, 16, 5, 13, 1
8_27_02 4, 12, 16, 8, 5, 13, 1, 9
3_23_18 11, 3, 15
8_20_12 7, 15, 3, 11, 8, 16, 4, 12
1_7_08 14
3_1_20 11, 3, 7
2_17_14 8, 16
4_2_06 4, 12, 16, 8
7_27_12 9, 1, 5, 13, 2, 10, 14
3_8_10 3, 11, 7
4_26_16 11, 3, 7, 15
8_2_06 4, 12, 16, 8, 5, 13, 1, 9
1_14_04 2
1_17_16 9
2_25_10 8, 16
8_3_18 10, 2, 6, 14, 11, 3, 7, 15
7_16_14 11, 3, 7, 15, 12, 4, 8
3_9_18 12, 4, 8
6_21_12 8, 16, 4, 12, 9, 1
1_28_00 7
3_31_08 8, 16, 12
6_22_06 5, 13, 1, 9, 2, 10
2_24_10 3, 11
7_6_22 13, 5, 9, 1, 10, 2, 6
2_20_18 6, 14
5_20_08 5, 13, 1, 9, 10
1_25_18 12
1_29_22 15
7_21_10 7, 15, 3, 11, 8, 16, 4
5_20_02 2, 10, 14, 6, 7
6_20_08 5, 13, 1, 9, 2, 10
1_2_06 16
4_23_06 5, 13, 1, 9
4_20_14 8, 16, 4, 12
3_3_12 7, 15, 11
5_28_04 5, 13, 1, 9, 10
5_4_02 2, 10, 14, 6, 7
4_31_04 6, 14, 2, 10
3_6_02 15, 7, 11
8_14_20 14, 6, 10, 2, 11, 3, 7, 15
2_5_14 9, 1
5_4_22 12, 4, 8, 16, 1
3_3_02 2, 10, 6
2_19_18 10, 2
7_18_10 6, 14, 2, 10, 3, 11, 15
1_29_16 12
7_9_08 7, 15, 3, 11, 8, 16, 4
6_15_08 8, 16, 4, 12, 5, 13
2_20_00 13, 5
6_3_04 3, 11, 15, 7, 4, 12
2_31_00 4,12
5_22_18 11, 3, 7, 15, 8
4_26_18 12, 4, 8, 16
6_3_00 1, 9, 13, 5, 2, 10
4_6_00 2, 10, 14, 6
5_13_12 10, 2, 6, 14, 7
8_13_08 8, 16, 4, 12, 5, 13, 1, 9
8_23_00 2, 10, 14, 6, 3, 11, 15, 7
3_27_04 5, 13, 9
6_29_12 10, 2, 6, 14, 7, 15
4_18_18 10, 2, 6, 14
3_14_06 3, 11, 15
6_20_14 8, 16, 4, 12, 5, 13
3_20_08 1, 9, 5
4_1_12 7, 15, 3, 11
7_4_04 3, 11, 15, 7, 8, 16, 4
2_19_06 4, 12
1_7_02 11
3_11_06 6, 14, 10
6_15_18 13, 5, 9, 1, 10, 2
5_3_18 10, 2, 6, 14, 3
1_4_04 7
3_14_16 8, 16, 4
3_29_08 8, 16, 4
3_5_20 12, 4, 8
8_27_06 6, 14, 2, 10, 7, 15, 3, 11
8_12_08 7, 15, 3, 11, 8, 16, 4, 12
1_24_04 8
4_6_14 9, 1, 5, 13
4_12_04 5, 13, 1, 9
6_25_04 5, 13, 1, 9, 6, 14
3_30_18 9, 1, 5
2_21_22 13, 5
7_17_08 5, 13, 1, 9, 6, 14, 2
5_28_18 12, 4, 8, 16, 1
4_17_08 5, 13, 1, 9
2_19_12 7, 15
8_14_04 6, 14, 2, 10, 3, 11, 15, 7
1_1_12 7
8_14_00 4, 12, 16, 8, 1, 9, 13, 5
4_4_04 3, 11, 15, 7
8_27_18 12, 4, 8, 16, 13, 5, 9, 1
5_23_20 12, 4, 8, 16, 5
3_16_20 10, 2, 14
4_19_08 5, 13, 1, 9
1_20_00 5
2_7_16 10, 2
8_14_00 4, 12, 16, 8, 1, 9, 13, 5
2_10_16 7, 15
2_26_00 15, 7
3_22_06 1, 9, 13
8_22_16 10, 2, 6, 14, 11, 3, 7, 15
7_11_08 7, 15, 3, 11, 16, 8, 12
5_29_12 10, 2, 6, 14, 7
5_4_08 5, 13, 1, 9, 10
2_19_12 7, 15
8_22_06 5, 13, 1, 9, 6, 14, 2, 10
3_23_12 8, 16, 12
1_28_00 7
8_19_04 3, 11, 15, 7, 4, 12, 16, 8
2_9_20 13, 5
2_2_14 4, 12
3_30_12 6, 14, 2
7_28_00 3, 11, 15, 7, 8, 16, 4
2_30_12 6, 14
4_5_06 5, 13, 1, 9
5_21_16 10, 2, 6, 14, 11
8_24_16 10, 2, 6, 14, 11, 3, 7, 15
3_19_10 6, 14, 10
1_30_20 10
8_5_16 10, 2, 6, 14, 11, 3, 7, 15
7_3_22 12, 4, 8, 16, 5, 13, 1
4_18_16 9, 1, 5, 13
4_19_04 3, 11, 15, 7
2_1_20 11, 3
3_13_14 11, 3, 7
3_10_10 4, 12, 16
5_26_06 6, 14, 2, 10, 3
1_29_04 6
3_10_12 5, 13, 1
8_24_20 12, 4, 8, 16, 13, 5, 9, 1
2_5_18 11, 3
6_15_18 13, 5, 9, 1, 10, 2
3_6_20 8, 16, 4
1_14_10 5
1_26_16 7
4_8_08 6, 14, 2, 10
2_17_22 12, 4
5_5_06 5, 13, 1, 9, 6
8_7_20 12, 4, 8, 16, 13, 5, 9, 1
4_18_12 7, 15, 3, 11
4_8_00 2, 10, 14, 6
8_17_20 11, 3, 7, 15, 12, 4, 8, 16
2_24_18 7, 15
6_7_04 4, 12, 16, 8, 5, 13
6_8_20 12, 4, 8, 16, 9, 1
7_14_20 14, 6, 10, 2, 7, 15, 3
3_9_12 9, 1, 5
1_19_18 2
5_26_20 13, 5, 9, 1, 10
5_25_10 8, 16, 4, 12, 9
6_11_22 14, 6, 10, 2, 15, 7
5_30_12 10, 2, 6, 14, 3
8_18_14 8, 16, 4, 12, 9, 1, 5, 13
8_24_16 10, 2, 6, 14, 11, 3, 7, 15
2_21_14 9, 1
4_15_04 6, 14, 2, 10
2_15_06 7, 15
5_3_06 4, 12, 16, 8, 13
8_13_00 4, 12, 16, 8, 1, 9, 13, 5
2_10_20 9, 1
1_7_04 12
7_21_06 5, 13, 1, 9, 6, 14, 2
6_2_02 2, 10, 14, 6, 15, 7
6_26_02 4, 12, 16, 8, 1, 9
6_30_00 4, 12, 16, 8, 13, 5
6_5_18 11, 3, 7, 15, 12, 4
4_18_00 1, 9, 13, 5
6_16_02 5, 13, 1, 9, 14, 6
5_14_22 15, 7, 11, 3, 8
1_22_14 5
2_23_02 3, 11
7_17_06 4, 12, 16, 8, 5, 13, 1
1_16_20 2
3_12_08 3, 11, 7
6_5_00 2, 10, 14, 6, 3, 11
5_17_02 2, 10, 14, 6, 3
2_1_18 10, 2
7_21_16 10, 2, 6, 14, 11, 3, 7
1_6_12 4
3_27_20 13, 5, 1
5_21_02 3, 11, 15, 7, 4
1_3_18 2
1_17_06 4
2_15_04 6, 14
1_15_20 6
4_18_02 2, 10, 14, 6
5_31_08 8, 16, 4, 12, 13
2_1_10 6, 14
3_18_20 7, 15, 3
4_20_12 7, 15, 3, 11
8_30_22 15, 7, 11, 3, 12, 4, 8, 16
4_30_08 8, 16, 4, 12
1_14_10 5
4_14_02 5, 13, 1, 9
8_14_04 6, 14, 2, 10, 3, 11, 15, 7
8_14_00 4, 12, 16, 8, 1, 9, 13, 5
8_19_08 5, 13, 1, 9, 6, 14, 2, 10
5_15_10 9, 1, 5, 13, 14
6_15_04 6, 14, 2, 10, 3, 11
2_17_06 4, 12
4_23_06 5, 13, 1, 9
1_4_22 16
6_9_02 4, 12, 16, 8, 5, 13
6_18_10 6, 14, 2, 10, 3, 11
5_3_16 9, 1, 5, 13, 2
6_20_06 4, 12, 16, 8, 1, 9
6_30_16 12, 4, 8, 16, 5, 13
3_22_16 6, 14, 2
7_5_14 9, 1, 5, 13, 10, 2, 6
1_11_22 6
2_14_00 16, 8
6_23_16 10, 2, 6, 14, 11, 3
5_2_10 6, 14, 2, 10, 3
7_4_20 11, 3, 7, 15, 16, 8, 12
4_22_14 9, 1, 5, 13
8_6_18 11, 3, 7, 15, 12, 4, 8, 16
4_13_10 9, 1, 5, 13
2_11_22 14, 6
6_7_22 13, 5, 9, 1, 14, 6
3_15_22 15, 7, 3
5_28_08 7, 15, 3, 11, 12
7_21_04 4, 12, 16, 8, 5, 13, 1
3_18_00 13, 5, 9
7_15_10 9, 1, 5, 13, 14, 6, 10
3_8_14 5, 13, 9
5_26_20 13, 5, 9, 1, 10
7_1_12 7, 15, 3, 11, 8, 16, 4
5_18_00 1, 9, 13, 5, 14
4_9_22 14, 6, 10, 2
3_20_14 4, 12, 8
6_2_22 12, 4, 8, 16, 9, 1
3_13_16 12, 4, 8
5_18_08 5, 13, 1, 9, 2
5_21_16 10, 2, 6, 14, 11
2_5_16 10, 2
1_21_00 2
6_27_06 6, 14, 2, 10, 7, 15
5_15_22 15, 7, 11, 3, 4
2_10_00 15, 7
7_29_12 10, 2, 6, 14, 7, 15, 3
8_30_10 9, 1, 5, 13, 6, 14, 2, 10
1_22_16 6
1_5_04 4
1_2_16 5
8_16_18 13, 5, 9, 1, 10, 2, 6, 14
1_30_14 7
4_21_20 12, 4, 8, 16
4_11_00 3, 11, 15, 7
5_13_08 8, 16, 4, 12, 5
1_27_00 11
8_31_08 8, 16, 4, 12, 5, 13, 1, 9
6_6_00 2, 10, 14, 6, 15, 7
1_3_14 16
8_26_12 9, 1, 5, 13, 10, 2, 6, 14
3_2_16 5, 13, 1
4_1_08 5, 13, 1, 9
1_30_14 7
3_26_00 15, 7, 11
3_2_18 6, 14, 2
8_19_12 7, 15, 3, 11, 8, 16, 4, 12
8_22_22 13, 5, 9, 1, 14, 6, 10, 2
2_16_18 9, 1
2_24_16 6, 14
8_26_18 12, 4, 8, 16, 13, 5, 9, 1
5_30_20 14, 6, 10, 2, 7
5_2_00 1, 9, 13, 5, 14
4_3_00 1, 9, 13, 5
5_9_02 4, 12, 16, 8, 5
3_14_00 16, 8, 12
4_9_08 7, 15, 3, 11
5_9_04 5, 13, 1, 9, 6
1_13_22 15
5_27_22 14, 6, 10, 2, 7
4_6_02 3, 11, 15, 7
1_29_22 15
7_4_16 9, 1, 5, 13, 14, 6, 10
1_30_16 8
3_1_16 9, 1, 5
8_3_10 6, 14, 2, 10, 7, 15, 3, 11
4_25_10 8, 16, 4, 12
2_19_20 11, 3
5_17_02 2, 10, 14, 6, 3
4_1_10 6, 14, 2, 10
7_11_10 8, 16, 4, 12, 1, 9, 13
8_4_06 4, 12, 16, 8, 5, 13, 1, 9
3_20_00 13, 5, 1
5_23_02 3, 11, 15, 7, 12
1_20_20 15
1_27_14 2
3_3_18 10, 2, 14
7_17_12 7, 15, 3, 11, 8, 16, 4
3_17_04 3, 11, 15
1_13_18 13
6_31_14 11, 3, 7, 15, 8, 16
1_16_08 12
7_28_20 13, 5, 9, 1, 2, 10, 14
3_16_10 5, 13, 9
1_28_06 10
2_17_06 4, 12
8_19_04 3, 11, 15, 7, 4, 12, 16, 8
4_28_06 6, 14, 2, 10
1_19_16 1
5_12_20 13, 5, 9, 1, 2
4_16_08 8, 16, 4, 12
8_9_20 13, 5, 9, 1, 14, 6, 10, 2
2_4_18 6, 14
7_27_18 12, 4, 8, 16, 5, 13, 1
5_17_00 1, 9, 13, 5, 2
1_1_20 11
6_24_02 3, 11, 15, 7, 16, 8
5_21_10 7, 15, 3, 11, 8
1_7_16 2
2_1_18 10, 2
4_14_00 4,12, 16, 8
5_21_04 4, 12, 16, 8, 5
3_1_08 5, 13, 1
4_14_12 10, 2, 6, 14
8_21_00 2, 10, 14, 6, 3, 11, 15, 7
8_2_08 5, 13, 1, 9, 6, 14, 2, 10
1_24_10 11
7_11_16 11, 3, 7, 15, 4, 12, 16
6_3_20 11, 3, 7, 15, 12, 4
8_26_16 11, 3, 7, 15, 12, 4, 8, 16
2_29_20 14, 6
1_15_14 3
8_24_16 10, 2, 6, 14, 11, 3, 7, 15
8_22_10 7, 15, 3, 11, 8, 16, 4, 12
4_27_06 6, 14, 2, 10
1_2_02 14
5_21_02 3, 11, 15, 7, 4
5_25_04 5, 13, 1, 9, 6
7_21_22 13, 5, 9, 1, 14, 6, 10
5_24_02 3, 11, 15, 7, 8
1_13_08 8
3_12_12 5, 13, 9
6_8_10 7, 15, 3, 11, 4, 12
4_26_20 13, 5, 9, 1
8_14_20 14, 6, 10, 2, 11, 3, 7, 15
8_1_22 12, 4, 8, 16, 13, 5, 9, 1
7_28_16 11, 3, 7, 15, 16, 8, 12
3_1_00 1, 9, 13
1_4_14 12
5_4_22 12, 4, 8, 16, 1
7_1_08 5, 13, 1, 9, 6, 14, 2
8_21_22 13, 5, 9, 1, 14, 6, 10, 2
2_8_02 15, 7
3_7_12 8, 16, 12
7_6_02 3, 11, 15, 7, 16, 8, 12
3_27_20 13, 5, 1
6_22_10 7, 15, 3, 11, 4, 12
5_19_04 3, 11, 15, 7, 12
1_1_10 6
5_21_00 2, 10, 14, 6, 3
7_5_06 5, 13, 1, 9, 6, 14, 2
4_23_14 9, 1, 5, 13
6_24_20 12, 4, 8, 16, 9, 1
4_2_02 2, 10, 14, 6
5_10_06 6, 14, 2, 10, 3
2_10_14 6, 14
3_8_12 4, 12, 8
5_13_14 11, 3, 7, 15, 8
5_26_12 9, 1, 5, 13, 6
5_18_02 2, 10, 14, 6, 15
2_6_12 4, 12
6_21_02 3, 11, 15, 7, 4, 12
6_29_00 4, 12, 16, 8, 1, 9
3_5_18 11, 3, 7
3_15_00 4,12, 8
7_13_16 12, 4, 8, 16, 9, 1, 5
7_9_22 14, 6, 10, 2, 15, 7, 11
4_22_16 10, 2, 6, 14
5_25_14 10, 2, 6, 14, 11
1_13_00 4
5_2_18 10, 2, 6, 14, 7
4_27_18 12, 4, 8, 16
5_2_18 10, 2, 6, 14, 7
1_21_00 2
8_26_10 8, 16, 4, 12, 9, 1, 5, 13
1_13_10 9
8_9_16 11, 3, 7, 15, 12, 4, 8, 16
8_13_06 7, 15, 3, 11, 4, 12, 16, 8
5_26_12 9, 1, 5, 13, 6
3_23_16 10, 2, 14
5_4_14 8, 16, 4, 12, 13
3_15_16 12, 4, 16
7_16_20 14, 6, 10, 2, 15, 7, 11
8_1_22 12, 4, 8, 16, 13, 5, 9, 1
1_24_12 12
4_26_04 5, 13, 1, 9
4_18_00 1, 9, 13, 5
1_2_12 3
3_20_08 1, 9, 5
8_23_06 5, 13, 1, 9, 6, 14, 2, 10
8_29_00 4, 12, 16, 8, 1, 9, 13, 5
7_12_20 13, 5, 9, 1, 2, 10, 14
5_23_22 13, 5, 9, 1, 6
6_12_18 12, 4, 8, 16, 9, 1
8_29_04 6, 14, 2, 10, 3, 11, 15, 7
7_10_16 11, 3, 7, 15, 8, 16, 4
8_15_04 6, 14, 2, 10, 3, 11, 15, 7
1_31_08 16
7_11_00 3, 11, 15, 7, 12, 4, 8
7_30_12 10, 2, 6, 14, 3, 11, 15
4_25_12 9, 1, 5, 13
4_30_10 9, 1, 5, 13
3_24_00 14, 6, 2
1_28_08 11
4_24_14 9, 1, 5, 13
6_15_06 7, 15, 3, 11, 4, 12
1_8_00 6
8_21_04 4, 12, 16, 8, 5, 13, 1, 9
4_24_04 4, 12, 16, 8
7_9_20 13, 5, 9, 1, 14, 6, 10
8_23_14 9, 1, 5, 13, 10, 2, 6, 14
8_7_12 8, 16, 4, 12, 9, 1, 5, 13
1_17_08 5
1_10_14 6
1_24_02 7
4_16_14 11, 3, 7, 15
4_17_08 5, 13, 1, 9
8_19_00 1, 9, 13, 5, 2, 10, 14, 6
2_19_18 10, 2
8_19_04 3, 11, 15, 7, 4, 12, 16, 8
5_21_10 7, 15, 3, 11, 8
6_4_12 7, 15, 3, 11, 4, 12
7_26_14 10, 2, 6, 14, 7, 15, 3
6_6_18 11, 3, 7, 15, 8, 16
2_7_10 7, 15
5_1_04 3, 11, 15, 7, 4
8_5_00 2, 10, 14, 6, 3, 11, 15, 7
6_8_22 13, 5, 9, 1, 10, 2
3_22_14 5, 13, 1
5_18_20 11, 3, 7, 15, 8
5_16_12 10, 2, 6, 14, 11
4_31_18 13, 5, 9, 1
2_3_22 12, 4
2_7_14 9, 1
6_15_20 14, 6, 10, 2, 11, 3
6_15_20 14, 6, 10, 2, 11, 3
1_2_16 5
3_25_08 7, 15, 3
2_20_08 1, 9
2_16_02 1, 9
8_6_18 11, 3, 7, 15, 12, 4, 8, 16
1_22_12 4
6_28_08 7, 15, 3, 11, 4, 12
1_13_18 13
6_9_08 7, 15, 3, 11, 8, 16
7_17_10 6, 14, 2, 10, 7, 15, 3
3_28_04 1, 9, 5
6_29_04 6, 14, 2, 10, 3, 11
5_31_10 9, 1, 5, 13, 14
6_30_12 10, 2, 6, 14, 3, 11
6_25_22 14, 6, 10, 2, 15, 7
2_8_20 8, 16
6_12_12 9, 1, 5, 13, 6, 14
5_7_16 10, 2, 6, 14, 3
4_12_20 13, 5, 9, 1
6_20_16 9, 1, 5, 13, 6, 14
8_25_06 6, 14, 2, 10, 7, 15, 3, 11
5_13_22 15, 7, 11, 3, 12
6_9_14 10, 2, 6, 14, 11, 3
6_1_14 8, 16, 4, 12, 9, 1
8_23_16 10, 2, 6, 14, 11, 3, 7, 15
7_6_00 2, 10, 14, 6, 15, 7, 11
3_2_12 3, 11, 15
1_18_00 13
7_17_16 9, 1, 5, 13, 10, 2, 6
2_31_18 13, 5
3_16_14 7, 15, 11
2_8_10 3, 11
4_2_00 1, 9, 13, 5
2_11_14 10, 2
4_16_04 6, 14, 2, 10
7_31_02 5, 13, 1, 9, 10, 2, 6
3_8_10 3, 11, 7
2_13_14 11, 3
1_12_22 2
3_12_16 7, 15, 11
7_13_20 14, 6, 10, 2, 11, 3, 7
7_24_18 11, 3, 7, 15, 16, 8, 12
6_7_12 8, 16, 4, 12, 9, 1
5_7_22 13, 5, 9, 1, 6
3_7_18 11, 3, 15
1_25_02 4
3_29_00 4,12, 16
2_24_00 14, 6
5_13_14 11, 3, 7, 15, 8
6_4_06 4, 12, 16, 8, 1, 9
8_11_12 9, 1, 5, 13, 10, 2, 6, 14
5_8_10 7, 15, 3, 11, 12
5_22_04 4, 12, 16, 8, 1
2_24_18 7, 15
1_22_22 9
6_24_20 12, 4, 8, 16, 9, 1
3_28_08 3, 11, 7
2_11_22 14, 6
7_29_10 9, 1, 5, 13, 6, 14, 2
2_8_16 6, 14
1_21_16 10
8_30_04 6, 14, 2, 10, 3, 11, 15, 7
5_30_10 9, 1, 5, 13, 2
4_12_08 7, 15, 3, 11
7_9_10 8, 16, 4, 12, 9, 1, 5
8_16_04 6, 14, 2, 10, 3, 11, 15, 7
6_2_02 2, 10, 14, 6, 15, 7
5_8_20 12, 4, 8, 16, 1
7_11_16 11, 3, 7, 15, 4, 12, 16
2_17_20 11, 3
5_6_14 9, 1, 5, 13, 6
4_1_22 12, 4, 8, 16
4_14_00 4,12, 16, 8
7_16_14 11, 3, 7, 15, 12, 4, 8
5_16_18 13, 5, 9, 1, 14
8_18_04 3, 11, 15, 7, 4, 12, 16, 8
8_28_22 14, 6, 10, 2, 15, 7, 11, 3
6_4_22 12, 4, 8, 16, 9, 1
5_7_06 5, 13, 1, 9, 14
4_25_08 7, 15, 3, 11
2_19_22 12, 4
6_19_06 4, 12, 16, 8, 5, 13
6_20_10 6, 14, 2, 10, 3, 11
3_31_02 5, 13, 9
6_8_10 7, 15, 3, 11, 4, 12
7_30_08 8, 16, 4, 12, 1, 9, 13
2_14_14 7, 15
8_23_00 2, 10, 14, 6, 3, 11, 15, 7
5_8_02 3, 11, 15, 7, 8
7_26_22 14, 6, 10, 2, 11, 3, 7
5_9_16 11, 3, 7, 15, 12
7_6_00 2, 10, 14, 6, 15, 7, 11
7_27_06 6, 14, 2, 10, 15, 7, 11
5_5_12 8, 16, 4, 12, 9
7_15_14 11, 3, 7, 15, 16, 8, 12
8_27_12 9, 1, 5, 13, 10, 2, 6, 14
5_12_14 10, 2, 6, 14, 15
3_21_00 2, 10, 14
7_14_06 7, 15, 3, 11, 16, 8, 12
4_27_06 6, 14, 2, 10
4_29_10 9, 1, 5, 13
1_17_16 9
4_14_22 15, 7, 11, 3
4_13_22 15, 7, 11, 3
1_13_22 15
6_7_18 11, 3, 7, 15, 12, 4
6_24_04 4, 12, 16, 8, 1, 9
8_2_18 10, 2, 6, 14, 11, 3, 7, 15
6_26_00 3, 11, 15, 7, 16, 8
8_15_06 7, 15, 3, 11, 4, 12, 16, 8
6_1_20 11, 3, 7, 15, 12, 4
7_9_10 8, 16, 4, 12, 9, 1, 5
7_18_02 2, 10, 14, 6, 15, 7, 11
6_12_06 6, 14, 2, 10, 3, 11
4_29_10 9, 1, 5, 13
3_28_02 16, 8, 4
6_1_02 2, 10, 14, 6, 3, 11
8_23_16 10, 2, 6, 14, 11, 3, 7, 15
1_17_02 2
7_7_14 9, 1, 5, 13, 2, 10, 14
2_1_04 3, 11
8_14_00 4, 12, 16, 8, 1, 9, 13, 5
1_8_08 10
7_31_16 12, 4, 8, 16, 1, 9, 13
1_5_20 12
2_25_04 5, 13
4_13_06 7, 15, 3, 11
4_15_00 4,12, 16, 8
4_3_12 7, 15, 3, 11
2_29_20 14, 6
4_13_04 6, 14, 2, 10
8_28_10 8, 16, 4, 12, 9, 1, 5, 13
2_29_18 13, 5
5_27_00 3, 11, 15, 7, 12
6_27_04 5, 13, 1, 9, 6, 14
1_8_14 13
4_5_18 11, 3, 7, 15
3_16_16 8, 16, 12
4_17_02 2, 10, 14, 6
5_25_18 12, 4, 8, 16, 13
2_27_16 11, 3
3_22_06 1, 9, 13
5_11_14 10, 2, 6, 14, 3
4_19_22 12, 4, 8, 16
8_7_20 12, 4, 8, 16, 13, 5, 9, 1
3_14_12 6, 14, 2
3_23_20 12, 4, 16
3_31_14 11, 3, 15
3_8_08 2, 10, 6
7_9_12 9, 1, 5, 13, 10, 2, 6
5_26_14 10, 2, 6, 14, 7
7_24_12 8, 16, 4, 12, 13, 5, 9
4_14_02 5, 13, 1, 9
6_15_04 6, 14, 2, 10, 3, 11
6_3_06 4, 12, 16, 8, 5, 13
6_31_12 10, 2, 6, 14, 7, 15
4_25_02 4, 12, 16, 8
8_13_22 15, 7, 11, 3, 12, 4, 8, 16
2_1_08 5, 13
2_5_20 12, 4
6_2_08 5, 13, 1, 9, 2, 10
4_12_12 9, 1, 5, 13
4_5_14 9, 1, 5, 13
2_31_16 12, 4
8_5_00 2, 10, 14, 6, 3, 11, 15, 7
8_6_20 12, 4, 8, 16, 13, 5, 9, 1
7_15_12 10, 2, 6, 14, 15, 7, 11
4_19_18 10, 2, 6, 14
2_8_12 4, 12
4_31_12 10, 2, 6, 14
6_11_18 12, 4, 8, 16, 13, 5
6_16_20 14, 6, 10, 2, 7, 15
4_26_02 4, 12, 16, 8
3_18_16 5, 13, 1
5_9_02 4, 12, 16, 8, 5
1_7_06 13
5_7_02 3, 11, 15, 7, 12
2_18_10 2, 10
3_25_06 6, 14, 2
3_19_16 9, 1, 13
5_11_10 8, 16, 4, 12, 1
2_22_14 5, 13
7_21_20 12, 4, 8, 16, 13, 5, 9
5_9_00 3, 11, 15, 7, 4
7_16_20 14, 6, 10, 2, 15, 7, 11
7_10_06 6, 14, 2, 10, 3, 11, 15
3_23_02 3, 11, 7
2_31_10 9, 1
8_8_08 6, 14, 2, 10, 7, 15, 3, 11
3_15_12 10, 2, 14
4_1_18 10, 2, 6, 14
4_27_10 8, 16, 4, 12
8_17_02 2, 10, 14, 6, 3, 11, 15, 7
5_25_12 9, 1, 5, 13, 10
6_26_18 12, 4, 8, 16, 9, 1
8_11_20 13, 5, 9, 1, 14, 6, 10, 2
6_24_04 4, 12, 16, 8, 1, 9
8_4_04 3, 11, 15, 7, 4, 12, 16, 8
2_27_20 13, 5
4_25_02 4, 12, 16, 8
6_6_10 7, 15, 3, 11, 4, 12
2_9_14 10, 2
2_16_20 10, 2
7_26_16 11, 3, 7, 15, 8, 16, 4
7_3_12 7, 15, 3, 11, 16, 8, 12
8_12_10 8, 16, 4, 12, 9, 1, 5, 13
8_16_02 5, 13, 1, 9, 2, 10, 14, 6
3_3_06 4, 12, 8
7_4_22 12, 4, 8, 16, 1, 9, 13
8_18_18 10, 2, 6, 14, 11, 3, 7, 15
4_28_20 13, 5, 9, 1
1_16_02 9
8_30_06 7, 15, 3, 11, 4, 12, 16, 8
1_4_22 16
7_19_02 2, 10, 14, 6, 11, 3, 7
2_18_06 16, 8
2_5_22 13, 5
7_31_12 10, 2, 6, 14, 15, 7, 11
3_29_04 6, 14, 2
4_9_14 10, 2, 6, 14
2_26_06 2, 10
1_21_14 9
5_18_08 5, 13, 1, 9, 2
2_10_06 2, 10
1_9_20 13
1_8_22 1
6_8_06 5, 13, 1, 9, 2, 10
7_19_10 6, 14, 2, 10, 15, 7, 11
2_29_14 11, 3
6_11_16 11, 3, 7, 15, 12, 4
6_2_22 12, 4, 8, 16, 9, 1
1_23_02 11
1_26_06 2
3_13_22 15, 7, 11
8_8_06 5, 13, 1, 9, 6, 14, 2, 10
8_28_06 6, 14, 2, 10, 7, 15, 3, 11
2_5_12 8, 16
8_5_08 6, 14, 2, 10, 7, 15, 3, 11
5_1_18 10, 2, 6, 14, 11
6_18_10 6, 14, 2, 10, 3, 11
5_11_16 11, 3, 7, 15, 4
5_10_12 9, 1, 5, 13, 6
6_24_18 11, 3, 7, 15, 8, 16
1_14_10 5
3_21_14 9, 1, 5
1_19_10 14
2_7_10 7, 15
2_21_00 2, 10
4_12_06 6, 14, 2, 10
3_21_00 2, 10, 14
8_8_10 7, 15, 3, 11, 8, 16, 4, 12
8_20_10 6, 14, 2, 10, 7, 15, 3, 11
4_26_06 6, 14, 2, 10
1_19_08 13
7_5_22 13, 5, 9, 1, 14, 6, 10
6_13_20 14, 6, 10, 2, 11, 3
2_19_12 7, 15
1_27_08 15
5_6_00 2, 10, 14, 6, 15
3_7_18 11, 3, 15
8_17_00 1, 9, 13, 5, 2, 10, 14, 6
7_12_04 5, 13, 1, 9, 10, 2, 6
5_7_10 7, 15, 3, 11, 16
4_1_06 4, 12, 16, 8
8_9_10 8, 16, 4, 12, 9, 1, 5, 13
6_25_08 7, 15, 3, 11, 8, 16
6_9_04 5, 13, 1, 9, 6, 14
5_22_20 12, 4, 8, 16, 9
6_14_08 8, 16, 4, 12, 1, 9
3_2_20 7, 15, 3
1_12_08 11
2_3_22 12, 4
7_4_22 12, 4, 8, 16, 1, 9, 13
5_2_04 3, 11, 15, 7, 16
2_17_06 4, 12
7_26_22 14, 6, 10, 2, 11, 3, 7
2_4_20 7, 15
3_17_14 8, 16, 4
3_4_00 13, 5, 1
7_23_14 9, 1, 5, 13, 2, 10, 14
6_26_06 6, 14, 2, 10, 3, 11
3_15_02 5, 13, 9
5_13_22 15, 7, 11, 3, 12
3_20_10 2, 10, 6
5_10_12 9, 1, 5, 13, 6
1_30_06 3
8_31_06 7, 15, 3, 11, 4, 12, 16, 8
6_1_14 8, 16, 4, 12, 9, 1
5_1_18 10, 2, 6, 14, 11
8_17_20 11, 3, 7, 15, 12, 4, 8, 16
4_17_10 6, 14, 2, 10
4_8_22 13, 5, 9, 1
1_25_16 11
1_25_22 14
2_17_18 10, 2
5_7_20 12, 4, 8, 16, 5
3_2_04 15, 7, 11
2_2_06 16, 8
1_15_16 4
3_14_14 7, 15, 3
4_16_04 6, 14, 2, 10
5_12_14 10, 2, 6, 14, 15
2_8_00 14, 6
8_28_02 4, 12, 16, 8, 5, 13, 1, 9
5_3_04 3, 11, 15, 7, 12
7_9_16 11, 3, 7, 15, 12, 4, 8
1_6_14 5
8_13_14 11, 3, 7, 15, 8, 16, 4, 12
6_3_04 3, 11, 15, 7, 4, 12
5_8_04 4, 12, 16, 8, 9
1_10_12 5
1_25_10 8
5_20_04 3, 11, 15, 7, 8
4_9_08 7, 15, 3, 11
1_28_22 2
4_2_06 4, 12, 16, 8
5_21_08 6, 14, 2, 10, 7
5_26_04 5, 13, 1, 9, 2
4_8_08 6, 14, 2, 10
1_17_22 12
1_28_06 10
1_28_06 10
6_24_06 5, 13, 1, 9, 2, 10
7_23_20 12, 4, 8, 16, 5, 13, 1
6_26_20 13, 5, 9, 1, 10, 2
4_13_08 8, 16, 4, 12
6_2_22 12, 4, 8, 16, 9, 1
7_2_08 5, 13, 1, 9, 2, 10, 14
6_30_02 5, 13, 1, 9, 14, 6
6_22_22 13, 5, 9, 1, 10, 2
8_24_14 9, 1, 5, 13, 10, 2, 6, 14
8_4_06 4, 12, 16, 8, 5, 13, 1, 9
1_10_02 16
7_15_14 11, 3, 7, 15, 16, 8, 12
4_2_22 12, 4, 8, 16
7_30_06 7, 15, 3, 11, 16, 8, 12
8_7_22 13, 5, 9, 1, 14, 6, 10, 2
2_28_04 1, 9
4_10_18 12, 4, 8, 16
4_9_08 7, 15, 3, 11
5_5_16 10, 2, 6, 14, 11
6_16_20 14, 6, 10, 2, 7, 15
6_20_16 9, 1, 5, 13, 6, 14
7_28_06 6, 14, 2, 10, 11, 3, 7
6_25_12 9, 1, 5, 13, 10, 2
2_1_12 7, 15
2_30_02 1, 9
6_3_18 10, 2, 6, 14, 11, 3
5_17_10 6, 14, 2, 10, 7
5_7_14 9, 1, 5, 13, 2
3_5_02 3, 11, 15
1_14_06 3
1_31_04 14
7_7_14 9, 1, 5, 13, 2, 10, 14
3_16_18 9, 1, 13
3_3_06 4, 12, 8
7_25_12 9, 1, 5, 13, 10, 2, 6
6_6_08 6, 14, 2, 10, 3, 11
2_3_16 9, 1
6_26_06 6, 14, 2, 10, 3, 11
1_8_20 16
8_28_12 9, 1, 5, 13, 10, 2, 6, 14
6_29_20 14, 6, 10, 2, 11, 3
7_15_02 5, 13, 1, 9, 10, 2, 6
4_5_18 11, 3, 7, 15
4_9_22 14, 6, 10, 2
4_7_02 3, 11, 15, 7
2_10_06 2, 10
2_26_06 2, 10
4_16_08 8, 16, 4, 12
3_24_02 15, 7, 3
1_16_14 15
7_14_08 8, 16, 4, 12, 1, 9, 13
1_10_12 5
3_30_20 10, 2, 6
4_30_18 13, 5, 9, 1
8_12_12 9, 1, 5, 13, 10, 2, 6, 14
1_21_22 13
6_9_12 9, 1, 5, 13, 10, 2
3_17_12 7, 15, 3
1_24_00 6
6_9_00 3, 11, 15, 7, 4, 12
4_22_10 7, 15, 3, 11
5_9_20 13, 5, 9, 1, 14
3_9_00 3, 11, 15
8_16_16 12, 4, 8, 16, 9, 1, 5, 13
2_13_18 13, 5
2_25_08 7, 15
1_1_14 8
7_3_12 7, 15, 3, 11, 16, 8, 12
6_4_22 12, 4, 8, 16, 9, 1
6_2_14 8, 16, 4, 12, 5, 13
6_29_14 11, 3, 7, 15, 8, 16
5_31_14 11, 3, 7, 15, 16
6_3_20 11, 3, 7, 15, 12, 4
4_2_00 1, 9, 13, 5
8_4_02 2, 10, 14, 6, 3, 11, 15, 7
2_8_22 9, 1
2_31_00 4,12
1_1_16 9
7_31_20 14, 6, 10, 2, 3, 11, 15
3_12_10 4, 12, 8
3_25_12 9, 1, 5
6_31_04 6, 14, 2, 10, 3, 11
5_15_12 10, 2, 6, 14, 15
3_31_06 7, 15, 11
3_26_22 10, 2, 6
7_14_08 8, 16, 4, 12, 1, 9, 13
2_30_10 5, 13
5_25_04 5, 13, 1, 9, 6
1_9_22 14
2_15_16 12, 4
6_15_10 9, 1, 5, 13, 6, 14
3_30_22 11, 3, 7
1_21_08 6
5_6_18 11, 3, 7, 15, 8
1_9_00 3
3_26_10 4, 12, 16
3_25_14 10, 2, 6
7_26_04 5, 13, 1, 9, 2, 10, 14
6_23_08 6, 14, 2, 10, 7, 15
1_7_18 3
3_14_08 4, 12, 16
3_12_18 8, 16, 12
3_14_14 7, 15, 3
8_3_16 9, 1, 5, 13, 10, 2, 6, 14
6_6_00 2, 10, 14, 6, 15, 7
1_5_20 12
4_9_08 7, 15, 3, 11
4_3_16 9, 1, 5, 13
5_9_20 13, 5, 9, 1, 14
8_21_20 12, 4, 8, 16, 13, 5, 9, 1
8_6_18 11, 3, 7, 15, 12, 4, 8, 16
5_18_22 12, 4, 8, 16, 9
1_18_08 1
3_8_16 6, 14, 10
7_11_14 10, 2, 6, 14, 3, 11, 15
3_6_06 1, 9, 13
7_22_04 4, 12, 16, 8, 1, 9, 13
3_27_10 8, 16, 12
2_31_06 7, 15
8_7_12 8, 16, 4, 12, 9, 1, 5, 13
5_30_04 6, 14, 2, 10, 15
3_12_10 4, 12, 8
2_27_20 13, 5
1_19_08 13
8_26_18 12, 4, 8, 16, 13, 5, 9, 1
5_28_14 10, 2, 6, 14, 15
2_24_16 6, 14
5_28_22 14, 6, 10, 2, 3
8_8_12 8, 16, 4, 12, 9, 1, 5, 13
5_27_22 14, 6, 10, 2, 7
3_31_20 14, 6, 2
1_2_20 7
8_4_18 10, 2, 6, 14, 11, 3, 7, 15
1_10_04 1
4_21_00 2, 10, 14, 6
3_21_10 7, 15, 3
6_30_18 13, 5, 9, 1, 6, 14
7_27_06 6, 14, 2, 10, 15, 7, 11
6_23_02 3, 11, 15, 7, 4, 12
2_14_02 1, 9
4_28_06 6, 14, 2, 10
5_30_08 8, 16, 4, 12, 1
8_1_14 8, 16, 4, 12, 9, 1, 5, 13
2_4_02 14, 6
4_1_10 6, 14, 2, 10
8_19_08 5, 13, 1, 9, 6, 14, 2, 10
8_23_14 9, 1, 5, 13, 10, 2, 6, 14
8_18_04 3, 11, 15, 7, 4, 12, 16, 8
3_30_00 16, 8, 12
8_13_10 9, 1, 5, 13, 6, 14, 2, 10
1_14_02 1
3_9_20 13, 5, 9
7_16_04 6, 14, 2, 10, 7, 15, 3
7_12_22 14, 6, 10, 2, 3, 11, 15
1_7_08 14
4_20_04 3, 11, 15, 7
5_22_10 7, 15, 3, 11, 4
7_26_00 3, 11, 15, 7, 16, 8, 12
8_1_06 4, 12, 16, 8, 5, 13, 1, 9
3_27_04 5, 13, 9
6_18_04 3, 11, 15, 7, 16, 8
5_27_08 7, 15, 3, 11, 16
5_22_06 5, 13, 1, 9, 2
4_13_08 8, 16, 4, 12
1_30_10 5
6_18_02 2, 10, 14, 6, 15, 7
6_9_00 3, 11, 15, 7, 4, 12
5_8_10 7, 15, 3, 11, 12
7_27_08 7, 15, 3, 11, 16, 8, 12
4_3_02 2, 10, 14, 6
4_20_20 11, 3, 7, 15
2_3_04 3, 11
5_2_14 8, 16, 4, 12, 5
6_25_16 11, 3, 7, 15, 12, 4
3_8_10 3, 11, 7
5_24_22 13, 5, 9, 1, 2
2_13_06 7, 15
7_19_06 4, 12, 16, 8, 13, 5, 9
5_15_02 5, 13, 1, 9, 10
1_6_20 8
6_3_08 5, 13, 1, 9, 6, 14
1_22_02 15
2_16_22 11, 3
7_22_20 12, 4, 8, 16, 9, 1, 5
5_6_16 10, 2, 6, 14, 7
3_17_22 12, 4, 8
1_31_12 2
2_30_14 7, 15
8_23_04 4, 12, 16, 8, 5, 13, 1, 9
8_30_06 7, 15, 3, 11, 4, 12, 16, 8
6_24_00 2, 10, 14, 6, 15, 7
6_25_20 13, 5, 9, 1, 14, 6
3_1_02 2, 10, 14
8_7_10 7, 15, 3, 11, 8, 16, 4, 12
3_13_22 15, 7, 11
3_23_14 9, 1, 13
6_6_00 2, 10, 14, 6, 15, 7
8_24_20 12, 4, 8, 16, 13, 5, 9, 1
4_3_18 10, 2, 6, 14
8_6_22 13, 5, 9, 1, 14, 6, 10, 2
4_31_08 8, 16, 12
1_17_10 6
5_31_12 10, 2, 6, 14, 15
7_19_16 9, 1, 5, 13, 2, 10, 14
6_27_06 6, 14, 2, 10, 7, 15
3_16_14 7, 15, 11
3_7_06 5, 13, 9
4_18_04 3, 11, 15, 7
6_14_12 10, 2, 6, 14, 3, 11
7_25_08 7, 15, 3, 11, 8, 16, 4
4_6_04 4, 12, 16, 8
1_25_22 14
2_10_12 5, 13
6_31_14 11, 3, 7, 15, 8, 16
2_20_14 4, 12
1_12_10 12
6_28_14 10, 2, 6, 14, 7, 15
6_2_12 7, 15, 3, 11, 4, 12
7_29_08 8, 16, 4, 12, 5, 13, 1
3_27_10 8, 16, 12
8_22_10 7, 15, 3, 11, 8, 16, 4, 12
3_12_02 16, 8, 4
3_13_18 13, 5, 9
4_12_22 14, 6, 10, 2
6_10_10 8, 16, 4, 12, 5, 13
6_12_22 14, 6, 10, 2, 11, 3
1_23_00 10
7_30_20 14, 6, 10, 2, 7, 15, 3
1_7_18 3
6_28_08 7, 15, 3, 11, 4, 12
1_27_14 2
6_11_12 9, 1, 5, 13, 10, 2
1_10_18 8
2_21_14 9, 1
1_22_22 9
5_28_12 9, 1, 5, 13, 14
5_26_04 5, 13, 1, 9, 2
7_23_06 5, 13, 1, 9, 14, 6, 10
5_14_22 15, 7, 11, 3, 8
2_19_16 9, 1
4_13_18 13, 5, 9, 1
3_12_04 1, 9, 5
8_2_22 12, 4, 8, 16, 13, 5, 9, 1
2_15_16 12, 4
8_14_08 8, 16, 4, 12, 5, 13, 1, 9
5_10_14 10, 2, 6, 14, 7
6_11_10 8, 16, 4, 12, 9, 1
2_11_18 12, 4
3_30_10 5, 13, 1
5_4_14 8, 16, 4, 12, 13
8_9_10 8, 16, 4, 12, 9, 1, 5, 13
2_28_14 6, 14
7_25_00 3, 11, 15, 7, 4, 12, 16
8_6_20 12, 4, 8, 16, 13, 5, 9, 1
2_11_10 8, 16
7_27_18 12, 4, 8, 16, 5, 13, 1
7_29_06 7, 15, 3, 11, 4, 12, 16
1_20_00 5
3_18_20 7, 15, 3
6_13_10 9, 1, 5, 13, 6, 14
4_9_14 10, 2, 6, 14
8_31_06 7, 15, 3, 11, 4, 12, 16, 8
7_14_00 4, 12, 16, 8, 13, 5, 9
3_2_00 13, 5, 9
2_17_00 1, 9
2_5_16 10, 2
3_7_18 11, 3, 15
7_23_12 8, 16, 4, 12, 1, 9, 13
4_13_00 4,12, 16, 8
1_11_14 2
7_24_16 10, 2, 6, 14, 15, 7, 11
6_15_04 6, 14, 2, 10, 3, 11
7_19_04 3, 11, 15, 7, 12, 4, 8
7_19_02 2, 10, 14, 6, 11, 3, 7
6_9_22 14, 6, 10, 2, 15, 7
1_1_18 10
3_13_10 9, 1, 5
1_24_12 12
7_25_04 5, 13, 1, 9, 6, 14, 2
3_15_20 14, 6, 2
1_3_10 14
4_1_08 5, 13, 1, 9
4_3_22 12, 4, 8, 16
8_9_18 12, 4, 8, 16, 13, 5, 9, 1
1_29_04 6
5_1_22 12, 4, 8, 16, 13
6_17_18 10, 2, 6, 14, 11, 3
5_23_22 13, 5, 9, 1, 6
4_26_12 9, 1, 5, 13
4_8_16 10, 2, 6, 14
4_12_02 4, 12, 16, 8
