6_7_08 6, 14, 2, 10, 7, 15
7_6_04 4, 12, 16, 8, 1, 9, 13
6_27_12 9, 1, 5, 13, 10, 2
4_29_02 5, 13, 1, 9
4_2_20 11, 3, 7, 15
7_3_04 3, 11, 15, 7, 12, 4, 8
6_28_06 6, 14, 2, 10, 3, 11
7_30_04 6, 14, 2, 10, 15, 7, 11
8_27_10 8, 16, 4, 12, 9, 1, 5, 13
6_24_08 6, 14, 2, 10, 3, 11
1_16_12 14
3_17_16 9, 1, 5
1_26_08 3
1_28_14 14
5_26_10 8, 16, 4, 12, 5
3_18_04 15, 7, 11
2_25_08 7, 15
2_16_04 2, 10
6_18_08 5, 13, 1, 9, 2, 10
5_18_20 11, 3, 7, 15, 8
3_21_14 9, 1, 5
5_4_04 3, 11, 15, 7, 8
1_29_20 14
1_6_18 7
2_17_04 3, 11
7_8_04 4, 12, 16, 8, 9, 1, 5
7_7_12 8, 16, 4, 12, 1, 9, 13
5_19_16 9, 1, 5, 13, 2
6_26_18 12, 4, 8, 16, 9, 1
8_6_22 13, 5, 9, 1, 14, 6, 10, 2
8_21_06 5, 13, 1, 9, 6, 14, 2, 10
2_20_22 8, 16
3_2_06 16, 8, 12
3_3_20 11, 3, 15
3_12_12 5, 13, 9
3_4_08 1, 9, 5
5_29_12 10, 2, 6, 14, 7
8_3_20 11, 3, 7, 15, 12, 4, 8, 16
5_10_10 8, 16, 4, 12, 5
7_7_22 13, 5, 9, 1, 6, 14, 2
3_17_02 2, 10, 14
6_1_12 7, 15, 3, 11, 8, 16
4_21_18 11, 3, 7, 15
6_12_16 11, 3, 7, 15, 8, 16
3_26_10 4, 12, 16
2_15_04 6, 14
2_13_04 6, 14
2_5_08 6, 14
5_20_12 7, 15, 3, 11, 12
2_7_12 8, 16
6_30_06 7, 15, 3, 11, 16, 8
7_10_14 10, 2, 6, 14, 7, 15, 3
2_12_20 9, 1
4_4_00 1, 9, 13, 5
1_28_22 2
8_10_20 13, 5, 9, 1, 14, 6, 10, 2
8_20_18 10, 2, 6, 14, 11, 3, 7, 15
1_5_18 11
8_18_06 4, 12, 16, 8, 5, 13, 1, 9
7_15_10 9, 1, 5, 13, 14, 6, 10
1_7_08 14
8_18_16 9, 1, 5, 13, 10, 2, 6, 14
4_14_16 12, 4, 8, 16
1_23_12 16
7_10_02 4, 12, 16, 8, 1, 9, 13
6_25_18 12, 4, 8, 16, 13, 5
2_12_18 8, 16
5_7_18 11, 3, 7, 15, 4
4_20_04 3, 11, 15, 7
7_5_20 12, 4, 8, 16, 13, 5, 9
2_23_20 12, 4
1_31_20 6
7_2_00 1, 9, 13, 5, 14, 6, 10
3_15_22 15, 7, 3
8_25_20 13, 5, 9, 1, 14, 6, 10, 2
5_24_06 5, 13, 1, 9, 10
6_14_06 7, 15, 3, 11, 16, 8
7_12_20 13, 5, 9, 1, 2, 10, 14
2_19_08 5, 13
1_6_10 3
6_6_10 7, 15, 3, 11, 4, 12
3_30_02 1, 9, 13
2_22_16 6, 14
2_4_18 6, 14
4_16_08 8, 16, 4, 12
4_19_08 5, 13, 1, 9
6_10_08 7, 15, 3, 11, 4, 12
2_19_06 4, 12
7_2_08 5, 13, 1, 9, 2, 10, 14
4_24_18 11, 3, 7, 15
5_1_06 4, 12, 16, 8, 5
1_15_12 2
8_26_08 7, 15, 3, 11, 8, 16, 4, 12
6_11_00 3, 11, 15, 7, 4, 12
8_10_12 9, 1, 5, 13, 10, 2, 6, 14
8_30_22 15, 7, 11, 3, 12, 4, 8, 16
8_30_10 9, 1, 5, 13, 6, 14, 2, 10
8_21_08 6, 14, 2, 10, 7, 15, 3, 11
3_30_14 7, 15, 3
4_7_12 8, 16, 4, 12
8_19_06 4, 12, 16, 8, 5, 13, 1, 9
4_26_00 3, 11, 15, 7
2_9_18 12, 4
8_2_08 5, 13, 1, 9, 6, 14, 2, 10
2_19_00 1, 9
3_2_12 3, 11, 15
7_28_22 14, 6, 10, 2, 3, 11, 15
4_4_08 5, 13, 1, 9
3_23_08 6, 14, 10
6_13_10 9, 1, 5, 13, 6, 14
1_13_14 11
8_29_04 6, 14, 2, 10, 3, 11, 15, 7
4_8_02 3, 11, 15, 7
3_4_02 14, 6, 2
4_4_22 12, 4, 8, 16
4_17_10 6, 14, 2, 10
1_7_12 16
4_3_12 7, 15, 3, 11
5_30_14 11, 3, 7, 15, 4
1_22_04 16
2_27_04 5, 13
5_6_20 12, 4, 8, 16, 9
3_25_02 4, 12, 16
4_2_22 12, 4, 8, 16
3_29_22 15, 7, 11
8_21_06 5, 13, 1, 9, 6, 14, 2, 10
3_21_22 13, 5, 9
5_8_14 9, 1, 5, 13, 14
6_1_08 5, 13, 1, 9, 6, 14
2_12_02 16, 8
3_5_14 9, 1, 5
7_8_12 8, 16, 4, 12, 13, 5, 9
1_28_20 1
8_6_02 3, 11, 15, 7, 4, 12, 16, 8
2_28_06 2, 10
2_29_00 4,12
7_22_02 3, 11, 15, 7, 16, 8, 12
5_13_14 11, 3, 7, 15, 8
2_16_04 2, 10
1_8_02 7
3_1_06 4, 12, 16
7_13_20 14, 6, 10, 2, 11, 3, 7
1_13_04 6
2_19_00 1, 9
6_18_08 5, 13, 1, 9, 2, 10
7_16_00 4, 12, 16, 8, 5, 13, 1
5_10_22 14, 6, 10, 2, 11
8_21_08 6, 14, 2, 10, 7, 15, 3, 11
2_17_00 1, 9
6_21_12 8, 16, 4, 12, 9, 1
1_13_10 9
1_7_06 13
7_16_04 6, 14, 2, 10, 7, 15, 3
4_26_10 8, 16, 4, 12
7_28_10 8, 16, 4, 12, 13, 5, 9
4_12_04 5, 13, 1, 9
4_21_10 7, 15, 3, 11
7_4_18 10, 2, 6, 14, 15, 7, 11
8_5_20 12, 4, 8, 16, 13, 5, 9, 1
6_15_02 5, 13, 1, 9, 2, 10
8_16_00 4, 12, 16, 8, 1, 9, 13, 5
2_27_06 6, 14
3_9_14 10, 2, 6
7_9_02 4, 12, 16, 8, 5, 13, 1
3_15_14 11, 3, 15
6_7_12 8, 16, 4, 12, 9, 1
3_19_08 5, 13, 9
6_29_02 5, 13, 1, 9, 2, 10
8_13_16 12, 4, 8, 16, 9, 1, 5, 13
2_30_04 2, 10
1_19_12 15
4_8_20 12, 4, 8, 16
1_29_04 6
4_15_08 8, 16, 12
2_24_06 1, 9
8_25_02 4, 12, 16, 8, 5, 13, 1, 9
7_10_16 11, 3, 7, 15, 8, 16, 4
1_17_10 6
3_12_06 2, 10, 6
1_11_12 1
6_1_12 7, 15, 3, 11, 8, 16
7_31_04 6, 14, 2, 10, 11, 3, 7
2_6_08 2, 10
5_8_06 5, 13, 1, 9, 10
6_3_16 9, 1, 5, 13, 10, 2
6_20_08 5, 13, 1, 9, 2, 10
5_24_20 12, 4, 8, 16, 1
8_7_08 6, 14, 2, 10, 7, 15, 3, 11
3_20_06 16, 8, 4
1_31_22 7
3_2_18 6, 14, 2
6_21_00 2, 10, 14, 6, 3, 11
6_24_10 7, 15, 3, 11, 4, 12
8_4_04 3, 11, 15, 7, 4, 12, 16, 8
7_24_18 11, 3, 7, 15, 16, 8, 12
2_30_12 6, 14
3_31_18 13, 5, 1
2_27_16 11, 3
5_15_00 4, 12, 16, 8, 9
7_24_18 11, 3, 7, 15, 16, 8, 12
1_18_12 3
5_28_10 8, 16, 4, 12, 13
1_9_06 6
4_29_18 13, 5, 9, 1
4_31_18 13, 5, 9, 1
7_6_06 5, 13, 1, 9, 2, 10, 14
3_12_08 3, 11, 7
3_16_14 7, 15, 11
1_27_22 6
1_7_08 14
2_16_04 2, 10
4_12_14 10, 2, 6, 14
5_2_16 9, 1, 5, 13, 6
4_6_08 6, 14, 2, 10
7_27_16 11, 3, 7, 15, 4, 12, 16
3_13_04 6, 14, 2
3_20_00 13, 5, 1
8_7_14 9, 1, 5, 13, 10, 2, 6, 14
5_17_20 11, 3, 7, 15, 12
7_11_10 8, 16, 4, 12, 1, 9, 13
5_14_16 12, 4, 8, 16, 5
6_15_08 8, 16, 4, 12, 5, 13
7_6_04 4, 12, 16, 8, 1, 9, 13
5_1_12 7, 15, 3, 11, 8
8_6_10 7, 15, 3, 11, 8, 16, 4, 12
3_20_10 2, 10, 6
2_8_14 5, 13
6_11_02 4, 12, 16, 8, 5, 13
3_18_08 1, 9, 13
3_26_16 7, 15, 3
2_5_12 8, 16
7_16_18 13, 5, 9, 1, 14, 6, 10
2_10_14 6, 14
2_6_08 2, 10
8_9_02 4, 12, 16, 8, 5, 13, 1, 9
1_31_04 14
6_15_06 7, 15, 3, 11, 4, 12
1_8_04 8
6_8_12 8, 16, 4, 12, 5, 13
5_17_18 10, 2, 6, 14, 11
8_12_12 9, 1, 5, 13, 10, 2, 6, 14
8_25_16 11, 3, 7, 15, 12, 4, 8, 16
3_8_00 14, 6, 2
2_1_22 12, 4
1_14_16 8
6_28_08 7, 15, 3, 11, 4, 12
7_23_04 4, 12, 16, 8, 13, 5, 9
8_7_16 10, 2, 6, 14, 11, 3, 7, 15
6_25_20 13, 5, 9, 1, 14, 6
1_9_18 12
3_31_06 7, 15, 11
5_14_16 12, 4, 8, 16, 5
2_22_20 8, 16
5_25_02 4, 12, 16, 8, 5
1_12_14 14
1_29_20 14
8_20_02 2, 10, 14, 6, 3, 11, 15, 7
7_24_10 7, 15, 3, 11, 12, 4, 8
4_30_08 8, 16, 4, 12
4_6_18 11, 3, 7, 15
1_18_16 5
7_3_02 2, 10, 14, 6, 11, 3, 7
2_29_14 11, 3
8_17_12 7, 15, 3, 11, 8, 16, 4, 12
4_24_08 6, 14, 2, 10
4_29_10 9, 1, 5, 13
8_15_06 7, 15, 3, 11, 4, 12, 16, 8
7_26_04 5, 13, 1, 9, 2, 10, 14
6_5_10 7, 15, 3, 11, 8, 16
7_18_10 6, 14, 2, 10, 3, 11, 15
5_18_02 2, 10, 14, 6, 15
4_5_00 2, 10, 14, 6
3_24_10 3, 11, 7
6_2_20 11, 3, 7, 15, 8, 16
4_26_08 7, 15, 3, 11
3_25_20 13, 5, 9
4_22_22 13, 5, 9, 1
3_8_00 14, 6, 2
2_22_10 3, 11
4_24_04 4, 12, 16, 8
2_6_02 15, 7
3_9_14 10, 2, 6
2_23_08 6, 14
4_30_20 14, 6, 10, 2
6_16_22 15, 7, 11, 3, 8, 16
1_17_10 6
8_10_18 12, 4, 8, 16, 13, 5, 9, 1
8_14_02 5, 13, 1, 9, 2, 10, 14, 6
5_15_18 13, 5, 9, 1, 2
7_25_06 6, 14, 2, 10, 7, 15, 3
7_20_16 9, 1, 5, 13, 14, 6, 10
4_5_16 10, 2, 6, 14
7_23_16 10, 2, 6, 14, 3, 11, 15
3_13_18 13, 5, 9
3_4_14 4, 12, 8
3_19_06 4, 12, 8
5_3_08 5, 13, 1, 9, 14
8_15_14 11, 3, 7, 15, 8, 16, 4, 12
6_16_06 7, 15, 3, 11, 16, 8
4_14_06 7, 15, 3, 11
4_8_08 6, 14, 2, 10
8_12_22 14, 6, 10, 2, 15, 7, 11, 3
2_30_08 4, 12
6_24_18 11, 3, 7, 15, 8, 16
2_21_18 11, 3
6_1_12 7, 15, 3, 11, 8, 16
5_7_22 13, 5, 9, 1, 6
8_27_10 8, 16, 4, 12, 9, 1, 5, 13
1_25_06 6
8_16_02 5, 13, 1, 9, 2, 10, 14, 6
5_15_02 5, 13, 1, 9, 10
5_25_22 14, 6, 10, 2, 15
3_11_02 4, 12, 8
7_1_20 11, 3, 7, 15, 12, 4, 8
6_2_20 11, 3, 7, 15, 8, 16
7_28_12 9, 1, 5, 13, 14, 6, 10
8_25_08 7, 15, 3, 11, 8, 16, 4, 12
7_10_20 13, 5, 9, 1, 10, 2, 6
8_16_18 13, 5, 9, 1, 10, 2, 6, 14
5_14_10 9, 1, 5, 13, 2
8_19_22 12, 4, 8, 16, 13, 5, 9, 1
6_22_08 6, 14, 2, 10, 3, 11
6_8_12 8, 16, 4, 12, 5, 13
6_30_02 5, 13, 1, 9, 14, 6
3_5_20 12, 4, 8
8_13_00 4, 12, 16, 8, 1, 9, 13, 5
4_29_16 12, 4, 8, 16
8_2_04 3, 11, 15, 7, 4, 12, 16, 8
7_11_08 7, 15, 3, 11, 16, 8, 12
7_21_12 8, 16, 4, 12, 9, 1, 5
7_25_08 7, 15, 3, 11, 8, 16, 4
2_20_08 1, 9
2_5_14 9, 1
3_10_12 5, 13, 1
5_17_20 11, 3, 7, 15, 12
7_4_00 1, 9, 13, 5, 6, 14, 2
4_16_04 6, 14, 2, 10
8_10_14 10, 2, 6, 14, 11, 3, 7, 15
7_26_06 6, 14, 2, 10, 3, 11, 15
7_14_04 6, 14, 2, 10, 15, 7, 11
8_26_10 8, 16, 4, 12, 9, 1, 5, 13
2_27_10 8, 16
2_3_18 10, 2
1_6_00 14
7_7_18 11, 3, 7, 15, 4, 12, 16
7_26_20 13, 5, 9, 1, 10, 2, 6
8_12_00 3, 11, 15, 7, 4, 12, 16, 8
1_20_08 9
8_30_16 12, 4, 8, 16, 9, 1, 5, 13
8_18_16 9, 1, 5, 13, 10, 2, 6, 14
8_26_22 14, 6, 10, 2, 15, 7, 11, 3
7_7_08 6, 14, 2, 10, 15, 7, 11
7_4_04 3, 11, 15, 7, 8, 16, 4
1_12_04 9
6_20_20 11, 3, 7, 15, 8, 16
4_11_08 7, 15, 3, 11
7_29_08 8, 16, 4, 12, 5, 13, 1
8_3_12 7, 15, 3, 11, 8, 16, 4, 12
7_21_00 2, 10, 14, 6, 3, 11, 15
8_17_16 9, 1, 5, 13, 10, 2, 6, 14
1_29_10 9
3_14_02 1, 9, 13
3_18_00 13, 5, 9
3_24_20 8, 16, 12
2_13_22 15, 7
4_10_00 3, 11, 15, 7
1_2_22 8
7_26_02 4, 12, 16, 8, 1, 9, 13
5_21_18 11, 3, 7, 15, 12
6_22_22 13, 5, 9, 1, 10, 2
2_27_18 12, 4
2_16_08 4, 12
3_20_18 6, 14, 10
4_15_14 11, 3, 7, 15
1_15_06 15
6_16_06 7, 15, 3, 11, 16, 8
2_25_04 5, 13
1_12_00 7
4_5_06 5, 13, 1, 9
1_17_20 11
7_29_02 5, 13, 1, 9, 2, 10, 14
1_19_22 4
4_15_18 13, 5, 9, 1
8_27_22 14, 6, 10, 2, 15, 7, 11, 3
5_5_02 3, 11, 15, 7, 4
5_24_08 6, 14, 2, 10, 11
1_6_12 4
5_25_00 3, 11, 15, 7, 4
2_25_02 4, 12
2_11_04 5, 13
7_24_20 12, 4, 8, 16, 1, 9, 13
3_17_20 11, 3, 7
4_24_12 8, 16, 4, 12
6_14_18 13, 5, 9, 1, 6, 14
6_17_16 9, 1, 5, 13, 10, 2
4_15_02 5, 13, 1, 9
2_30_02 1, 9
5_29_10 9, 1, 5, 13, 6
8_19_10 6, 14, 2, 10, 7, 15, 3, 11
5_13_20 14, 6, 10, 2, 11
3_15_22 15, 7, 3
5_8_20 12, 4, 8, 16, 1
6_31_12 10, 2, 6, 14, 7, 15
4_13_10 9, 1, 5, 13
8_7_12 8, 16, 4, 12, 9, 1, 5, 13
5_20_02 2, 10, 14, 6, 7
4_9_08 7, 15, 3, 11
1_27_16 3
8_12_02 4, 12, 16, 8, 5, 13, 1, 9
7_8_10 7, 15, 3, 11, 12, 4, 8
4_7_00 2, 10, 14, 6
5_5_10 7, 15, 3, 11, 8
7_4_02 2, 10, 14, 6, 7, 15, 3
7_8_14 9, 1, 5, 13, 14, 6, 10
2_8_10 3, 11
6_8_18 11, 3, 7, 15, 8, 16
1_3_00 9
1_11_12 1
6_30_10 9, 1, 5, 13, 2, 10
2_17_08 5, 13
5_18_18 10, 2, 6, 14, 7
4_14_14 11, 3, 7, 15
7_1_08 5, 13, 1, 9, 6, 14, 2
7_15_06 7, 15, 3, 11, 12, 4, 8
2_19_18 10, 2
1_15_10 1
3_26_06 2, 10, 14
7_1_16 9, 1, 5, 13, 10, 2, 6
4_8_14 9, 1, 5, 13
2_29_12 10, 2
5_30_04 6, 14, 2, 10, 15
7_20_12 7, 15, 3, 11, 12, 4, 8
7_28_00 3, 11, 15, 7, 8, 16, 4
8_16_20 14, 6, 10, 2, 11, 3, 7, 15
1_3_12 15
3_22_16 6, 14, 2
2_30_14 7, 15
7_13_10 9, 1, 5, 13, 6, 14, 2
6_5_08 6, 14, 2, 10, 7, 15
5_4_06 4, 12, 16, 8, 9
1_20_12 11
5_20_08 5, 13, 1, 9, 10
7_19_16 9, 1, 5, 13, 2, 10, 14
5_25_04 5, 13, 1, 9, 6
1_12_14 14
6_15_18 13, 5, 9, 1, 10, 2
3_1_12 7, 15, 3
1_5_20 12
5_18_16 9, 1, 5, 13, 6
2_29_10 9, 1
8_6_14 9, 1, 5, 13, 10, 2, 6, 14
7_29_20 14, 6, 10, 2, 11, 3, 7
8_4_18 10, 2, 6, 14, 11, 3, 7, 15
5_29_10 9, 1, 5, 13, 6
5_30_08 8, 16, 4, 12, 1
7_27_02 4, 12, 16, 8, 13, 5, 9
3_13_08 8, 16, 4
8_18_20 11, 3, 7, 15, 12, 4, 8, 16
2_22_18 7, 15
1_29_02 5
6_18_16 9, 1, 5, 13, 6, 14
6_4_14 8, 16, 4, 12, 5, 13
1_12_18 16
4_9_16 11, 3, 7, 15
2_7_12 8, 16
8_2_18 10, 2, 6, 14, 11, 3, 7, 15
1_21_18 11
6_21_18 11, 3, 7, 15, 12, 4
4_7_08 6, 14, 2, 10
2_7_10 7, 15
3_14_20 10, 2, 6
6_12_18 12, 4, 8, 16, 9, 1
1_30_00 16
8_14_10 9, 1, 5, 13, 6, 14, 2, 10
6_3_16 9, 1, 5, 13, 10, 2
6_11_20 13, 5, 9, 1, 14, 6
1_10_18 8
6_2_16 9, 1, 5, 13, 6, 14
7_9_04 5, 13, 1, 9, 6, 14, 2
7_23_04 4, 12, 16, 8, 13, 5, 9
1_14_20 10
5_10_14 10, 2, 6, 14, 7
1_13_10 9
5_17_22 12, 4, 8, 16, 13
3_18_08 1, 9, 13
3_24_04 16, 8, 4
4_6_10 7, 15, 3, 11
7_23_00 2, 10, 14, 6, 11, 3, 7
7_2_08 5, 13, 1, 9, 2, 10, 14
4_23_06 5, 13, 1, 9
8_14_02 5, 13, 1, 9, 2, 10, 14, 6
8_15_20 14, 6, 10, 2, 11, 3, 7, 15
7_6_22 13, 5, 9, 1, 10, 2, 6
3_12_00 15, 7, 3
3_26_16 7, 15, 3
7_29_02 5, 13, 1, 9, 2, 10, 14
5_1_04 3, 11, 15, 7, 4
7_3_06 4, 12, 16, 8, 13, 5, 9
3_27_16 11, 3, 15
5_12_10 8, 16, 4, 12, 13
3_23_02 3, 11, 7
6_5_12 8, 16, 4, 12, 9, 1
8_11_04 5, 13, 1, 9, 6, 14, 2, 10
7_16_20 14, 6, 10, 2, 15, 7, 11
1_20_20 15
4_1_06 4, 12, 16, 8
7_13_04 6, 14, 2, 10, 3, 11, 15
4_16_16 12, 4, 8, 16
7_4_22 12, 4, 8, 16, 1, 9, 13
3_2_18 6, 14, 2
2_20_06 16, 8
2_14_08 4, 12
6_6_20 12, 4, 8, 16, 9, 1
8_23_12 8, 16, 4, 12, 9, 1, 5, 13
5_23_04 4, 12, 16, 8, 13
6_29_02 5, 13, 1, 9, 2, 10
1_22_18 7
7_21_06 5, 13, 1, 9, 6, 14, 2
5_15_10 9, 1, 5, 13, 14
1_14_12 6
4_10_16 11, 3, 7, 15
3_15_02 5, 13, 9
4_19_18 10, 2, 6, 14
8_29_14 11, 3, 7, 15, 8, 16, 4, 12
6_14_00 4, 12, 16, 8, 13, 5
2_18_04 15, 7
7_18_06 4, 12, 16, 8, 1, 9, 13
2_4_06 16, 8
5_8_02 3, 11, 15, 7, 8
6_15_16 12, 4, 8, 16, 9, 1
3_4_08 1, 9, 5
4_7_14 9, 1, 5, 13
6_7_16 10, 2, 6, 14, 11, 3
1_13_18 13
6_24_08 6, 14, 2, 10, 3, 11
1_1_00 1
6_23_12 8, 16, 4, 12, 9, 1
8_19_22 12, 4, 8, 16, 13, 5, 9, 1
3_18_16 5, 13, 1
3_1_08 5, 13, 1
4_29_08 8, 16, 4, 12
1_3_14 16
7_21_10 7, 15, 3, 11, 8, 16, 4
8_1_20 11, 3, 7, 15, 12, 4, 8, 16
5_11_22 14, 6, 10, 2, 7
2_26_10 4, 12
2_12_02 16, 8
4_3_02 2, 10, 14, 6
8_2_12 7, 15, 3, 11, 8, 16, 4, 12
7_9_02 4, 12, 16, 8, 5, 13, 1
3_7_14 9, 1, 13
2_24_12 4, 12
2_6_16 6, 14
1_8_12 12
5_29_08 8, 16, 4, 12, 5
8_2_04 3, 11, 15, 7, 4, 12, 16, 8
8_5_20 12, 4, 8, 16, 13, 5, 9, 1
6_29_10 9, 1, 5, 13, 6, 14
4_19_16 9, 1, 5, 13
1_12_20 1
1_1_00 1
3_15_02 5, 13, 9
6_11_06 6, 14, 2, 10, 7, 15
7_23_22 13, 5, 9, 1, 6, 14, 2
2_13_10 9, 1
6_14_12 10, 2, 6, 14, 3, 11
3_31_06 7, 15, 11
4_23_22 13, 5, 9, 1
3_17_02 2, 10, 14
6_5_02 3, 11, 15, 7, 4, 12
4_25_08 7, 15, 3, 11
5_16_14 11, 3, 7, 15, 12
2_10_18 8, 16
7_18_06 4, 12, 16, 8, 1, 9, 13
3_31_18 13, 5, 1
4_24_20 12, 4, 8, 16
7_11_02 4, 12, 16, 8, 13, 5, 9
2_25_04 5, 13
1_11_10 16
1_25_12 9
2_24_14 5, 13
5_22_14 9, 1, 5, 13, 6
3_1_18 10, 2, 6
2_30_02 1, 9
5_3_12 7, 15, 3, 11, 16
6_13_20 14, 6, 10, 2, 11, 3
1_30_18 9
3_24_20 8, 16, 12
4_14_22 15, 7, 11, 3
5_26_02 4, 12, 16, 8, 1
7_17_14 8, 16, 4, 12, 9, 1, 5
6_16_06 7, 15, 3, 11, 16, 8
6_19_14 8, 16, 4, 12, 9, 1
2_24_00 14, 6
3_30_20 10, 2, 6
7_10_10 8, 16, 4, 12, 5, 13, 1
8_30_06 7, 15, 3, 11, 4, 12, 16, 8
3_29_04 6, 14, 2
1_31_12 2
8_8_20 12, 4, 8, 16, 13, 5, 9, 1
1_23_18 3
5_3_02 2, 10, 14, 6, 11
5_31_10 9, 1, 5, 13, 14
6_10_10 8, 16, 4, 12, 5, 13
1_17_20 11
2_26_00 15, 7
2_21_12 8, 16
4_1_02 2, 10, 14, 6
4_26_18 12, 4, 8, 16
8_2_06 4, 12, 16, 8, 5, 13, 1, 9
3_16_14 7, 15, 11
4_4_08 5, 13, 1, 9
7_6_10 7, 15, 3, 11, 4, 12, 16
1_6_10 3
4_12_08 7, 15, 3, 11
3_8_14 5, 13, 9
4_11_00 3, 11, 15, 7
3_2_14 4, 12, 16
7_14_06 7, 15, 3, 11, 16, 8, 12
1_13_16 12
5_7_16 10, 2, 6, 14, 3
4_15_12 10, 2, 6, 14
1_1_22 12
1_27_06 14
7_24_14 9, 1, 5, 13, 14, 6, 10
7_19_00 1, 9, 13, 5, 10, 2, 6
5_17_14 8, 16, 4, 12, 9
3_5_18 11, 3, 7
1_10_22 10
2_10_02 16, 8
4_26_06 6, 14, 2, 10
1_1_22 12
3_7_18 11, 3, 15
6_7_14 9, 1, 5, 13, 10, 2
8_17_06 4, 12, 16, 8, 5, 13, 1, 9
7_26_00 3, 11, 15, 7, 16, 8, 12
8_25_20 13, 5, 9, 1, 14, 6, 10, 2
7_14_22 15, 7, 11, 3, 8, 16, 4
8_28_04 5, 13, 1, 9, 6, 14, 2, 10
2_15_14 11, 3
2_9_22 14, 6
7_22_22 13, 5, 9, 1, 10, 2, 6
2_24_20 8, 16
3_30_22 11, 3, 7
1_30_18 9
8_21_12 8, 16, 4, 12, 9, 1, 5, 13
1_14_12 6
6_12_12 9, 1, 5, 13, 6, 14
5_18_06 4, 12, 16, 8, 1
6_3_22 12, 4, 8, 16, 13, 5
5_8_16 10, 2, 6, 14, 15
2_26_08 3, 11
7_24_22 13, 5, 9, 1, 2, 10, 14
6_31_14 11, 3, 7, 15, 8, 16
7_14_20 14, 6, 10, 2, 7, 15, 3
8_15_02 5, 13, 1, 9, 2, 10, 14, 6
7_25_00 3, 11, 15, 7, 4, 12, 16
4_28_00 3, 11, 15, 7
5_27_00 3, 11, 15, 7, 12
7_20_18 10, 2, 6, 14, 15, 7, 11
1_18_12 3
5_15_14 11, 3, 7, 15, 16
1_15_20 6
8_12_20 13, 5, 9, 1, 14, 6, 10, 2
2_27_00 3, 11
3_18_08 1, 9, 13
7_10_20 13, 5, 9, 1, 10, 2, 6
5_26_10 8, 16, 4, 12, 5
6_26_12 9, 1, 5, 13, 6, 14
8_11_22 14, 6, 10, 2, 15, 7, 11, 3
2_31_08 8, 16
3_6_08 2, 10, 14
8_15_20 14, 6, 10, 2, 11, 3, 7, 15
4_9_06 6, 14, 2, 10
1_19_08 13
2_15_00 4,12
1_23_16 2
2_28_00 15, 7
3_9_04 5, 13, 1
8_5_20 12, 4, 8, 16, 13, 5, 9, 1
2_23_20 12, 4
5_31_22 15, 7, 11, 3, 4
7_15_12 10, 2, 6, 14, 15, 7, 11
7_11_22 14, 6, 10, 2, 7, 15, 3
6_31_06 7, 15, 3, 11, 4, 12
1_10_10 4
5_6_12 8, 16, 4, 12, 5
6_16_02 5, 13, 1, 9, 14, 6
5_20_06 4, 12, 16, 8, 9
7_27_18 12, 4, 8, 16, 5, 13, 1
6_8_22 13, 5, 9, 1, 10, 2
5_21_20 12, 4, 8, 16, 13
7_19_08 5, 13, 1, 9, 14, 6, 10
8_19_14 8, 16, 4, 12, 9, 1, 5, 13
1_24_06 9
5_7_04 4, 12, 16, 8, 13
1_10_06 2
6_10_20 13, 5, 9, 1, 10, 2
1_26_12 5
6_23_14 9, 1, 5, 13, 10, 2
6_25_02 4, 12, 16, 8, 5, 13
6_11_12 9, 1, 5, 13, 10, 2
6_15_16 12, 4, 8, 16, 9, 1
2_18_10 2, 10
1_30_20 10
4_24_10 7, 15, 3, 11
3_3_14 8, 16, 12
2_28_04 1, 9
2_23_16 10, 2
7_18_10 6, 14, 2, 10, 3, 11, 15
1_16_00 8
7_8_10 7, 15, 3, 11, 12, 4, 8
4_9_12 9, 1, 5, 13
6_17_06 4, 12, 16, 8, 5, 13
7_19_10 6, 14, 2, 10, 15, 7, 11
7_14_18 13, 5, 9, 1, 6, 14, 2
6_7_08 6, 14, 2, 10, 7, 15
8_6_00 2, 10, 14, 6, 3, 11, 15, 7
8_28_06 6, 14, 2, 10, 7, 15, 3, 11
8_16_04 6, 14, 2, 10, 3, 11, 15, 7
3_24_04 16, 8, 4
5_17_02 2, 10, 14, 6, 3
6_31_08 8, 16, 4, 12, 5, 13
5_31_06 7, 15, 3, 11, 12
2_19_04 3, 11
7_30_14 11, 3, 7, 15, 4, 12, 16
2_28_20 9, 1
7_23_10 7, 15, 3, 11, 16, 8, 12
7_18_04 3, 11, 15, 7, 16, 8, 12
6_30_02 5, 13, 1, 9, 14, 6
1_20_04 7
1_25_18 12
7_10_10 8, 16, 4, 12, 5, 13, 1
6_5_08 6, 14, 2, 10, 7, 15
5_12_04 5, 13, 1, 9, 10
7_9_22 14, 6, 10, 2, 15, 7, 11
6_25_02 4, 12, 16, 8, 5, 13
2_18_04 15, 7
7_3_02 2, 10, 14, 6, 11, 3, 7
3_2_20 7, 15, 3
7_10_14 10, 2, 6, 14, 7, 15, 3
8_26_16 11, 3, 7, 15, 12, 4, 8, 16
3_26_00 15, 7, 11
3_23_00 2, 10, 6
7_26_10 8, 16, 4, 12, 5, 13, 1
3_9_08 7, 15, 3
3_30_06 3, 11, 15
4_25_06 6, 14, 2, 10
4_7_14 9, 1, 5, 13
6_17_22 12, 4, 8, 16, 13, 5
