2_10_16 7, 15
3_1_06 4, 12, 16
5_7_16 10, 2, 6, 14, 3
5_8_22 13, 5, 9, 1, 2
1_3_08 13
1_18_08 1
3_6_02 15, 7, 11
6_23_22 13, 5, 9, 1, 14, 6
1_5_20 12
2_2_08 1, 9
1_27_18 4
8_2_04 3, 11, 15, 7, 4, 12, 16, 8
4_15_02 5, 13, 1, 9
8_25_06 6, 14, 2, 10, 7, 15, 3, 11
2_15_18 13, 5
5_27_22 14, 6, 10, 2, 7
8_28_12 9, 1, 5, 13, 10, 2, 6, 14
3_15_20 14, 6, 2
6_5_08 6, 14, 2, 10, 7, 15
6_13_18 13, 5, 9, 1, 10, 2
3_23_16 10, 2, 14
3_5_00 2, 10, 14
7_12_16 11, 3, 7, 15, 16, 8, 12
4_7_18 11, 3, 7, 15
3_15_02 5, 13, 9
6_12_08 7, 15, 3, 11, 4, 12
7_31_18 13, 5, 9, 1, 2, 10, 14
2_16_12 6, 14
2_24_20 8, 16
3_22_12 4, 12, 16
6_21_06 5, 13, 1, 9, 6, 14
1_16_04 10
3_24_16 6, 14, 10
3_20_02 14, 6, 2
5_7_14 9, 1, 5, 13, 2
7_23_04 4, 12, 16, 8, 13, 5, 9
6_10_02 4, 12, 16, 8, 1, 9
7_22_20 12, 4, 8, 16, 9, 1, 5
8_17_22 12, 4, 8, 16, 13, 5, 9, 1
2_5_16 10, 2
6_21_08 6, 14, 2, 10, 7, 15
1_15_10 1
2_31_22 15, 7
1_29_16 12
1_10_16 7
1_6_16 6
7_2_16 9, 1, 5, 13, 6, 14, 2
4_10_18 12, 4, 8, 16
8_1_20 11, 3, 7, 15, 12, 4, 8, 16
2_18_00 13, 5
5_10_00 3, 11, 15, 7, 16
4_10_06 6, 14, 2, 10
8_20_18 10, 2, 6, 14, 11, 3, 7, 15
3_10_00 15, 7, 11
6_24_08 6, 14, 2, 10, 3, 11
4_25_18 12, 4, 8, 16
5_22_12 8, 16, 4, 12, 5
8_28_00 3, 11, 15, 7, 4, 12, 16, 8
1_15_08 16
8_21_06 5, 13, 1, 9, 6, 14, 2, 10
8_25_00 3, 11, 15, 7, 4, 12, 16, 8
3_4_20 7, 15, 11
6_17_18 10, 2, 6, 14, 11, 3
4_21_06 5, 13, 1, 9
6_19_22 12, 4, 8, 16, 13, 5
4_1_00 1, 9, 13, 5
3_10_08 3, 11, 15
8_17_16 9, 1, 5, 13, 10, 2, 6, 14
1_30_00 16
1_19_06 12
2_24_00 14, 6
7_16_18 13, 5, 9, 1, 14, 6, 10
3_26_18 8, 16, 4
5_6_18 11, 3, 7, 15, 8
7_3_08 5, 13, 1, 9, 14, 6, 10
4_22_06 5, 13, 1, 9
7_5_06 5, 13, 1, 9, 6, 14, 2
4_27_02 4, 12, 16, 8
1_30_14 7
6_6_10 7, 15, 3, 11, 4, 12
1_26_18 8
6_17_20 11, 3, 7, 15, 12, 4
2_31_10 9, 1
5_9_18 12, 4, 8, 16, 13
3_13_10 9, 1, 5
1_23_10 15
5_14_02 5, 13, 1, 9, 14
8_27_22 14, 6, 10, 2, 15, 7, 11, 3
5_19_16 9, 1, 5, 13, 2
7_2_22 12, 4, 8, 16, 9, 1, 5
6_16_22 15, 7, 11, 3, 8, 16
8_22_08 6, 14, 2, 10, 7, 15, 3, 11
4_3_20 11, 3, 7, 15
5_20_00 1, 9, 13, 5, 6
4_30_16 12, 4, 8, 16
4_10_00 3, 11, 15, 7
4_11_02 4, 12, 16, 8
2_26_18 8, 16
7_16_20 14, 6, 10, 2, 15, 7, 11
4_7_08 6, 14, 2, 10
8_25_04 5, 13, 1, 9, 6, 14, 2, 10
8_29_16 12, 4, 8, 16, 9, 1, 5, 13
5_12_20 13, 5, 9, 1, 2
3_21_16 10, 2, 6
6_20_04 3, 11, 15, 7, 16, 8
6_22_02 3, 11, 15, 7, 16, 8
3_20_16 5, 13, 9
5_12_14 10, 2, 6, 14, 15
5_6_02 3, 11, 15, 7, 16
4_22_00 2, 10, 14, 6
1_17_04 3
2_19_06 4, 12
6_7_04 4, 12, 16, 8, 5, 13
1_30_10 5
2_27_14 10, 2
7_9_18 12, 4, 8, 16, 13, 5, 9
1_19_22 4
5_28_10 8, 16, 4, 12, 13
5_28_22 14, 6, 10, 2, 3
2_30_12 6, 14
8_7_02 3, 11, 15, 7, 4, 12, 16, 8
1_20_06 8
2_15_12 10, 2
7_19_14 8, 16, 4, 12, 1, 9, 13
8_13_06 7, 15, 3, 11, 4, 12, 16, 8
7_4_14 8, 16, 4, 12, 13, 5, 9
6_28_10 8, 16, 4, 12, 5, 13
4_5_00 2, 10, 14, 6
2_6_02 15, 7
4_15_18 13, 5, 9, 1
2_16_18 9, 1
7_4_02 2, 10, 14, 6, 7, 15, 3
2_9_10 8, 16
8_19_22 12, 4, 8, 16, 13, 5, 9, 1
3_9_08 7, 15, 3
6_24_18 11, 3, 7, 15, 8, 16
6_22_02 3, 11, 15, 7, 16, 8
7_17_06 4, 12, 16, 8, 5, 13, 1
1_23_20 4
1_26_22 10
3_11_20 13, 5, 1
6_29_16 12, 4, 8, 16, 9, 1
5_9_00 3, 11, 15, 7, 4
8_25_10 8, 16, 4, 12, 9, 1, 5, 13
2_8_22 9, 1
7_31_08 8, 16, 4, 12, 13, 5, 9
2_9_00 3, 11
1_13_12 10
6_31_02 5, 13, 1, 9, 2, 10
1_9_22 14
4_27_16 11, 3, 7, 15
2_8_06 1, 9
6_15_02 5, 13, 1, 9, 2, 10
3_19_20 11, 3, 15
5_16_20 14, 6, 10, 2, 15
6_28_06 6, 14, 2, 10, 3, 11
1_5_10 7
2_2_08 1, 9
4_3_02 2, 10, 14, 6
2_3_16 9, 1
2_17_02 2, 10
1_26_20 9
8_5_10 7, 15, 3, 11, 8, 16, 4, 12
2_20_06 16, 8
1_5_10 7
8_4_20 11, 3, 7, 15, 12, 4, 8, 16
8_22_04 4, 12, 16, 8, 5, 13, 1, 9
1_22_14 5
2_2_08 1, 9
3_5_00 2, 10, 14
1_9_22 14
5_12_00 3, 11, 15, 7, 8
8_9_06 6, 14, 2, 10, 7, 15, 3, 11
6_29_08 8, 16, 4, 12, 5, 13
2_18_02 14, 6
1_27_20 5
3_13_00 4,12, 16
2_17_20 11, 3
5_8_12 8, 16, 4, 12, 13
1_26_22 10
3_26_12 5, 13, 1
1_4_18 14
3_13_10 9, 1, 5
7_14_18 13, 5, 9, 1, 6, 14, 2
4_30_08 8, 16, 4, 12
3_29_10 9, 1, 5
3_19_18 10, 2, 14
8_29_22 15, 7, 11, 3, 12, 4, 8, 16
1_30_22 11
6_16_08 8, 16, 4, 12, 1, 9
5_12_16 11, 3, 7, 15, 16
6_7_16 10, 2, 6, 14, 11, 3
4_29_18 13, 5, 9, 1
4_3_04 3, 11, 15, 7
1_16_08 12
3_28_14 6, 14, 10
6_9_06 6, 14, 2, 10, 7, 15
4_22_10 7, 15, 3, 11
5_8_14 9, 1, 5, 13, 14
1_24_06 9
8_26_16 11, 3, 7, 15, 12, 4, 8, 16
4_10_14 10, 2, 6, 14
4_10_20 13, 5, 9, 1
4_1_10 6, 14, 2, 10
1_20_04 7
8_16_06 7, 15, 3, 11, 4, 12, 16, 8
6_20_20 11, 3, 7, 15, 8, 16
6_24_02 3, 11, 15, 7, 16, 8
3_11_20 13, 5, 1
7_12_14 10, 2, 6, 14, 15, 7, 11
7_27_08 7, 15, 3, 11, 16, 8, 12
7_8_14 9, 1, 5, 13, 14, 6, 10
5_25_08 7, 15, 3, 11, 8
8_7_04 4, 12, 16, 8, 5, 13, 1, 9
3_6_08 2, 10, 14
7_4_08 5, 13, 1, 9, 10, 2, 6
1_16_16 16
8_13_10 9, 1, 5, 13, 6, 14, 2, 10
3_1_12 7, 15, 3
5_6_14 9, 1, 5, 13, 6
7_23_12 8, 16, 4, 12, 1, 9, 13
3_17_06 4, 12, 16
3_28_08 3, 11, 7
1_9_22 14
7_14_12 10, 2, 6, 14, 3, 11, 15
4_24_00 2, 10, 14, 6
7_6_04 4, 12, 16, 8, 1, 9, 13
5_22_04 4, 12, 16, 8, 1
3_5_00 2, 10, 14
3_28_10 4, 12, 8
1_25_00 3
4_15_08 8, 16, 12
8_17_04 3, 11, 15, 7, 4, 12, 16, 8
2_4_00 13, 5
8_15_02 5, 13, 1, 9, 2, 10, 14, 6
4_8_06 5, 13, 1, 9
2_26_04 1, 9
1_5_10 7
1_11_02 12
8_24_04 4, 12, 16, 8, 5, 13, 1, 9
5_13_14 11, 3, 7, 15, 8
1_14_10 5
5_9_18 12, 4, 8, 16, 13
3_11_00 3, 11, 7
8_27_10 8, 16, 4, 12, 9, 1, 5, 13
6_20_16 9, 1, 5, 13, 6, 14
8_17_04 3, 11, 15, 7, 4, 12, 16, 8
6_13_22 15, 7, 11, 3, 12, 4
4_23_04 4, 12, 16, 8
8_23_08 6, 14, 2, 10, 7, 15, 3, 11
6_13_02 5, 13, 1, 9, 2, 10
7_29_20 14, 6, 10, 2, 11, 3, 7
5_12_20 13, 5, 9, 1, 2
8_5_08 6, 14, 2, 10, 7, 15, 3, 11
1_24_22 1
7_21_14 9, 1, 5, 13, 10, 2, 6
4_31_16 12, 4, 8, 16
1_22_18 7
1_18_02 14
1_2_22 8
3_20_20 7, 15, 11
2_31_16 12, 4
7_31_12 10, 2, 6, 14, 15, 7, 11
7_28_08 7, 15, 3, 11, 12, 4, 8
5_4_22 12, 4, 8, 16, 1
5_29_22 15, 7, 11, 3, 12
4_4_20 11, 3, 7, 15
8_4_16 9, 1, 5, 13, 10, 2, 6, 14
6_18_06 4, 12, 16, 8, 1, 9
7_31_12 10, 2, 6, 14, 15, 7, 11
1_31_18 5
6_12_08 7, 15, 3, 11, 4, 12
8_9_04 5, 13, 1, 9, 6, 14, 2, 10
5_24_14 9, 1, 5, 13, 14
1_26_04 1
5_24_22 13, 5, 9, 1, 2
6_3_22 12, 4, 8, 16, 13, 5
2_4_00 13, 5
6_20_22 12, 4, 8, 16, 9, 1
8_31_12 10, 2, 6, 14, 7, 15, 3, 11
7_23_18 11, 3, 7, 15, 4, 12, 16
7_23_10 7, 15, 3, 11, 16, 8, 12
3_21_12 8, 16, 4
2_28_02 16, 8
3_4_20 7, 15, 11
8_9_18 12, 4, 8, 16, 13, 5, 9, 1
6_27_16 11, 3, 7, 15, 12, 4
7_2_18 10, 2, 6, 14, 7, 15, 3
3_15_08 8, 16, 12
3_31_12 10, 2, 14
7_7_14 9, 1, 5, 13, 2, 10, 14
8_23_16 10, 2, 6, 14, 11, 3, 7, 15
1_24_16 14
5_15_04 6, 14, 2, 10, 11
3_26_08 3, 11, 15
1_5_04 4
5_17_00 1, 9, 13, 5, 2
6_17_00 1, 9, 13, 5, 2, 10
3_22_02 15, 7, 11
2_1_16 9, 1
3_18_22 8, 16, 4
7_6_12 8, 16, 4, 12, 5, 13, 1
1_25_20 13
6_31_16 12, 4, 8, 16, 9, 1
1_24_14 13
2_20_12 3, 11
4_23_10 7, 15, 3, 11
8_5_20 12, 4, 8, 16, 13, 5, 9, 1
8_28_16 11, 3, 7, 15, 12, 4, 8, 16
8_21_22 13, 5, 9, 1, 14, 6, 10, 2
8_30_18 13, 5, 9, 1, 10, 2, 6, 14
4_17_20 11, 3, 7, 15
2_5_10 7, 15
4_5_22 13, 5, 9, 1
4_14_06 7, 15, 3, 11
5_11_18 12, 4, 8, 16, 5
6_6_14 9, 1, 5, 13, 6, 14
4_30_10 9, 1, 5, 13
8_24_04 4, 12, 16, 8, 5, 13, 1, 9
3_31_14 11, 3, 15
6_28_20 13, 5, 9, 1, 10, 2
6_24_06 5, 13, 1, 9, 2, 10
4_19_08 5, 13, 1, 9
1_19_04 11
3_22_22 9, 1, 5
3_27_10 8, 16, 12
3_16_04 2, 10, 6
4_23_00 2, 10, 14, 6
7_26_14 10, 2, 6, 14, 7, 15, 3
6_15_04 6, 14, 2, 10, 3, 11
2_30_02 1, 9
8_25_14 10, 2, 6, 14, 11, 3, 7, 15
2_1_08 5, 13
7_2_22 12, 4, 8, 16, 9, 1, 5
4_6_12 8, 16, 4, 12
1_26_14 6
6_31_16 12, 4, 8, 16, 9, 1
8_30_04 6, 14, 2, 10, 3, 11, 15, 7
3_30_10 5, 13, 1
4_25_18 12, 4, 8, 16
8_12_04 5, 13, 1, 9, 6, 14, 2, 10
5_6_02 3, 11, 15, 7, 16
3_7_08 6, 14, 10
3_24_08 2, 10, 6
7_14_00 4, 12, 16, 8, 13, 5, 9
1_18_16 5
4_27_10 8, 16, 4, 12
3_20_06 16, 8, 4
3_30_08 4, 12, 16
3_23_14 9, 1, 13
6_17_12 7, 15, 3, 11, 8, 16
2_6_04 16, 8
5_28_12 9, 1, 5, 13, 14
4_13_10 9, 1, 5, 13
8_12_08 7, 15, 3, 11, 8, 16, 4, 12
8_20_18 10, 2, 6, 14, 11, 3, 7, 15
7_23_08 6, 14, 2, 10, 15, 7, 11
3_12_04 1, 9, 5
3_18_14 4, 12, 16
6_14_02 5, 13, 1, 9, 14, 6
5_8_10 7, 15, 3, 11, 12
1_18_02 14
2_14_12 6, 14
6_22_22 13, 5, 9, 1, 10, 2
8_25_18 12, 4, 8, 16, 13, 5, 9, 1
6_2_18 10, 2, 6, 14, 7, 15
3_2_20 7, 15, 3
6_31_22 15, 7, 11, 3, 12, 4
2_30_20 10, 2
4_14_00 4,12, 16, 8
8_18_00 1, 9, 13, 5, 2, 10, 14, 6
5_10_16 11, 3, 7, 15, 8
1_25_22 14
6_6_12 8, 16, 4, 12, 5, 13
1_12_00 7
3_27_06 6, 14, 10
6_11_06 6, 14, 2, 10, 7, 15
6_5_10 7, 15, 3, 11, 8, 16
7_5_08 6, 14, 2, 10, 7, 15, 3
4_29_00 4,12, 16, 8
1_15_22 7
4_25_12 9, 1, 5, 13
4_13_12 10, 2, 6, 14
4_1_00 1, 9, 13, 5
4_8_18 11, 3, 7, 15
5_16_00 4, 12, 16, 8, 5
2_23_22 13, 5
2_13_16 12, 4
3_21_12 8, 16, 4
7_20_04 3, 11, 15, 7, 8, 16, 4
8_24_12 8, 16, 4, 12, 9, 1, 5, 13
6_18_04 3, 11, 15, 7, 16, 8
8_21_04 4, 12, 16, 8, 5, 13, 1, 9
4_27_22 14, 6, 10, 2
8_22_20 12, 4, 8, 16, 13, 5, 9, 1
4_24_16 10, 2, 6, 14
1_9_12 9
3_18_10 2, 10, 14
4_30_04 6, 14, 2, 10
1_3_06 12
4_19_06 4, 12, 16, 8
6_25_06 6, 14, 2, 10, 7, 15
6_16_00 4, 12, 16, 8, 13, 5
3_11_08 7, 15, 11
2_26_22 10, 2
7_16_16 12, 4, 8, 16, 13, 5, 9
6_22_06 5, 13, 1, 9, 2, 10
8_21_00 2, 10, 14, 6, 3, 11, 15, 7
4_9_02 4, 12, 16, 8
3_27_20 13, 5, 1
5_14_08 8, 16, 4, 12, 1
8_2_10 6, 14, 2, 10, 7, 15, 3, 11
6_1_14 8, 16, 4, 12, 9, 1
5_15_18 13, 5, 9, 1, 2
7_10_12 9, 1, 5, 13, 6, 14, 2
2_11_10 8, 16
5_30_02 5, 13, 1, 9, 14
2_31_12 10, 2
3_21_20 12, 4, 8
1_25_22 14
8_25_02 4, 12, 16, 8, 5, 13, 1, 9
2_27_14 10, 2
6_29_22 15, 7, 11, 3, 12, 4
1_12_20 1
6_17_20 11, 3, 7, 15, 12, 4
4_30_20 14, 6, 10, 2
6_29_20 14, 6, 10, 2, 11, 3
3_30_10 5, 13, 1
1_4_10 10
5_16_00 4, 12, 16, 8, 5
2_22_08 2, 10
2_13_08 8, 16
2_17_14 8, 16
1_17_12 7
7_20_16 9, 1, 5, 13, 14, 6, 10
5_20_14 8, 16, 4, 12, 13
4_27_06 6, 14, 2, 10
2_20_20 7, 15
7_4_02 2, 10, 14, 6, 7, 15, 3
2_16_20 10, 2
7_14_04 6, 14, 2, 10, 15, 7, 11
6_13_12 10, 2, 6, 14, 7, 15
7_22_00 2, 10, 14, 6, 15, 7, 11
7_23_20 12, 4, 8, 16, 5, 13, 1
6_11_10 8, 16, 4, 12, 9, 1
5_8_22 13, 5, 9, 1, 2
3_21_22 13, 5, 9
8_27_12 9, 1, 5, 13, 10, 2, 6, 14
6_20_18 10, 2, 6, 14, 7, 15
8_13_20 14, 6, 10, 2, 11, 3, 7, 15
1_1_20 11
7_24_06 5, 13, 1, 9, 10, 2, 6
4_12_00 3, 11, 15, 7
6_27_22 14, 6, 10, 2, 15, 7
1_6_22 9
3_25_18 12, 4, 8
4_5_10 7, 15, 3, 11
1_28_14 14
5_9_06 6, 14, 2, 10, 7
2_26_12 5, 13
5_5_18 11, 3, 7, 15, 12
4_17_22 12, 4, 8, 16
2_8_00 14, 6
8_21_18 11, 3, 7, 15, 12, 4, 8, 16
7_12_08 7, 15, 3, 11, 12, 4, 8
7_31_18 13, 5, 9, 1, 2, 10, 14
6_1_22 12, 4, 8, 16, 13, 5
5_28_00 3, 11, 15, 7, 8
2_3_12 7, 15
5_11_00 3, 11, 15, 7, 12
7_21_02 3, 11, 15, 7, 4, 12, 16
2_31_16 12, 4
3_19_16 9, 1, 13
7_2_04 3, 11, 15, 7, 16, 8, 12
3_17_10 6, 14, 2
4_22_02 3, 11, 15, 7
6_19_12 7, 15, 3, 11, 8, 16
7_11_14 10, 2, 6, 14, 3, 11, 15
5_25_12 9, 1, 5, 13, 10
1_30_02 1
8_26_08 7, 15, 3, 11, 8, 16, 4, 12
3_9_02 4, 12, 16
2_27_06 6, 14
3_19_06 4, 12, 8
2_18_00 13, 5
8_12_08 7, 15, 3, 11, 8, 16, 4, 12
7_25_18 12, 4, 8, 16, 13, 5, 9
7_16_02 5, 13, 1, 9, 6, 14, 2
7_21_14 9, 1, 5, 13, 10, 2, 6
4_13_10 9, 1, 5, 13
2_7_00 2, 10
2_13_06 7, 15
4_21_22 13, 5, 9, 1
5_21_10 7, 15, 3, 11, 8
4_28_02 4, 12, 16, 8
3_20_00 13, 5, 1
4_29_18 13, 5, 9, 1
1_25_12 9
4_14_14 11, 3, 7, 15
2_20_14 4, 12
8_24_20 12, 4, 8, 16, 13, 5, 9, 1
8_24_02 3, 11, 15, 7, 4, 12, 16, 8
7_21_04 4, 12, 16, 8, 5, 13, 1
7_10_22 14, 6, 10, 2, 11, 3, 7
8_10_10 8, 16, 4, 12, 9, 1, 5, 13
7_30_04 6, 14, 2, 10, 15, 7, 11
3_4_14 4, 12, 8
3_13_10 9, 1, 5
2_8_12 4, 12
8_25_20 13, 5, 9, 1, 14, 6, 10, 2
6_18_04 3, 11, 15, 7, 16, 8
8_27_18 12, 4, 8, 16, 13, 5, 9, 1
7_5_00 2, 10, 14, 6, 3, 11, 15
5_1_18 10, 2, 6, 14, 11
4_18_10 6, 14, 2, 10
2_14_20 10, 2
1_30_10 5
7_26_18 12, 4, 8, 16, 9, 1, 5
5_17_22 12, 4, 8, 16, 13
5_29_08 8, 16, 4, 12, 5
5_9_08 7, 15, 3, 11, 8
1_21_18 11
8_1_20 11, 3, 7, 15, 12, 4, 8, 16
2_28_06 2, 10
8_30_08 8, 16, 4, 12, 5, 13, 1, 9
4_5_08 6, 14, 2, 10
7_18_12 7, 15, 3, 11, 4, 12, 16
4_30_20 14, 6, 10, 2
7_22_12 8, 16, 4, 12, 5, 13, 1
3_31_00 4,12, 8
4_25_08 7, 15, 3, 11
4_25_02 4, 12, 16, 8
6_7_20 12, 4, 8, 16, 13, 5
7_20_14 8, 16, 4, 12, 13, 5, 9
2_31_00 4,12
5_8_04 4, 12, 16, 8, 9
5_22_14 9, 1, 5, 13, 6
7_12_00 3, 11, 15, 7, 8, 16, 4
7_16_12 10, 2, 6, 14, 11, 3, 7
8_10_10 8, 16, 4, 12, 9, 1, 5, 13
2_1_04 3, 11
6_20_10 6, 14, 2, 10, 3, 11
6_25_12 9, 1, 5, 13, 10, 2
5_3_02 2, 10, 14, 6, 11
5_14_14 11, 3, 7, 15, 4
8_28_08 7, 15, 3, 11, 8, 16, 4, 12
5_6_22 13, 5, 9, 1, 10
8_17_12 7, 15, 3, 11, 8, 16, 4, 12
7_11_02 4, 12, 16, 8, 13, 5, 9
6_21_18 11, 3, 7, 15, 12, 4
2_13_06 7, 15
1_23_20 4
3_6_18 7, 15, 3
2_6_06 1, 9
8_1_16 9, 1, 5, 13, 10, 2, 6, 14
4_29_14 11, 3, 7, 15
1_20_22 16
7_15_08 8, 16, 4, 12, 13, 5, 9
4_16_04 6, 14, 2, 10
6_31_10 9, 1, 5, 13, 6, 14
1_7_04 12
7_29_02 5, 13, 1, 9, 2, 10, 14
5_10_20 13, 5, 9, 1, 10
1_25_00 3
1_21_00 2
8_24_12 8, 16, 4, 12, 9, 1, 5, 13
1_3_02 10
3_20_10 2, 10, 6
2_8_06 1, 9
1_9_22 14
4_19_22 12, 4, 8, 16
1_5_20 12
6_3_10 6, 14, 2, 10, 7, 15
8_6_06 5, 13, 1, 9, 6, 14, 2, 10
5_22_14 9, 1, 5, 13, 6
6_14_06 7, 15, 3, 11, 16, 8
5_16_10 9, 1, 5, 13, 10
6_21_16 10, 2, 6, 14, 11, 3
8_3_10 6, 14, 2, 10, 7, 15, 3, 11
4_1_16 9, 1, 5, 13
7_2_16 9, 1, 5, 13, 6, 14, 2
6_14_22 15, 7, 11, 3, 8, 16
8_30_08 8, 16, 4, 12, 5, 13, 1, 9
5_6_20 12, 4, 8, 16, 9
3_6_02 15, 7, 11
4_10_20 13, 5, 9, 1
5_15_10 9, 1, 5, 13, 14
8_23_16 10, 2, 6, 14, 11, 3, 7, 15
7_28_02 4, 12, 16, 8, 9, 1, 5
5_10_02 4, 12, 16, 8, 1
1_8_20 16
6_23_04 4, 12, 16, 8, 5, 13
4_6_06 5, 13, 1, 9
4_8_10 7, 15, 3, 11
5_7_00 2, 10, 14, 6, 11
8_26_14 10, 2, 6, 14, 11, 3, 7, 15
3_31_04 6, 14, 10
6_2_04 3, 11, 15, 7, 16, 8
5_17_14 8, 16, 4, 12, 9
4_18_14 8, 16, 4, 12
6_6_08 6, 14, 2, 10, 3, 11
8_20_20 11, 3, 7, 15, 12, 4, 8, 16
8_26_20 13, 5, 9, 1, 14, 6, 10, 2
5_4_18 10, 2, 6, 14, 15
8_10_14 10, 2, 6, 14, 11, 3, 7, 15
7_27_10 8, 16, 4, 12, 1, 9, 13
7_11_00 3, 11, 15, 7, 12, 4, 8
5_31_22 15, 7, 11, 3, 4
5_26_04 5, 13, 1, 9, 2
7_24_14 9, 1, 5, 13, 14, 6, 10
4_11_02 4, 12, 16, 8
4_21_08 6, 14, 2, 10
3_25_20 13, 5, 9
4_3_18 10, 2, 6, 14
4_24_10 7, 15, 3, 11
8_31_20 14, 6, 10, 2, 11, 3, 7, 15
5_21_16 10, 2, 6, 14, 11
5_7_22 13, 5, 9, 1, 6
7_11_10 8, 16, 4, 12, 1, 9, 13
4_24_14 9, 1, 5, 13
3_28_10 4, 12, 8
6_9_12 9, 1, 5, 13, 10, 2
8_7_06 5, 13, 1, 9, 6, 14, 2, 10
1_14_16 8
5_19_00 1, 9, 13, 5, 10
2_30_00 16, 8
4_18_16 9, 1, 5, 13
8_7_10 7, 15, 3, 11, 8, 16, 4, 12
5_15_14 11, 3, 7, 15, 16
1_19_04 11
1_15_08 16
8_31_18 13, 5, 9, 1, 10, 2, 6, 14
2_5_08 6, 14
2_12_16 7, 15
5_30_02 5, 13, 1, 9, 14
2_21_10 7, 15
3_11_12 9, 1, 13
6_24_04 4, 12, 16, 8, 1, 9
1_28_14 14
3_28_10 4, 12, 8
2_23_12 8, 16
4_19_22 12, 4, 8, 16
2_28_12 5, 13
3_10_12 5, 13, 1
7_10_20 13, 5, 9, 1, 10, 2, 6
4_4_22 12, 4, 8, 16
7_9_02 4, 12, 16, 8, 5, 13, 1
8_29_00 4, 12, 16, 8, 1, 9, 13, 5
8_3_08 5, 13, 1, 9, 6, 14, 2, 10
4_5_02 3, 11, 15, 7
1_4_20 15
6_27_22 14, 6, 10, 2, 15, 7
4_14_12 10, 2, 6, 14
4_7_10 7, 15, 3, 11
6_6_14 9, 1, 5, 13, 6, 14
5_18_16 9, 1, 5, 13, 6
4_26_10 8, 16, 4, 12
5_26_04 5, 13, 1, 9, 2
1_20_00 5
4_4_18 10, 2, 6, 14
5_21_22 13, 5, 9, 1, 14
6_5_08 6, 14, 2, 10, 7, 15
2_11_18 12, 4
6_4_08 5, 13, 1, 9, 2, 10
1_19_20 3
4_3_02 2, 10, 14, 6
6_25_02 4, 12, 16, 8, 5, 13
7_28_10 8, 16, 4, 12, 13, 5, 9
5_14_18 13, 5, 9, 1, 6
4_21_00 2, 10, 14, 6
2_2_18 6, 14
3_10_08 3, 11, 15
8_14_16 12, 4, 8, 16, 9, 1, 5, 13
6_15_04 6, 14, 2, 10, 3, 11
5_26_08 7, 15, 3, 11, 4
4_18_00 1, 9, 13, 5
1_7_18 3
3_27_02 4, 12, 8
4_3_10 6, 14, 2, 10
4_6_18 11, 3, 7, 15
5_12_16 11, 3, 7, 15, 16
1_26_14 6
5_6_18 11, 3, 7, 15, 8
3_9_10 8, 16, 4
2_13_16 12, 4
7_25_20 13, 5, 9, 1, 14, 6, 10
4_23_16 10, 2, 6, 14
8_5_14 9, 1, 5, 13, 10, 2, 6, 14
1_29_20 14
1_22_08 2
6_18_00 1, 9, 13, 5, 14, 6
4_23_06 5, 13, 1, 9
7_27_20 13, 5, 9, 1, 6, 14, 2
4_8_16 10, 2, 6, 14
1_6_12 4
3_12_10 4, 12, 8
3_23_08 6, 14, 10
5_6_08 6, 14, 2, 10, 3
2_16_04 2, 10
4_8_14 9, 1, 5, 13
8_13_22 15, 7, 11, 3, 12, 4, 8, 16
2_31_22 15, 7
8_25_10 8, 16, 4, 12, 9, 1, 5, 13
4_28_00 3, 11, 15, 7
3_8_16 6, 14, 10
1_15_08 16
8_26_04 5, 13, 1, 9, 6, 14, 2, 10
2_11_22 14, 6
1_5_04 4
4_1_18 10, 2, 6, 14
1_9_04 5
2_11_16 11, 3
7_4_16 9, 1, 5, 13, 14, 6, 10
3_30_04 2, 10, 14
3_31_04 6, 14, 10
1_27_22 6
7_20_20 11, 3, 7, 15, 16, 8, 12
3_31_06 7, 15, 11
3_14_02 1, 9, 13
7_16_22 15, 7, 11, 3, 16, 8, 12
4_21_14 9, 1, 5, 13
5_29_14 11, 3, 7, 15, 8
5_3_08 5, 13, 1, 9, 14
4_4_08 5, 13, 1, 9
3_5_12 8, 16, 4
5_1_12 7, 15, 3, 11, 8
4_7_22 13, 5, 9, 1
7_15_02 5, 13, 1, 9, 10, 2, 6
5_22_20 12, 4, 8, 16, 9
2_14_18 9, 1
4_30_22 15, 7, 11, 3
1_29_12 10
1_3_20 3
3_14_14 7, 15, 3
1_3_12 15
2_24_22 9, 1
2_14_10 5, 13
4_25_18 12, 4, 8, 16
7_9_14 10, 2, 6, 14, 11, 3, 7
2_9_20 13, 5
3_30_00 16, 8, 12
1_8_12 12
2_9_16 11, 3
4_29_02 5, 13, 1, 9
3_4_22 8, 16, 12
2_23_12 8, 16
3_14_14 7, 15, 3
8_2_02 2, 10, 14, 6, 3, 11, 15, 7
7_8_12 8, 16, 4, 12, 13, 5, 9
8_27_00 3, 11, 15, 7, 4, 12, 16, 8
1_16_16 16
4_7_14 9, 1, 5, 13
4_11_02 4, 12, 16, 8
2_12_00 15, 7
5_27_06 6, 14, 2, 10, 15
3_7_00 2, 10, 6
8_28_12 9, 1, 5, 13, 10, 2, 6, 14
1_7_00 10
1_15_12 2
6_23_22 13, 5, 9, 1, 14, 6
8_23_18 11, 3, 7, 15, 12, 4, 8, 16
7_19_16 9, 1, 5, 13, 2, 10, 14
7_27_08 7, 15, 3, 11, 16, 8, 12
7_19_14 8, 16, 4, 12, 1, 9, 13
7_28_20 13, 5, 9, 1, 2, 10, 14
5_19_16 9, 1, 5, 13, 2
5_20_16 9, 1, 5, 13, 14
4_22_12 8, 16, 4, 12
5_10_18 12, 4, 8, 16, 9
7_4_12 7, 15, 3, 11, 12, 4, 8
7_18_20 11, 3, 7, 15, 8, 16, 4
8_27_02 4, 12, 16, 8, 5, 13, 1, 9
7_17_12 7, 15, 3, 11, 8, 16, 4
5_4_02 2, 10, 14, 6, 7
7_1_18 10, 2, 6, 14, 11, 3, 7
4_17_10 6, 14, 2, 10
3_17_16 9, 1, 5
1_10_18 8
5_12_12 9, 1, 5, 13, 14
5_18_04 3, 11, 15, 7, 16
7_8_08 6, 14, 2, 10, 11, 3, 7
4_22_10 7, 15, 3, 11
6_1_00 1, 9, 13, 5, 2, 10
5_2_12 7, 15, 3, 11, 4
6_21_14 9, 1, 5, 13, 10, 2
5_16_20 14, 6, 10, 2, 15
4_21_16 10, 2, 6, 14
6_19_16 9, 1, 5, 13, 10, 2
6_19_04 3, 11, 15, 7, 4, 12
1_29_12 10
5_6_22 13, 5, 9, 1, 10
4_29_20 14, 6, 10, 2
1_29_18 13
7_18_08 5, 13, 1, 9, 2, 10, 14
7_23_18 11, 3, 7, 15, 4, 12, 16
7_20_16 9, 1, 5, 13, 14, 6, 10
4_18_18 10, 2, 6, 14
6_26_04 5, 13, 1, 9, 2, 10
1_13_02 5
6_4_06 4, 12, 16, 8, 1, 9
4_5_00 2, 10, 14, 6
8_24_18 11, 3, 7, 15, 12, 4, 8, 16
1_21_22 13
4_7_08 6, 14, 2, 10
6_24_20 12, 4, 8, 16, 9, 1
2_24_02 15, 7
1_18_18 6
8_13_06 7, 15, 3, 11, 4, 12, 16, 8
3_24_06 1, 9, 5
5_5_12 8, 16, 4, 12, 9
3_23_12 8, 16, 12
3_30_12 6, 14, 2
1_10_00 15
7_6_06 5, 13, 1, 9, 2, 10, 14
5_26_16 11, 3, 7, 15, 8
5_8_14 9, 1, 5, 13, 14
2_13_00 4,12
1_23_16 2
8_18_02 2, 10, 14, 6, 3, 11, 15, 7
8_9_08 7, 15, 3, 11, 8, 16, 4, 12
8_17_16 9, 1, 5, 13, 10, 2, 6, 14
4_17_10 6, 14, 2, 10
7_7_06 5, 13, 1, 9, 14, 6, 10
3_10_12 5, 13, 1
1_5_16 10
8_2_04 3, 11, 15, 7, 4, 12, 16, 8
5_9_00 3, 11, 15, 7, 4
6_9_16 11, 3, 7, 15, 12, 4
4_29_16 12, 4, 8, 16
5_12_20 13, 5, 9, 1, 2
7_11_06 6, 14, 2, 10, 15, 7, 11
8_22_04 4, 12, 16, 8, 5, 13, 1, 9
2_20_20 7, 15
3_17_16 9, 1, 5
1_31_04 14
2_18_04 15, 7
4_10_18 12, 4, 8, 16
2_24_10 3, 11
3_15_04 6, 14, 10
1_5_10 7
7_9_16 11, 3, 7, 15, 12, 4, 8
5_7_18 11, 3, 7, 15, 4
1_28_08 11
5_29_18 13, 5, 9, 1, 10
5_14_16 12, 4, 8, 16, 5
2_8_08 2, 10
5_4_14 8, 16, 4, 12, 13
8_30_10 9, 1, 5, 13, 6, 14, 2, 10
5_6_14 9, 1, 5, 13, 6
8_13_18 13, 5, 9, 1, 10, 2, 6, 14
5_16_10 9, 1, 5, 13, 10
1_14_08 4
1_12_12 13
8_20_22 12, 4, 8, 16, 13, 5, 9, 1
2_20_08 1, 9
7_16_16 12, 4, 8, 16, 13, 5, 9
6_16_18 13, 5, 9, 1, 6, 14
6_13_06 7, 15, 3, 11, 4, 12
8_6_12 8, 16, 4, 12, 9, 1, 5, 13
5_15_22 15, 7, 11, 3, 4
4_1_02 2, 10, 14, 6
1_28_04 9
5_11_08 7, 15, 3, 11, 16
5_11_18 12, 4, 8, 16, 5
6_18_14 8, 16, 4, 12, 5, 13
6_29_08 8, 16, 4, 12, 5, 13
7_26_10 8, 16, 4, 12, 5, 13, 1
6_22_14 9, 1, 5, 13, 6, 14
5_28_12 9, 1, 5, 13, 14
6_27_08 7, 15, 3, 11, 8, 16
6_26_14 10, 2, 6, 14, 7, 15
1_27_08 15
5_24_20 12, 4, 8, 16, 1
4_9_22 14, 6, 10, 2
8_3_10 6, 14, 2, 10, 7, 15, 3, 11
5_4_18 10, 2, 6, 14, 15
4_16_08 8, 16, 4, 12
2_25_14 10, 2
8_19_06 4, 12, 16, 8, 5, 13, 1, 9
5_15_02 5, 13, 1, 9, 10
8_5_20 12, 4, 8, 16, 13, 5, 9, 1
7_7_00 2, 10, 14, 6, 11, 3, 7
8_23_02 3, 11, 15, 7, 4, 12, 16, 8
1_30_12 6
8_27_14 10, 2, 6, 14, 11, 3, 7, 15
3_22_20 8, 16, 4
1_31_12 2
1_11_08 15
7_29_00 4, 12, 16, 8, 1, 9, 13
6_1_22 12, 4, 8, 16, 13, 5
4_17_20 11, 3, 7, 15
1_21_22 13
6_15_04 6, 14, 2, 10, 3, 11
3_19_18 10, 2, 14
4_11_22 14, 6, 10, 2
3_8_06 1, 9, 5
8_16_18 13, 5, 9, 1, 10, 2, 6, 14
3_26_20 9, 1, 5
1_21_04 4
3_12_20 9, 1, 13
5_4_20 11, 3, 7, 15, 16
4_26_22 14, 6, 10, 2
6_15_22 15, 7, 11, 3, 12, 4
2_4_04 15, 7
5_11_14 10, 2, 6, 14, 3
6_13_10 9, 1, 5, 13, 6, 14
6_2_14 8, 16, 4, 12, 5, 13
3_5_20 12, 4, 8
6_13_14 11, 3, 7, 15, 8, 16
6_1_22 12, 4, 8, 16, 13, 5
8_13_08 8, 16, 4, 12, 5, 13, 1, 9
6_18_10 6, 14, 2, 10, 3, 11
3_16_16 8, 16, 12
4_16_12 10, 2, 6, 14
6_20_04 3, 11, 15, 7, 16, 8
7_4_06 4, 12, 16, 8, 9, 1, 5
6_4_00 1, 9, 13, 5, 14, 6
6_29_06 7, 15, 3, 11, 4, 12
2_28_00 15, 7
2_17_18 10, 2
2_22_22 9, 1
7_6_00 2, 10, 14, 6, 15, 7, 11
4_28_02 4, 12, 16, 8
2_21_14 9, 1
8_4_12 7, 15, 3, 11, 8, 16, 4, 12
6_29_04 6, 14, 2, 10, 3, 11
4_9_12 9, 1, 5, 13
5_7_04 4, 12, 16, 8, 13
7_19_20 11, 3, 7, 15, 4, 12, 16
1_23_22 5
3_4_14 4, 12, 8
5_8_06 5, 13, 1, 9, 10
6_12_14 10, 2, 6, 14, 7, 15
3_8_14 5, 13, 9
8_7_06 5, 13, 1, 9, 6, 14, 2, 10
4_22_00 2, 10, 14, 6
4_19_08 5, 13, 1, 9
1_4_00 5
7_11_16 11, 3, 7, 15, 4, 12, 16
8_22_14 9, 1, 5, 13, 10, 2, 6, 14
6_30_20 14, 6, 10, 2, 7, 15
6_30_04 6, 14, 2, 10, 15, 7
7_7_02 3, 11, 15, 7, 12, 4, 8
5_25_04 5, 13, 1, 9, 6
1_2_02 14
1_6_10 3
3_12_10 4, 12, 8
1_4_00 5
7_23_10 7, 15, 3, 11, 16, 8, 12
7_20_12 7, 15, 3, 11, 12, 4, 8
7_12_16 11, 3, 7, 15, 16, 8, 12
2_21_08 6, 14
5_10_08 7, 15, 3, 11, 4
7_1_00 1, 9, 13, 5, 2, 10, 14
2_4_08 1, 9
1_21_10 7
1_16_18 1
5_18_06 4, 12, 16, 8, 1
4_9_08 7, 15, 3, 11
3_17_16 9, 1, 5
8_10_10 8, 16, 4, 12, 9, 1, 5, 13
4_1_02 2, 10, 14, 6
6_11_04 5, 13, 1, 9, 6, 14
8_9_02 4, 12, 16, 8, 5, 13, 1, 9
7_29_16 12, 4, 8, 16, 9, 1, 5
8_22_12 8, 16, 4, 12, 9, 1, 5, 13
2_25_14 10, 2
8_1_00 1, 9, 13, 5, 2, 10, 14, 6
7_24_16 10, 2, 6, 14, 15, 7, 11
1_28_22 2
1_11_16 3
2_10_00 15, 7
2_9_16 11, 3
2_4_04 15, 7
7_15_14 11, 3, 7, 15, 16, 8, 12
2_16_16 8, 16
1_19_04 11
7_21_06 5, 13, 1, 9, 6, 14, 2
6_28_14 10, 2, 6, 14, 7, 15
6_28_04 5, 13, 1, 9, 2, 10
4_12_20 13, 5, 9, 1
7_5_20 12, 4, 8, 16, 13, 5, 9
4_1_20 11, 3, 7, 15
1_30_00 16
8_15_02 5, 13, 1, 9, 2, 10, 14, 6
2_27_06 6, 14
5_29_06 7, 15, 3, 11, 4
7_31_02 5, 13, 1, 9, 10, 2, 6
8_31_02 5, 13, 1, 9, 2, 10, 14, 6
4_16_02 5, 13, 1, 9
8_25_06 6, 14, 2, 10, 7, 15, 3, 11
5_15_10 9, 1, 5, 13, 14
5_5_00 2, 10, 14, 6, 3
8_20_16 9, 1, 5, 13, 10, 2, 6, 14
4_8_04 4, 12, 16, 8
8_25_00 3, 11, 15, 7, 4, 12, 16, 8
2_4_12 3, 11
1_2_06 16
7_29_16 12, 4, 8, 16, 9, 1, 5
5_29_10 9, 1, 5, 13, 6
5_10_20 13, 5, 9, 1, 10
7_9_12 9, 1, 5, 13, 10, 2, 6
4_15_18 13, 5, 9, 1
1_4_12 11
3_7_14 9, 1, 13
5_1_22 12, 4, 8, 16, 13
1_2_04 15
3_30_16 8, 16, 4
1_13_06 7
7_14_02 5, 13, 1, 9, 14, 6, 10
2_11_20 13, 5
5_5_08 6, 14, 2, 10, 7
4_30_12 10, 2, 6, 14
3_23_04 4, 12, 8
5_1_02 2, 10, 14, 6, 3
6_19_02 2, 10, 14, 6, 3, 11
7_4_18 10, 2, 6, 14, 15, 7, 11
3_5_16 10, 2, 6
7_25_06 6, 14, 2, 10, 7, 15, 3
3_7_20 12, 4, 16
7_14_04 6, 14, 2, 10, 15, 7, 11
3_1_14 8, 16, 4
3_2_18 6, 14, 2
2_26_06 2, 10
1_17_14 8
4_9_06 6, 14, 2, 10
2_1_00 1, 9
6_28_18 12, 4, 8, 16, 9, 1
3_24_04 16, 8, 4
4_6_02 3, 11, 15, 7
2_10_02 16, 8
8_3_22 12, 4, 8, 16, 13, 5, 9, 1
4_10_18 12, 4, 8, 16
2_2_10 2, 10
2_29_22 15, 7
4_14_14 11, 3, 7, 15
8_14_18 13, 5, 9, 1, 10, 2, 6, 14
4_1_10 6, 14, 2, 10
7_28_08 7, 15, 3, 11, 12, 4, 8
6_19_12 7, 15, 3, 11, 8, 16
2_20_06 16, 8
6_26_12 9, 1, 5, 13, 6, 14
4_31_04 6, 14, 2, 10
7_31_02 5, 13, 1, 9, 10, 2, 6
5_8_02 3, 11, 15, 7, 8
8_7_14 9, 1, 5, 13, 10, 2, 6, 14
5_30_20 14, 6, 10, 2, 7
1_31_14 3
7_22_08 6, 14, 2, 10, 3, 11, 15
4_15_22 15, 7, 11, 3
2_26_16 7, 15
3_10_10 4, 12, 16
8_9_06 6, 14, 2, 10, 7, 15, 3, 11
2_28_22 10, 2
7_25_16 11, 3, 7, 15, 12, 4, 8
7_21_22 13, 5, 9, 1, 14, 6, 10
3_19_18 10, 2, 14
2_15_10 9, 1
4_7_02 3, 11, 15, 7
5_5_04 4, 12, 16, 8, 5
1_9_02 4
7_1_12 7, 15, 3, 11, 8, 16, 4
6_11_02 4, 12, 16, 8, 5, 13
5_22_12 8, 16, 4, 12, 5
4_12_18 12, 4, 8, 16
3_29_16 12, 4, 8
1_21_20 12
5_30_18 13, 5, 9, 1, 6
8_19_14 8, 16, 4, 12, 9, 1, 5, 13
8_26_22 14, 6, 10, 2, 15, 7, 11, 3
3_20_10 2, 10, 6
8_22_08 6, 14, 2, 10, 7, 15, 3, 11
8_6_22 13, 5, 9, 1, 14, 6, 10, 2
7_11_06 6, 14, 2, 10, 15, 7, 11
5_22_18 11, 3, 7, 15, 8
7_18_16 9, 1, 5, 13, 6, 14, 2
4_25_04 5, 13, 1, 9
7_25_08 7, 15, 3, 11, 8, 16, 4
2_7_04 4, 12
5_13_00 4, 12, 16, 8, 1
1_7_14 1
6_29_04 6, 14, 2, 10, 3, 11
4_21_00 2, 10, 14, 6
1_15_08 16
7_6_04 4, 12, 16, 8, 1, 9, 13
8_23_14 9, 1, 5, 13, 10, 2, 6, 14
4_8_04 4, 12, 16, 8
4_15_22 15, 7, 11, 3
8_9_00 3, 11, 15, 7, 4, 12, 16, 8
8_17_08 5, 13, 1, 9, 6, 14, 2, 10
5_29_04 6, 14, 2, 10, 3
7_23_12 8, 16, 4, 12, 1, 9, 13
7_6_16 10, 2, 6, 14, 7, 15, 3
3_2_20 7, 15, 3
2_24_18 7, 15
5_31_12 10, 2, 6, 14, 15
2_23_14 9, 1
8_21_10 7, 15, 3, 11, 8, 16, 4, 12
6_14_20 14, 6, 10, 2, 7, 15
2_16_02 1, 9
4_9_14 10, 2, 6, 14
6_4_10 6, 14, 2, 10, 3, 11
5_7_18 11, 3, 7, 15, 4
8_14_04 6, 14, 2, 10, 3, 11, 15, 7
8_27_08 7, 15, 3, 11, 8, 16, 4, 12
3_18_04 15, 7, 11
2_26_00 15, 7
1_12_18 16
6_31_02 5, 13, 1, 9, 2, 10
4_12_14 10, 2, 6, 14
1_11_06 14
6_23_04 4, 12, 16, 8, 5, 13
4_4_10 6, 14, 2, 10
3_19_16 9, 1, 13
6_5_10 7, 15, 3, 11, 8, 16
7_17_20 11, 3, 7, 15, 12, 4, 8
7_3_02 2, 10, 14, 6, 11, 3, 7
8_9_02 4, 12, 16, 8, 5, 13, 1, 9
6_24_12 8, 16, 4, 12, 5, 13
7_25_06 6, 14, 2, 10, 7, 15, 3
6_3_16 9, 1, 5, 13, 10, 2
3_4_04 15, 7, 3
8_4_16 9, 1, 5, 13, 10, 2, 6, 14
2_9_18 12, 4
2_8_14 5, 13
3_25_04 5, 13, 1
2_21_14 9, 1
5_23_16 10, 2, 6, 14, 3
1_5_12 8
4_12_06 6, 14, 2, 10
4_15_08 8, 16, 12
7_26_02 4, 12, 16, 8, 1, 9, 13
8_20_14 8, 16, 4, 12, 9, 1, 5, 13
5_26_10 8, 16, 4, 12, 5
3_21_04 4, 12, 16
8_5_16 10, 2, 6, 14, 11, 3, 7, 15
3_4_00 13, 5, 1
4_18_06 4, 12, 16, 8
6_24_04 4, 12, 16, 8, 1, 9
7_28_08 7, 15, 3, 11, 12, 4, 8
5_9_12 9, 1, 5, 13, 10
8_23_00 2, 10, 14, 6, 3, 11, 15, 7
6_13_12 10, 2, 6, 14, 7, 15
7_15_02 5, 13, 1, 9, 10, 2, 6
6_22_20 12, 4, 8, 16, 9, 1
6_28_02 4, 12, 16, 8, 1, 9
4_1_02 2, 10, 14, 6
2_9_12 9, 1
6_13_12 10, 2, 6, 14, 7, 15
6_20_02 2, 10, 14, 6, 15, 7
4_4_08 5, 13, 1, 9
3_1_10 6, 14, 2
5_22_12 8, 16, 4, 12, 5
7_19_14 8, 16, 4, 12, 1, 9, 13
8_14_20 14, 6, 10, 2, 11, 3, 7, 15
5_4_18 10, 2, 6, 14, 15
1_10_14 6
5_20_04 3, 11, 15, 7, 8
3_23_08 6, 14, 10
1_15_08 16
3_7_10 7, 15, 11
2_28_04 1, 9
5_26_22 14, 6, 10, 2, 11
3_25_06 6, 14, 2
6_10_14 10, 2, 6, 14, 7, 15
2_10_22 10, 2
4_29_06 7, 15, 3, 11
3_1_18 10, 2, 6
7_7_16 10, 2, 6, 14, 3, 11, 15
5_9_10 8, 16, 4, 12, 9
3_15_20 14, 6, 2
6_10_10 8, 16, 4, 12, 5, 13
1_15_10 1
8_1_20 11, 3, 7, 15, 12, 4, 8, 16
3_6_18 7, 15, 3
5_31_22 15, 7, 11, 3, 4
4_29_14 11, 3, 7, 15
8_1_14 8, 16, 4, 12, 9, 1, 5, 13
5_17_10 6, 14, 2, 10, 7
2_30_18 9, 1
1_30_08 4
3_23_18 11, 3, 15
1_10_12 5
4_16_20 14, 6, 10, 2
5_27_02 4, 12, 16, 8, 13
7_25_02 4, 12, 16, 8, 5, 13, 1
2_27_16 11, 3
1_13_08 8
8_17_08 5, 13, 1, 9, 6, 14, 2, 10
7_7_16 10, 2, 6, 14, 3, 11, 15
7_23_18 11, 3, 7, 15, 4, 12, 16
6_26_02 4, 12, 16, 8, 1, 9
4_3_12 7, 15, 3, 11
2_17_20 11, 3
3_6_08 2, 10, 14
3_31_14 11, 3, 15
4_9_18 12, 4, 8, 16
8_25_14 10, 2, 6, 14, 11, 3, 7, 15
2_15_02 5, 13
7_12_14 10, 2, 6, 14, 15, 7, 11
2_7_08 6, 14
3_7_10 7, 15, 11
1_22_02 15
6_7_16 10, 2, 6, 14, 11, 3
2_15_20 14, 6
7_30_08 8, 16, 4, 12, 1, 9, 13
7_6_20 12, 4, 8, 16, 9, 1, 5
5_22_16 10, 2, 6, 14, 7
2_3_12 7, 15
8_1_06 4, 12, 16, 8, 5, 13, 1, 9
3_3_08 5, 13, 9
2_19_18 10, 2
2_21_08 6, 14
5_19_14 8, 16, 4, 12, 1
6_26_06 6, 14, 2, 10, 3, 11
3_9_10 8, 16, 4
6_31_16 12, 4, 8, 16, 9, 1
7_17_22 12, 4, 8, 16, 13, 5, 9
5_12_14 10, 2, 6, 14, 15
5_24_08 6, 14, 2, 10, 11
8_24_16 10, 2, 6, 14, 11, 3, 7, 15
7_8_16 10, 2, 6, 14, 15, 7, 11
6_11_04 5, 13, 1, 9, 6, 14
5_13_00 4, 12, 16, 8, 1
2_6_04 16, 8
1_9_08 7
7_12_04 5, 13, 1, 9, 10, 2, 6
6_30_02 5, 13, 1, 9, 14, 6
4_24_06 5, 13, 1, 9
2_21_16 10, 2
6_3_00 1, 9, 13, 5, 2, 10
5_6_22 13, 5, 9, 1, 10
7_18_10 6, 14, 2, 10, 3, 11, 15
8_29_18 13, 5, 9, 1, 10, 2, 6, 14
6_15_12 10, 2, 6, 14, 7, 15
5_14_08 8, 16, 4, 12, 1
4_19_16 9, 1, 5, 13
2_12_00 15, 7
3_26_08 3, 11, 15
5_19_02 2, 10, 14, 6, 11
3_7_06 5, 13, 9
1_16_10 13
5_12_10 8, 16, 4, 12, 13
4_15_22 15, 7, 11, 3
7_15_18 13, 5, 9, 1, 2, 10, 14
6_1_18 10, 2, 6, 14, 11, 3
5_11_12 9, 1, 5, 13, 2
5_29_00 4, 12, 16, 8, 1
3_11_22 14, 6, 2
3_7_00 2, 10, 6
5_16_02 5, 13, 1, 9, 6
2_4_16 5, 13
7_28_20 13, 5, 9, 1, 2, 10, 14
1_5_14 9
4_11_16 11, 3, 7, 15
6_9_18 12, 4, 8, 16, 13, 5
1_21_02 3
4_22_04 4, 12, 16, 8
8_4_00 1, 9, 13, 5, 2, 10, 14, 6
4_6_12 8, 16, 4, 12
3_14_20 10, 2, 6
2_10_08 3, 11
5_27_08 7, 15, 3, 11, 16
8_22_16 10, 2, 6, 14, 11, 3, 7, 15
5_15_18 13, 5, 9, 1, 2
3_25_10 8, 16, 4
8_13_10 9, 1, 5, 13, 6, 14, 2, 10
6_13_00 4, 12, 16, 8, 1, 9
3_8_00 14, 6, 2
2_19_04 3, 11
5_14_22 15, 7, 11, 3, 8
7_28_06 6, 14, 2, 10, 11, 3, 7
6_18_06 4, 12, 16, 8, 1, 9
1_4_16 13
1_13_14 11
6_16_12 10, 2, 6, 14, 3, 11
5_24_08 6, 14, 2, 10, 11
8_5_04 4, 12, 16, 8, 5, 13, 1, 9
1_10_20 9
8_20_08 5, 13, 1, 9, 6, 14, 2, 10
6_11_18 12, 4, 8, 16, 13, 5
5_20_20 11, 3, 7, 15, 16
2_31_20 14, 6
7_4_06 4, 12, 16, 8, 9, 1, 5
3_15_06 7, 15, 11
1_15_10 1
2_1_18 10, 2
5_1_00 1, 9, 13, 5, 2
8_22_14 9, 1, 5, 13, 10, 2, 6, 14
1_20_20 15
2_12_14 6, 14
6_9_08 7, 15, 3, 11, 8, 16
8_23_04 4, 12, 16, 8, 5, 13, 1, 9
1_26_22 10
6_26_20 13, 5, 9, 1, 10, 2
2_15_04 6, 14
4_27_08 7, 15, 3, 11
7_2_06 4, 12, 16, 8, 1, 9, 13
8_2_06 4, 12, 16, 8, 5, 13, 1, 9
7_22_02 3, 11, 15, 7, 16, 8, 12
8_5_02 3, 11, 15, 7, 4, 12, 16, 8
1_31_16 4
1_14_08 4
4_23_18 11, 3, 7, 15
7_26_08 7, 15, 3, 11, 4, 12, 16
8_1_00 1, 9, 13, 5, 2, 10, 14, 6
6_6_00 2, 10, 14, 6, 15, 7
8_5_00 2, 10, 14, 6, 3, 11, 15, 7
4_4_16 9, 1, 5, 13
6_4_18 10, 2, 6, 14, 7, 15
7_20_08 5, 13, 1, 9, 10, 2, 6
4_29_10 9, 1, 5, 13
5_20_14 8, 16, 4, 12, 13
7_22_04 4, 12, 16, 8, 1, 9, 13
7_25_14 10, 2, 6, 14, 11, 3, 7
3_9_10 8, 16, 4
2_20_18 6, 14
4_17_06 4, 12, 16, 8
2_27_14 10, 2
7_28_12 9, 1, 5, 13, 14, 6, 10
1_30_04 2
8_26_00 3, 11, 15, 7, 4, 12, 16, 8
5_4_08 5, 13, 1, 9, 10
3_9_06 6, 14, 2
6_6_12 8, 16, 4, 12, 5, 13
1_3_00 9
5_22_12 8, 16, 4, 12, 5
5_16_22 15, 7, 11, 3, 16
5_29_04 6, 14, 2, 10, 3
1_23_16 2
8_6_10 7, 15, 3, 11, 8, 16, 4, 12
6_24_16 10, 2, 6, 14, 7, 15
8_19_14 8, 16, 4, 12, 9, 1, 5, 13
6_29_00 4, 12, 16, 8, 1, 9
2_17_22 12, 4
4_3_22 12, 4, 8, 16
1_10_10 4
2_25_04 5, 13
8_3_12 7, 15, 3, 11, 8, 16, 4, 12
2_19_14 8, 16
4_16_14 11, 3, 7, 15
5_15_20 14, 6, 10, 2, 3
1_29_22 15
3_12_00 15, 7, 3
7_4_10 6, 14, 2, 10, 11, 3, 7
8_13_04 6, 14, 2, 10, 3, 11, 15, 7
2_31_10 9, 1
6_9_04 5, 13, 1, 9, 6, 14
4_4_20 11, 3, 7, 15
7_20_00 1, 9, 13, 5, 6, 14, 2
5_26_16 11, 3, 7, 15, 8
1_14_14 7
3_15_22 15, 7, 3
3_4_14 4, 12, 8
6_10_22 14, 6, 10, 2, 11, 3
1_21_14 9
4_27_00 3, 11, 15, 7
3_10_04 1, 9, 13
6_20_10 6, 14, 2, 10, 3, 11
6_27_04 5, 13, 1, 9, 6, 14
4_19_06 4, 12, 16, 8
6_17_16 9, 1, 5, 13, 10, 2
3_16_20 10, 2, 14
3_6_16 6, 14, 2
1_7_12 16
8_24_00 2, 10, 14, 6, 3, 11, 15, 7
7_20_06 4, 12, 16, 8, 9, 1, 5
1_8_22 1
4_20_04 3, 11, 15, 7
5_28_06 6, 14, 2, 10, 11
2_18_20 7, 15
2_19_16 9, 1
7_3_06 4, 12, 16, 8, 13, 5, 9
5_2_16 9, 1, 5, 13, 6
6_27_22 14, 6, 10, 2, 15, 7
6_1_08 5, 13, 1, 9, 6, 14
8_12_14 10, 2, 6, 14, 11, 3, 7, 15
8_23_14 9, 1, 5, 13, 10, 2, 6, 14
7_27_20 13, 5, 9, 1, 6, 14, 2
2_18_16 5, 13
1_12_16 15
7_15_02 5, 13, 1, 9, 10, 2, 6
5_28_16 11, 3, 7, 15, 16
2_17_20 11, 3
3_26_10 4, 12, 16
4_6_22 13, 5, 9, 1
1_21_10 7
3_31_20 14, 6, 2
1_3_22 4
8_15_10 9, 1, 5, 13, 6, 14, 2, 10
8_18_06 4, 12, 16, 8, 5, 13, 1, 9
8_14_18 13, 5, 9, 1, 10, 2, 6, 14
8_10_10 8, 16, 4, 12, 9, 1, 5, 13
3_13_02 5, 13, 1
1_14_00 16
3_24_18 7, 15, 11
6_2_10 6, 14, 2, 10, 3, 11
2_26_04 1, 9
6_16_16 12, 4, 8, 16, 5, 13
6_24_14 9, 1, 5, 13, 6, 14
7_2_06 4, 12, 16, 8, 1, 9, 13
3_21_18 11, 3, 7
6_10_04 5, 13, 1, 9, 2, 10
8_9_20 13, 5, 9, 1, 14, 6, 10, 2
3_11_20 13, 5, 1
7_15_18 13, 5, 9, 1, 2, 10, 14
7_25_14 10, 2, 6, 14, 11, 3, 7
6_8_04 4, 12, 16, 8, 1, 9
6_7_22 13, 5, 9, 1, 14, 6
5_4_14 8, 16, 4, 12, 13
6_2_02 2, 10, 14, 6, 15, 7
3_27_20 13, 5, 1
6_17_06 4, 12, 16, 8, 5, 13
4_13_02 5, 13, 1, 9
6_28_06 6, 14, 2, 10, 3, 11
2_3_14 8, 16
8_16_08 8, 16, 4, 12, 5, 13, 1, 9
2_4_06 16, 8
8_25_14 10, 2, 6, 14, 11, 3, 7, 15
6_3_14 8, 16, 4, 12, 9, 1
8_11_14 10, 2, 6, 14, 11, 3, 7, 15
5_12_14 10, 2, 6, 14, 15
6_20_00 1, 9, 13, 5, 14, 6
2_28_06 2, 10
7_9_04 5, 13, 1, 9, 6, 14, 2
2_1_08 5, 13
6_3_00 1, 9, 13, 5, 2, 10
5_6_18 11, 3, 7, 15, 8
7_19_10 6, 14, 2, 10, 15, 7, 11
7_11_14 10, 2, 6, 14, 3, 11, 15
8_31_04 6, 14, 2, 10, 3, 11, 15, 7
5_7_08 6, 14, 2, 10, 15
4_6_08 6, 14, 2, 10
3_1_18 10, 2, 6
3_28_12 5, 13, 9
1_16_08 12
2_18_20 7, 15
3_13_12 10, 2, 6
4_6_12 8, 16, 4, 12
7_12_08 7, 15, 3, 11, 12, 4, 8
6_23_16 10, 2, 6, 14, 11, 3
6_12_20 13, 5, 9, 1, 10, 2
8_3_00 1, 9, 13, 5, 2, 10, 14, 6
7_20_02 2, 10, 14, 6, 7, 15, 3
3_8_12 4, 12, 8
8_22_00 2, 10, 14, 6, 3, 11, 15, 7
3_11_18 12, 4, 16
6_4_08 5, 13, 1, 9, 2, 10
2_12_22 10, 2
8_17_18 10, 2, 6, 14, 11, 3, 7, 15
1_20_08 9
1_31_14 3
2_6_14 5, 13
1_15_22 7
8_2_00 1, 9, 13, 5, 2, 10, 14, 6
4_19_14 8, 16, 4, 12
4_4_20 11, 3, 7, 15
4_11_16 11, 3, 7, 15
5_24_00 2, 10, 14, 6, 7
3_1_00 1, 9, 13
7_21_00 2, 10, 14, 6, 3, 11, 15
1_11_12 1
7_27_12 9, 1, 5, 13, 2, 10, 14
4_15_16 12, 4, 8, 16
5_6_16 10, 2, 6, 14, 7
4_20_12 7, 15, 3, 11
2_16_00 16, 8
7_16_00 4, 12, 16, 8, 5, 13, 1
2_18_22 8, 16
4_14_14 11, 3, 7, 15
2_5_22 13, 5
8_19_08 5, 13, 1, 9, 6, 14, 2, 10
2_29_00 4,12
7_4_14 8, 16, 4, 12, 13, 5, 9
4_5_12 8, 16, 4, 12
3_21_22 13, 5, 9
5_4_18 10, 2, 6, 14, 15
2_7_10 7, 15
4_23_04 4, 12, 16, 8
8_7_20 12, 4, 8, 16, 13, 5, 9, 1
5_8_22 13, 5, 9, 1, 2
7_29_08 8, 16, 4, 12, 5, 13, 1
7_15_22 15, 7, 11, 3, 4, 12, 16
8_9_10 8, 16, 4, 12, 9, 1, 5, 13
6_8_12 8, 16, 4, 12, 5, 13
4_12_12 9, 1, 5, 13
4_20_00 1, 9, 13, 5
6_5_04 4, 12, 16, 8, 5, 13
5_25_10 8, 16, 4, 12, 9
2_9_08 7, 15
3_24_02 15, 7, 3
4_31_14 11, 3, 7, 15
8_1_10 6, 14, 2, 10, 7, 15, 3, 11
8_28_04 5, 13, 1, 9, 6, 14, 2, 10
1_24_18 15
6_17_16 9, 1, 5, 13, 10, 2
7_3_22 12, 4, 8, 16, 5, 13, 1
2_15_22 15, 7
7_7_06 5, 13, 1, 9, 14, 6, 10
1_22_04 16
6_27_08 7, 15, 3, 11, 8, 16
1_24_04 8
6_4_02 2, 10, 14, 6, 15, 7
2_4_06 16, 8
5_28_00 3, 11, 15, 7, 8
8_21_00 2, 10, 14, 6, 3, 11, 15, 7
7_15_04 6, 14, 2, 10, 11, 3, 7
3_12_20 9, 1, 13
1_15_18 5
1_11_18 4
3_19_08 5, 13, 9
2_10_20 9, 1
6_25_10 8, 16, 4, 12, 9, 1
1_24_06 9
4_2_22 12, 4, 8, 16
5_22_16 10, 2, 6, 14, 7
8_14_20 14, 6, 10, 2, 11, 3, 7, 15
8_8_22 13, 5, 9, 1, 14, 6, 10, 2
1_4_06 8
5_11_16 11, 3, 7, 15, 4
1_26_02 16
1_28_12 13
8_26_00 3, 11, 15, 7, 4, 12, 16, 8
5_26_22 14, 6, 10, 2, 11
3_5_08 6, 14, 2
5_16_10 9, 1, 5, 13, 10
7_27_22 14, 6, 10, 2, 7, 15, 3
6_16_22 15, 7, 11, 3, 8, 16
5_3_18 10, 2, 6, 14, 3
6_3_10 6, 14, 2, 10, 7, 15
6_26_12 9, 1, 5, 13, 6, 14
3_22_04 16, 8, 12
6_8_06 5, 13, 1, 9, 2, 10
8_27_14 10, 2, 6, 14, 11, 3, 7, 15
6_31_12 10, 2, 6, 14, 7, 15
4_23_08 6, 14, 2, 10
6_26_06 6, 14, 2, 10, 3, 11
8_11_18 12, 4, 8, 16, 13, 5, 9, 1
4_24_12 8, 16, 4, 12
5_30_06 7, 15, 3, 11, 16
2_19_22 12, 4
1_28_08 11
3_19_08 5, 13, 9
7_8_00 2, 10, 14, 6, 7, 15, 3
1_29_22 15
3_21_18 11, 3, 7
6_21_02 3, 11, 15, 7, 4, 12
2_20_02 14, 6
5_17_08 5, 13, 1, 9, 6
3_27_00 3, 11, 7
7_30_16 12, 4, 8, 16, 5, 13, 1
7_19_10 6, 14, 2, 10, 15, 7, 11
3_18_20 7, 15, 3
2_20_12 3, 11
2_15_02 5, 13
3_15_00 4,12, 8
4_25_06 6, 14, 2, 10
8_14_06 7, 15, 3, 11, 4, 12, 16, 8
5_14_16 12, 4, 8, 16, 5
6_13_22 15, 7, 11, 3, 12, 4
4_1_00 1, 9, 13, 5
4_28_02 4, 12, 16, 8
5_4_00 1, 9, 13, 5, 6
8_6_06 5, 13, 1, 9, 6, 14, 2, 10
5_30_12 10, 2, 6, 14, 3
4_28_22 14, 6, 10, 2
2_6_00 14, 6
2_16_10 5, 13
4_9_02 4, 12, 16, 8
3_30_06 3, 11, 15
7_27_16 11, 3, 7, 15, 4, 12, 16
4_13_12 10, 2, 6, 14
8_27_02 4, 12, 16, 8, 5, 13, 1, 9
6_19_20 11, 3, 7, 15, 12, 4
6_19_02 2, 10, 14, 6, 3, 11
4_1_08 5, 13, 1, 9
5_31_18 13, 5, 9, 1, 2
2_25_16 11, 3
6_4_18 10, 2, 6, 14, 7, 15
5_3_14 8, 16, 4, 12, 1
4_13_18 13, 5, 9, 1
6_26_18 12, 4, 8, 16, 9, 1
3_13_06 7, 15, 3
2_6_12 4, 12
5_18_06 4, 12, 16, 8, 1
5_8_14 9, 1, 5, 13, 14
8_7_06 5, 13, 1, 9, 6, 14, 2, 10
7_10_20 13, 5, 9, 1, 10, 2, 6
4_24_12 8, 16, 4, 12
8_22_12 8, 16, 4, 12, 9, 1, 5, 13
5_30_04 6, 14, 2, 10, 15
7_28_18 12, 4, 8, 16, 1, 9, 13
6_19_12 7, 15, 3, 11, 8, 16
2_10_20 9, 1
7_25_14 10, 2, 6, 14, 11, 3, 7
1_20_08 9
6_12_00 3, 11, 15, 7, 16, 8
1_3_18 2
7_16_14 11, 3, 7, 15, 12, 4, 8
1_10_10 4
4_15_22 15, 7, 11, 3
2_28_14 6, 14
8_9_22 14, 6, 10, 2, 15, 7, 11, 3
5_29_04 6, 14, 2, 10, 3
6_26_12 9, 1, 5, 13, 6, 14
6_27_08 7, 15, 3, 11, 8, 16
3_24_06 1, 9, 5
4_9_10 8, 16, 4, 12
3_28_06 2, 10, 6
5_15_22 15, 7, 11, 3, 4
1_11_18 4
6_24_18 11, 3, 7, 15, 8, 16
1_23_02 11
5_12_14 10, 2, 6, 14, 15
3_24_00 14, 6, 2
6_15_06 7, 15, 3, 11, 4, 12
7_20_04 3, 11, 15, 7, 8, 16, 4
4_20_06 4, 12, 16, 8
8_8_12 8, 16, 4, 12, 9, 1, 5, 13
5_31_10 9, 1, 5, 13, 14
8_1_12 7, 15, 3, 11, 8, 16, 4, 12
8_11_02 4, 12, 16, 8, 5, 13, 1, 9
2_7_20 12, 4
8_5_18 11, 3, 7, 15, 12, 4, 8, 16
1_24_06 9
3_9_18 12, 4, 8
7_14_08 8, 16, 4, 12, 1, 9, 13
7_8_18 11, 3, 7, 15, 16, 8, 12
3_5_16 10, 2, 6
3_18_22 8, 16, 4
2_22_02 15, 7
4_8_20 12, 4, 8, 16
6_31_14 11, 3, 7, 15, 8, 16
7_21_06 5, 13, 1, 9, 6, 14, 2
4_14_06 7, 15, 3, 11
8_5_10 7, 15, 3, 11, 8, 16, 4, 12
1_27_04 13
7_26_20 13, 5, 9, 1, 10, 2, 6
4_10_20 13, 5, 9, 1
2_25_12 9, 1
4_18_14 8, 16, 4, 12
1_15_08 16
5_25_10 8, 16, 4, 12, 9
5_2_10 6, 14, 2, 10, 3
8_28_12 9, 1, 5, 13, 10, 2, 6, 14
4_10_18 12, 4, 8, 16
2_13_02 5, 13
7_5_14 9, 1, 5, 13, 10, 2, 6
2_11_10 8, 16
6_7_18 11, 3, 7, 15, 12, 4
4_5_06 5, 13, 1, 9
8_14_16 12, 4, 8, 16, 9, 1, 5, 13
8_30_20 14, 6, 10, 2, 11, 3, 7, 15
7_27_10 8, 16, 4, 12, 1, 9, 13
6_26_06 6, 14, 2, 10, 3, 11
8_21_06 5, 13, 1, 9, 6, 14, 2, 10
8_21_20 12, 4, 8, 16, 13, 5, 9, 1
8_31_22 15, 7, 11, 3, 12, 4, 8, 16
7_14_20 14, 6, 10, 2, 7, 15, 3
6_31_04 6, 14, 2, 10, 3, 11
5_5_06 5, 13, 1, 9, 6
6_20_20 11, 3, 7, 15, 8, 16
1_14_14 7
8_29_22 15, 7, 11, 3, 12, 4, 8, 16
6_1_16 9, 1, 5, 13, 10, 2
3_14_16 8, 16, 4
6_1_00 1, 9, 13, 5, 2, 10
2_28_06 2, 10
1_16_20 2
3_27_20 13, 5, 1
5_3_10 6, 14, 2, 10, 15
5_31_06 7, 15, 3, 11, 12
8_26_00 3, 11, 15, 7, 4, 12, 16, 8
4_25_18 12, 4, 8, 16
6_3_16 9, 1, 5, 13, 10, 2
8_16_00 4, 12, 16, 8, 1, 9, 13, 5
5_14_14 11, 3, 7, 15, 4
6_8_18 11, 3, 7, 15, 8, 16
2_17_16 9, 1
4_1_22 12, 4, 8, 16
4_31_02 5, 13, 1, 9
4_14_14 11, 3, 7, 15
6_9_04 5, 13, 1, 9, 6, 14
3_26_04 1, 9, 13
5_30_14 11, 3, 7, 15, 4
3_17_10 6, 14, 2
3_20_10 2, 10, 6
7_1_12 7, 15, 3, 11, 8, 16, 4
1_14_02 1
6_2_18 10, 2, 6, 14, 7, 15
3_4_00 13, 5, 1
4_29_20 14, 6, 10, 2
1_31_02 13
2_22_12 4, 12
2_26_10 4, 12
5_6_06 5, 13, 1, 9, 2
2_16_00 16, 8
1_31_02 13
1_16_00 8
5_26_02 4, 12, 16, 8, 1
4_8_16 10, 2, 6, 14
2_2_18 6, 14
2_15_00 4,12
5_8_06 5, 13, 1, 9, 10
2_17_08 5, 13
5_16_12 10, 2, 6, 14, 11
7_26_20 13, 5, 9, 1, 10, 2, 6
5_30_18 13, 5, 9, 1, 6
5_8_06 5, 13, 1, 9, 10
3_5_08 6, 14, 2
1_31_14 3
3_31_20 14, 6, 2
1_15_20 6
2_23_12 8, 16
1_2_14 4
3_19_14 8, 16, 12
5_10_20 13, 5, 9, 1, 10
1_15_12 2
2_14_04 2, 10
2_19_16 9, 1
3_3_04 3, 11, 7
5_11_00 3, 11, 15, 7, 12
5_4_20 11, 3, 7, 15, 16
1_4_12 11
6_28_02 4, 12, 16, 8, 1, 9
1_16_20 2
4_9_14 10, 2, 6, 14
8_20_20 11, 3, 7, 15, 12, 4, 8, 16
4_18_22 12, 4, 8, 16
6_30_10 9, 1, 5, 13, 2, 10
1_20_00 5
8_4_18 10, 2, 6, 14, 11, 3, 7, 15
8_9_20 13, 5, 9, 1, 14, 6, 10, 2
3_1_00 1, 9, 13
5_26_22 14, 6, 10, 2, 11
1_19_14 16
4_11_12 9, 1, 5, 13
7_15_10 9, 1, 5, 13, 14, 6, 10
5_3_20 11, 3, 7, 15, 4
8_1_12 7, 15, 3, 11, 8, 16, 4, 12
2_13_16 12, 4
6_28_10 8, 16, 4, 12, 5, 13
2_21_00 2, 10
3_22_06 1, 9, 13
6_28_16 11, 3, 7, 15, 8, 16
7_24_02 3, 11, 15, 7, 8, 16, 4
1_17_06 4
1_30_00 16
3_5_12 8, 16, 4
2_22_10 3, 11
7_13_12 10, 2, 6, 14, 7, 15, 3
6_9_02 4, 12, 16, 8, 5, 13
8_4_14 8, 16, 4, 12, 9, 1, 5, 13
5_3_18 10, 2, 6, 14, 3
1_1_20 11
6_22_18 11, 3, 7, 15, 8, 16
4_28_22 14, 6, 10, 2
1_23_12 16
7_5_14 9, 1, 5, 13, 10, 2, 6
4_5_12 8, 16, 4, 12
5_12_18 12, 4, 8, 16, 1
5_1_12 7, 15, 3, 11, 8
2_23_00 2, 10
1_5_20 12
6_19_08 5, 13, 1, 9, 6, 14
5_24_02 3, 11, 15, 7, 8
5_5_04 4, 12, 16, 8, 5
7_2_14 8, 16, 4, 12, 5, 13, 1
4_6_20 12, 4, 8, 16
4_10_18 12, 4, 8, 16
8_8_00 2, 10, 14, 6, 3, 11, 15, 7
7_19_10 6, 14, 2, 10, 15, 7, 11
6_4_14 8, 16, 4, 12, 5, 13
2_6_06 1, 9
8_24_18 11, 3, 7, 15, 12, 4, 8, 16
3_21_08 6, 14, 2
8_7_12 8, 16, 4, 12, 9, 1, 5, 13
1_25_02 4
7_25_10 8, 16, 4, 12, 9, 1, 5
4_28_08 7, 15, 3, 11
5_14_14 11, 3, 7, 15, 4
3_1_02 2, 10, 14
7_14_02 5, 13, 1, 9, 14, 6, 10
1_18_06 16
4_5_08 6, 14, 2, 10
6_27_22 14, 6, 10, 2, 15, 7
4_15_10 9, 1, 5, 13
5_1_12 7, 15, 3, 11, 8
1_17_22 12
4_4_06 4, 12, 16, 8
7_3_02 2, 10, 14, 6, 11, 3, 7
2_15_10 9, 1
3_4_00 13, 5, 1
3_18_00 13, 5, 9
7_4_20 11, 3, 7, 15, 16, 8, 12
8_23_02 3, 11, 15, 7, 4, 12, 16, 8
3_27_02 4, 12, 8
8_18_12 7, 15, 3, 11, 8, 16, 4, 12
4_7_14 9, 1, 5, 13
6_5_10 7, 15, 3, 11, 8, 16
6_26_00 3, 11, 15, 7, 16, 8
2_26_04 1, 9
8_24_10 7, 15, 3, 11, 8, 16, 4, 12
4_11_12 9, 1, 5, 13
8_23_04 4, 12, 16, 8, 5, 13, 1, 9
2_14_22 11, 3
2_5_04 4, 12
5_29_12 10, 2, 6, 14, 7
2_30_10 5, 13
2_17_08 5, 13
1_19_16 1
8_26_10 8, 16, 4, 12, 9, 1, 5, 13
8_25_02 4, 12, 16, 8, 5, 13, 1, 9
8_12_20 13, 5, 9, 1, 14, 6, 10, 2
1_2_20 7
1_13_06 7
1_31_04 14
2_15_14 11, 3
8_25_04 5, 13, 1, 9, 6, 14, 2, 10
3_12_02 16, 8, 4
2_13_12 10, 2
2_4_22 8, 16
4_5_08 6, 14, 2, 10
3_22_02 15, 7, 11
1_5_02 3
6_29_14 11, 3, 7, 15, 8, 16
3_31_18 13, 5, 1
3_9_14 10, 2, 6
4_16_06 7, 15, 3, 11
8_16_16 12, 4, 8, 16, 9, 1, 5, 13
7_27_04 5, 13, 1, 9, 14, 6, 10
6_6_02 3, 11, 15, 7, 16, 8
8_23_16 10, 2, 6, 14, 11, 3, 7, 15
4_22_12 8, 16, 4, 12
4_12_10 8, 16, 4, 12
7_4_22 12, 4, 8, 16, 1, 9, 13
8_27_00 3, 11, 15, 7, 4, 12, 16, 8
1_19_20 3
3_12_18 8, 16, 12
6_7_04 4, 12, 16, 8, 5, 13
8_8_18 11, 3, 7, 15, 12, 4, 8, 16
1_18_08 1
1_21_10 7
6_12_02 4, 12, 16, 8, 1, 9
4_8_20 12, 4, 8, 16
7_19_12 7, 15, 3, 11, 16, 8, 12
5_7_00 2, 10, 14, 6, 11
5_17_12 7, 15, 3, 11, 8
6_4_02 2, 10, 14, 6, 15, 7
3_23_18 11, 3, 15
2_31_20 14, 6
6_17_00 1, 9, 13, 5, 2, 10
2_11_06 6, 14
3_13_02 5, 13, 1
5_15_12 10, 2, 6, 14, 15
2_7_08 6, 14
3_27_10 8, 16, 12
7_15_16 12, 4, 8, 16, 1, 9, 13
5_30_10 9, 1, 5, 13, 2
5_31_00 4, 12, 16, 8, 9
2_17_00 1, 9
1_12_22 2
6_4_16 9, 1, 5, 13, 6, 14
4_30_04 6, 14, 2, 10
1_15_18 5
4_31_08 8, 16, 12
7_17_00 1, 9, 13, 5, 2, 10, 14
2_28_12 5, 13
8_31_00 4, 12, 16, 8, 1, 9, 13, 5
3_13_18 13, 5, 9
3_2_18 6, 14, 2
7_2_14 8, 16, 4, 12, 5, 13, 1
3_11_16 11, 3, 15
8_7_20 12, 4, 8, 16, 13, 5, 9, 1
6_30_02 5, 13, 1, 9, 14, 6
1_14_16 8
4_2_04 3, 11, 15, 7
3_24_04 16, 8, 4
4_30_08 8, 16, 4, 12
1_4_00 5
2_25_08 7, 15
1_26_10 4
4_13_18 13, 5, 9, 1
7_22_04 4, 12, 16, 8, 1, 9, 13
1_17_08 5
5_21_10 7, 15, 3, 11, 8
3_11_12 9, 1, 13
7_17_20 11, 3, 7, 15, 12, 4, 8
2_12_16 7, 15
1_19_20 3
3_10_22 10, 2, 6
5_31_04 6, 14, 2, 10, 11
8_14_04 6, 14, 2, 10, 3, 11, 15, 7
2_23_08 6, 14
3_12_20 9, 1, 13
2_13_22 15, 7
5_23_10 7, 15, 3, 11, 16
1_14_02 1
5_24_20 12, 4, 8, 16, 1
3_19_00 1, 9, 5
1_1_08 5
1_18_06 16
4_9_20 13, 5, 9, 1
8_14_08 8, 16, 4, 12, 5, 13, 1, 9
3_16_08 4, 12, 8
6_19_22 12, 4, 8, 16, 13, 5
3_8_00 14, 6, 2
5_6_18 11, 3, 7, 15, 8
7_27_00 3, 11, 15, 7, 12, 4, 8
1_5_02 3
5_1_06 4, 12, 16, 8, 5
6_16_08 8, 16, 4, 12, 1, 9
3_27_14 10, 2, 14
5_27_08 7, 15, 3, 11, 16
1_14_20 10
8_12_02 4, 12, 16, 8, 5, 13, 1, 9
3_28_08 3, 11, 7
6_9_10 8, 16, 4, 12, 9, 1
3_31_12 10, 2, 14
3_17_02 2, 10, 14
7_19_18 10, 2, 6, 14, 3, 11, 15
5_24_02 3, 11, 15, 7, 8
2_10_16 7, 15
6_27_02 4, 12, 16, 8, 5, 13
3_28_22 10, 2, 14
5_13_22 15, 7, 11, 3, 12
3_16_06 3, 11, 7
7_15_12 10, 2, 6, 14, 15, 7, 11
8_31_18 13, 5, 9, 1, 10, 2, 6, 14
4_12_12 9, 1, 5, 13
5_6_06 5, 13, 1, 9, 2
4_8_22 13, 5, 9, 1
6_20_20 11, 3, 7, 15, 8, 16
3_10_10 4, 12, 16
1_21_14 9
6_19_16 9, 1, 5, 13, 10, 2
1_5_08 6
5_6_06 5, 13, 1, 9, 2
5_1_16 9, 1, 5, 13, 10
3_30_14 7, 15, 3
8_21_20 12, 4, 8, 16, 13, 5, 9, 1
5_14_10 9, 1, 5, 13, 2
8_14_06 7, 15, 3, 11, 4, 12, 16, 8
5_29_06 7, 15, 3, 11, 4
6_18_08 5, 13, 1, 9, 2, 10
7_11_20 13, 5, 9, 1, 6, 14, 2
5_21_12 8, 16, 4, 12, 9
5_14_02 5, 13, 1, 9, 14
5_16_16 12, 4, 8, 16, 13
3_31_14 11, 3, 15
1_24_22 1
3_3_18 10, 2, 14
6_12_20 13, 5, 9, 1, 10, 2
4_3_18 10, 2, 6, 14
7_9_06 6, 14, 2, 10, 7, 15, 3
7_6_02 3, 11, 15, 7, 16, 8, 12
5_27_16 11, 3, 7, 15, 4
3_7_18 11, 3, 15
3_9_08 7, 15, 3
1_20_16 13
4_24_04 4, 12, 16, 8
3_11_12 9, 1, 13
2_7_12 8, 16
7_12_12 9, 1, 5, 13, 14, 6, 10
2_9_04 5, 13
4_22_14 9, 1, 5, 13
6_12_20 13, 5, 9, 1, 10, 2
7_9_14 10, 2, 6, 14, 11, 3, 7
7_16_04 6, 14, 2, 10, 7, 15, 3
7_5_10 7, 15, 3, 11, 8, 16, 4
7_16_02 5, 13, 1, 9, 6, 14, 2
2_17_18 10, 2
8_7_00 2, 10, 14, 6, 3, 11, 15, 7
5_30_04 6, 14, 2, 10, 15
3_17_16 9, 1, 5
4_2_02 2, 10, 14, 6
3_24_22 9, 1, 13
8_7_14 9, 1, 5, 13, 10, 2, 6, 14
2_25_16 11, 3
6_30_02 5, 13, 1, 9, 14, 6
6_28_14 10, 2, 6, 14, 7, 15
3_27_16 11, 3, 15
1_16_14 15
4_12_08 7, 15, 3, 11
8_10_22 14, 6, 10, 2, 15, 7, 11, 3
8_5_02 3, 11, 15, 7, 4, 12, 16, 8
7_13_22 15, 7, 11, 3, 12, 4, 8
7_28_10 8, 16, 4, 12, 13, 5, 9
2_20_04 15, 7
2_24_14 5, 13
8_22_10 7, 15, 3, 11, 8, 16, 4, 12
2_18_00 13, 5
8_4_00 1, 9, 13, 5, 2, 10, 14, 6
8_3_06 4, 12, 16, 8, 5, 13, 1, 9
3_5_16 10, 2, 6
3_6_08 2, 10, 14
2_20_02 14, 6
8_12_20 13, 5, 9, 1, 14, 6, 10, 2
4_12_08 7, 15, 3, 11
2_23_04 4, 12
7_7_08 6, 14, 2, 10, 15, 7, 11
5_28_20 13, 5, 9, 1, 2
5_18_16 9, 1, 5, 13, 6
6_1_18 10, 2, 6, 14, 11, 3
1_6_12 4
2_28_08 3, 11
1_6_08 2
4_27_16 11, 3, 7, 15
3_31_12 10, 2, 14
8_11_06 6, 14, 2, 10, 7, 15, 3, 11
1_19_10 14
1_18_14 4
6_23_00 2, 10, 14, 6, 3, 11
7_20_00 1, 9, 13, 5, 6, 14, 2
6_26_06 6, 14, 2, 10, 3, 11
5_16_02 5, 13, 1, 9, 6
7_27_20 13, 5, 9, 1, 6, 14, 2
1_17_22 12
4_4_00 1, 9, 13, 5
5_15_06 7, 15, 3, 11, 12
3_13_20 14, 6, 10
4_29_18 13, 5, 9, 1
7_10_16 11, 3, 7, 15, 8, 16, 4
1_4_16 13
6_28_22 14, 6, 10, 2, 11, 3
4_4_00 1, 9, 13, 5
7_3_16 9, 1, 5, 13, 2, 10, 14
4_14_14 11, 3, 7, 15
1_15_10 1
2_30_06 3, 11
8_21_04 4, 12, 16, 8, 5, 13, 1, 9
1_30_22 11
1_1_00 1
2_8_16 6, 14
1_30_08 4
8_11_10 8, 16, 4, 12, 9, 1, 5, 13
7_12_16 11, 3, 7, 15, 16, 8, 12
6_12_08 7, 15, 3, 11, 4, 12
2_11_22 14, 6
7_29_12 10, 2, 6, 14, 7, 15, 3
6_17_18 10, 2, 6, 14, 11, 3
8_7_14 9, 1, 5, 13, 10, 2, 6, 14
4_27_22 14, 6, 10, 2
1_19_04 11
5_16_14 11, 3, 7, 15, 12
3_9_06 6, 14, 2
4_11_06 6, 14, 2, 10
5_23_04 4, 12, 16, 8, 13
1_9_18 12
6_1_12 7, 15, 3, 11, 8, 16
6_5_08 6, 14, 2, 10, 7, 15
1_2_14 4
2_27_04 5, 13
4_2_02 2, 10, 14, 6
5_24_16 10, 2, 6, 14, 15
6_29_22 15, 7, 11, 3, 12, 4
7_20_14 8, 16, 4, 12, 13, 5, 9
7_12_20 13, 5, 9, 1, 2, 10, 14
4_17_14 8, 16, 4, 12
7_21_08 6, 14, 2, 10, 7, 15, 3
6_21_10 7, 15, 3, 11, 8, 16
3_30_06 3, 11, 15
1_31_10 1
3_2_20 7, 15, 3
4_12_06 6, 14, 2, 10
5_28_16 11, 3, 7, 15, 16
4_19_14 8, 16, 4, 12
4_14_16 12, 4, 8, 16
5_7_18 11, 3, 7, 15, 4
5_9_22 14, 6, 10, 2, 15
7_20_22 12, 4, 8, 16, 1, 9, 13
2_27_12 9, 1
2_12_14 6, 14
5_16_14 11, 3, 7, 15, 12
6_21_18 11, 3, 7, 15, 12, 4
1_13_22 15
4_11_08 7, 15, 3, 11
4_23_12 8, 16, 4, 12
1_18_10 2
4_21_18 11, 3, 7, 15
5_14_20 14, 6, 10, 2, 7
3_30_22 11, 3, 7
5_14_04 6, 14, 2, 10, 15
3_22_22 9, 1, 5
6_29_20 14, 6, 10, 2, 11, 3
1_14_08 4
3_26_12 5, 13, 1
8_2_10 6, 14, 2, 10, 7, 15, 3, 11
8_9_20 13, 5, 9, 1, 14, 6, 10, 2
8_18_14 8, 16, 4, 12, 9, 1, 5, 13
1_18_14 4
1_27_02 12
7_4_16 9, 1, 5, 13, 14, 6, 10
1_3_06 12
1_2_08 1
3_2_18 6, 14, 2
2_5_02 3, 11
3_22_20 8, 16, 4
3_30_02 1, 9, 13
6_19_06 4, 12, 16, 8, 5, 13
4_4_12 7, 15, 3, 11
4_9_16 11, 3, 7, 15
5_26_16 11, 3, 7, 15, 8
1_13_06 7
4_13_16 12, 4, 8, 16
5_8_12 8, 16, 4, 12, 13
3_10_12 5, 13, 1
4_20_14 8, 16, 4, 12
2_7_02 3, 11
8_11_18 12, 4, 8, 16, 13, 5, 9, 1
3_18_00 13, 5, 9
5_10_20 13, 5, 9, 1, 10
8_22_02 3, 11, 15, 7, 4, 12, 16, 8
2_31_04 6, 14
8_13_14 11, 3, 7, 15, 8, 16, 4, 12
4_17_22 12, 4, 8, 16
1_15_20 6
8_30_04 6, 14, 2, 10, 3, 11, 15, 7
3_25_12 9, 1, 5
2_19_04 3, 11
7_29_12 10, 2, 6, 14, 7, 15, 3
8_14_08 8, 16, 4, 12, 5, 13, 1, 9
1_2_18 6
6_17_16 9, 1, 5, 13, 10, 2
2_18_22 8, 16
3_16_00 16, 8, 4
5_23_12 8, 16, 4, 12, 1
3_31_10 9, 1, 13
7_19_04 3, 11, 15, 7, 12, 4, 8
6_2_16 9, 1, 5, 13, 6, 14
8_12_22 14, 6, 10, 2, 15, 7, 11, 3
7_8_16 10, 2, 6, 14, 15, 7, 11
7_29_04 6, 14, 2, 10, 3, 11, 15
6_17_20 11, 3, 7, 15, 12, 4
4_8_06 5, 13, 1, 9
2_26_18 8, 16
1_5_14 9
3_10_12 5, 13, 1
8_22_08 6, 14, 2, 10, 7, 15, 3, 11
1_7_06 13
2_13_06 7, 15
2_15_12 10, 2
1_20_10 10
4_4_10 6, 14, 2, 10
1_3_18 2
7_10_08 7, 15, 3, 11, 4, 12, 16
8_15_12 10, 2, 6, 14, 7, 15, 3, 11
8_10_16 11, 3, 7, 15, 12, 4, 8, 16
8_5_22 13, 5, 9, 1, 14, 6, 10, 2
3_10_18 8, 16, 4
5_15_12 10, 2, 6, 14, 15
7_28_22 14, 6, 10, 2, 3, 11, 15
4_5_04 4, 12, 16, 8
6_24_10 7, 15, 3, 11, 4, 12
2_9_12 9, 1
6_21_22 13, 5, 9, 1, 14, 6
1_29_16 12
7_5_10 7, 15, 3, 11, 8, 16, 4
5_31_08 8, 16, 4, 12, 13
6_8_12 8, 16, 4, 12, 5, 13
3_20_20 7, 15, 11
4_22_14 9, 1, 5, 13
8_24_06 5, 13, 1, 9, 6, 14, 2, 10
2_6_20 8, 16
1_19_04 11
1_4_18 14
5_3_06 4, 12, 16, 8, 13
1_17_12 7
5_1_20 11, 3, 7, 15, 12
2_16_08 4, 12
4_4_14 8, 16, 4, 12
2_2_08 1, 9
6_13_10 9, 1, 5, 13, 6, 14
7_26_20 13, 5, 9, 1, 10, 2, 6
8_27_20 13, 5, 9, 1, 14, 6, 10, 2
6_19_10 6, 14, 2, 10, 7, 15
8_27_04 5, 13, 1, 9, 6, 14, 2, 10
4_10_12 9, 1, 5, 13
6_18_00 1, 9, 13, 5, 14, 6
4_21_12 8, 16, 4, 12
6_15_12 10, 2, 6, 14, 7, 15
7_7_06 5, 13, 1, 9, 14, 6, 10
3_24_08 2, 10, 6
6_29_06 7, 15, 3, 11, 4, 12
3_15_02 5, 13, 9
2_6_00 14, 6
5_15_20 14, 6, 10, 2, 3
5_1_16 9, 1, 5, 13, 10
4_17_04 3, 11, 15, 7
6_29_14 11, 3, 7, 15, 8, 16
5_25_06 6, 14, 2, 10, 7
4_29_04 6, 14, 2, 10
8_27_06 6, 14, 2, 10, 7, 15, 3, 11
6_20_18 10, 2, 6, 14, 7, 15
3_7_12 8, 16, 12
4_27_02 4, 12, 16, 8
2_12_22 10, 2
4_1_02 2, 10, 14, 6
6_5_08 6, 14, 2, 10, 7, 15
8_21_10 7, 15, 3, 11, 8, 16, 4, 12
4_2_16 9, 1, 5, 13
5_8_14 9, 1, 5, 13, 14
7_8_12 8, 16, 4, 12, 13, 5, 9
4_4_12 7, 15, 3, 11
6_12_08 7, 15, 3, 11, 4, 12
5_18_22 12, 4, 8, 16, 9
4_26_20 13, 5, 9, 1
8_13_04 6, 14, 2, 10, 3, 11, 15, 7
3_30_10 5, 13, 1
5_6_18 11, 3, 7, 15, 8
1_25_14 10
7_30_14 11, 3, 7, 15, 4, 12, 16
2_9_14 10, 2
4_1_18 10, 2, 6, 14
2_11_02 4, 12
6_25_02 4, 12, 16, 8, 5, 13
4_2_16 9, 1, 5, 13
2_10_22 10, 2
6_20_08 5, 13, 1, 9, 2, 10
1_11_08 15
1_11_04 13
1_30_12 6
5_16_20 14, 6, 10, 2, 15
5_10_12 9, 1, 5, 13, 6
8_12_18 12, 4, 8, 16, 13, 5, 9, 1
5_24_16 10, 2, 6, 14, 15
8_7_12 8, 16, 4, 12, 9, 1, 5, 13
1_14_22 11
6_14_18 13, 5, 9, 1, 6, 14
5_18_06 4, 12, 16, 8, 1
4_30_14 11, 3, 7, 15
7_5_22 13, 5, 9, 1, 14, 6, 10
5_24_16 10, 2, 6, 14, 15
6_25_10 8, 16, 4, 12, 9, 1
6_25_22 14, 6, 10, 2, 15, 7
1_31_16 4
8_27_16 11, 3, 7, 15, 12, 4, 8, 16
6_18_10 6, 14, 2, 10, 3, 11
3_25_06 6, 14, 2
2_3_22 12, 4
5_15_00 4, 12, 16, 8, 9
8_8_20 12, 4, 8, 16, 13, 5, 9, 1
7_10_22 14, 6, 10, 2, 11, 3, 7
4_5_10 7, 15, 3, 11
5_11_20 13, 5, 9, 1, 6
1_14_14 7
7_21_20 12, 4, 8, 16, 13, 5, 9
4_31_02 5, 13, 1, 9
4_16_12 10, 2, 6, 14
2_15_06 7, 15
