7_28_16 11, 3, 7, 15, 16, 8, 12
2_14_06 3, 11
5_11_14 10, 2, 6, 14, 3
5_11_18 12, 4, 8, 16, 5
5_6_12 8, 16, 4, 12, 5
5_30_18 13, 5, 9, 1, 6
2_11_04 5, 13
3_7_06 5, 13, 9
8_27_02 4, 12, 16, 8, 5, 13, 1, 9
3_23_12 8, 16, 12
4_1_16 9, 1, 5, 13
6_2_04 3, 11, 15, 7, 16, 8
8_3_00 1, 9, 13, 5, 2, 10, 14, 6
3_9_04 5, 13, 1
1_25_16 11
2_9_10 8, 16
4_9_00 3, 11, 15, 7
8_9_22 14, 6, 10, 2, 15, 7, 11, 3
5_21_12 8, 16, 4, 12, 9
5_19_18 10, 2, 6, 14, 3
3_22_08 2, 10, 14
7_6_06 5, 13, 1, 9, 2, 10, 14
2_10_14 6, 14
2_7_04 4, 12
7_7_00 2, 10, 14, 6, 11, 3, 7
2_12_16 7, 15
7_10_04 5, 13, 1, 9, 2, 10, 14
4_13_16 12, 4, 8, 16
2_29_04 6, 14
2_5_08 6, 14
5_4_18 10, 2, 6, 14, 15
5_25_06 6, 14, 2, 10, 7
7_14_06 7, 15, 3, 11, 16, 8, 12
4_16_00 4,12, 16, 8
7_6_06 5, 13, 1, 9, 2, 10, 14
4_15_00 4,12, 16, 8
4_11_22 14, 6, 10, 2
4_4_00 1, 9, 13, 5
1_21_18 11
5_22_22 13, 5, 9, 1, 10
2_13_08 8, 16
6_14_16 12, 4, 8, 16, 5, 13
5_31_08 8, 16, 4, 12, 13
4_7_14 9, 1, 5, 13
7_13_20 14, 6, 10, 2, 11, 3, 7
8_9_06 6, 14, 2, 10, 7, 15, 3, 11
7_9_18 12, 4, 8, 16, 13, 5, 9
8_24_10 7, 15, 3, 11, 8, 16, 4, 12
7_9_22 14, 6, 10, 2, 15, 7, 11
3_31_12 10, 2, 14
7_3_00 1, 9, 13, 5, 10, 2, 6
6_29_08 8, 16, 4, 12, 5, 13
5_7_06 5, 13, 1, 9, 14
1_23_08 14
5_5_14 9, 1, 5, 13, 10
1_15_00 12
2_29_12 10, 2
5_31_22 15, 7, 11, 3, 4
4_27_02 4, 12, 16, 8
5_29_14 11, 3, 7, 15, 8
1_16_00 8
6_24_06 5, 13, 1, 9, 2, 10
7_30_04 6, 14, 2, 10, 15, 7, 11
5_28_10 8, 16, 4, 12, 13
5_29_14 11, 3, 7, 15, 8
1_9_04 5
1_22_14 5
2_20_04 15, 7
8_21_16 10, 2, 6, 14, 11, 3, 7, 15
6_20_12 7, 15, 3, 11, 4, 12
7_21_16 10, 2, 6, 14, 11, 3, 7
6_3_10 6, 14, 2, 10, 7, 15
5_15_10 9, 1, 5, 13, 14
4_28_20 13, 5, 9, 1
2_29_22 15, 7
8_22_14 9, 1, 5, 13, 10, 2, 6, 14
6_15_12 10, 2, 6, 14, 7, 15
5_18_12 7, 15, 3, 11, 4
5_24_06 5, 13, 1, 9, 10
3_2_20 7, 15, 3
3_15_22 15, 7, 3
2_8_00 14, 6
1_15_14 3
3_25_06 6, 14, 2
1_11_08 15
6_21_22 13, 5, 9, 1, 14, 6
5_22_10 7, 15, 3, 11, 4
4_4_20 11, 3, 7, 15
1_30_18 9
4_28_00 3, 11, 15, 7
6_9_14 10, 2, 6, 14, 11, 3
5_21_00 2, 10, 14, 6, 3
8_12_02 4, 12, 16, 8, 5, 13, 1, 9
3_14_12 6, 14, 2
6_31_12 10, 2, 6, 14, 7, 15
8_20_02 2, 10, 14, 6, 3, 11, 15, 7
3_12_02 16, 8, 4
5_24_12 8, 16, 4, 12, 13
2_7_12 8, 16
7_21_12 8, 16, 4, 12, 9, 1, 5
3_14_04 2, 10, 14
5_17_00 1, 9, 13, 5, 2
5_15_14 11, 3, 7, 15, 16
4_6_18 11, 3, 7, 15
7_19_20 11, 3, 7, 15, 4, 12, 16
8_23_08 6, 14, 2, 10, 7, 15, 3, 11
7_8_00 2, 10, 14, 6, 7, 15, 3
8_9_18 12, 4, 8, 16, 13, 5, 9, 1
2_10_08 3, 11
5_9_08 7, 15, 3, 11, 8
6_17_20 11, 3, 7, 15, 12, 4
7_31_04 6, 14, 2, 10, 11, 3, 7
8_24_16 10, 2, 6, 14, 11, 3, 7, 15
7_27_02 4, 12, 16, 8, 13, 5, 9
7_5_18 11, 3, 7, 15, 12, 4, 8
4_4_20 11, 3, 7, 15
6_12_14 10, 2, 6, 14, 7, 15
8_5_20 12, 4, 8, 16, 13, 5, 9, 1
6_17_08 5, 13, 1, 9, 6, 14
8_24_02 3, 11, 15, 7, 4, 12, 16, 8
6_31_10 9, 1, 5, 13, 6, 14
1_31_02 13
2_23_16 10, 2
6_15_20 14, 6, 10, 2, 11, 3
8_5_18 11, 3, 7, 15, 12, 4, 8, 16
6_9_16 11, 3, 7, 15, 12, 4
7_6_02 3, 11, 15, 7, 16, 8, 12
5_11_12 9, 1, 5, 13, 2
8_22_12 8, 16, 4, 12, 9, 1, 5, 13
2_5_10 7, 15
1_3_16 1
3_27_02 4, 12, 8
8_28_10 8, 16, 4, 12, 9, 1, 5, 13
7_28_02 4, 12, 16, 8, 9, 1, 5
5_11_10 8, 16, 4, 12, 1
6_16_22 15, 7, 11, 3, 8, 16
5_23_10 7, 15, 3, 11, 16
4_4_16 9, 1, 5, 13
7_19_14 8, 16, 4, 12, 1, 9, 13
8_17_10 6, 14, 2, 10, 7, 15, 3, 11
8_31_20 14, 6, 10, 2, 11, 3, 7, 15
4_28_14 10, 2, 6, 14
8_31_18 13, 5, 9, 1, 10, 2, 6, 14
6_22_02 3, 11, 15, 7, 16, 8
6_2_14 8, 16, 4, 12, 5, 13
4_5_14 9, 1, 5, 13
3_11_00 3, 11, 7
6_26_16 11, 3, 7, 15, 8, 16
1_2_18 6
5_14_22 15, 7, 11, 3, 8
3_2_16 5, 13, 1
5_27_04 5, 13, 1, 9, 14
3_4_20 7, 15, 11
3_29_04 6, 14, 2
8_10_10 8, 16, 4, 12, 9, 1, 5, 13
2_21_14 9, 1
2_24_20 8, 16
1_31_16 4
2_8_08 2, 10
1_23_22 5
8_6_02 3, 11, 15, 7, 4, 12, 16, 8
1_15_02 13
3_5_10 7, 15, 3
2_16_06 3, 11
2_27_04 5, 13
8_1_02 2, 10, 14, 6, 3, 11, 15, 7
4_3_18 10, 2, 6, 14
2_15_16 12, 4
5_7_20 12, 4, 8, 16, 5
2_23_16 10, 2
6_18_10 6, 14, 2, 10, 3, 11
4_25_16 11, 3, 7, 15
1_30_20 10
3_19_22 12, 4, 16
6_23_06 5, 13, 1, 9, 6, 14
3_21_06 5, 13, 1
6_25_10 8, 16, 4, 12, 9, 1
8_6_18 11, 3, 7, 15, 12, 4, 8, 16
3_21_16 10, 2, 6
3_26_08 3, 11, 15
2_29_10 9, 1
1_14_18 9
4_15_10 9, 1, 5, 13
8_6_18 11, 3, 7, 15, 12, 4, 8, 16
5_16_18 13, 5, 9, 1, 14
6_29_02 5, 13, 1, 9, 2, 10
8_19_18 10, 2, 6, 14, 11, 3, 7, 15
2_12_02 16, 8
1_22_22 9
3_23_00 2, 10, 6
2_25_00 3, 11
4_4_20 11, 3, 7, 15
8_25_00 3, 11, 15, 7, 4, 12, 16, 8
5_26_00 3, 11, 15, 7, 16
7_15_20 14, 6, 10, 2, 3, 11, 15
8_3_02 2, 10, 14, 6, 3, 11, 15, 7
7_12_06 6, 14, 2, 10, 11, 3, 7
7_28_18 12, 4, 8, 16, 1, 9, 13
1_9_06 6
6_17_00 1, 9, 13, 5, 2, 10
8_17_00 1, 9, 13, 5, 2, 10, 14, 6
3_19_14 8, 16, 12
3_29_22 15, 7, 11
5_18_20 11, 3, 7, 15, 8
8_8_20 12, 4, 8, 16, 13, 5, 9, 1
6_27_10 8, 16, 4, 12, 9, 1
2_13_06 7, 15
1_25_22 14
8_27_08 7, 15, 3, 11, 8, 16, 4, 12
3_6_22 9, 1, 5
4_19_18 10, 2, 6, 14
4_15_22 15, 7, 11, 3
6_23_18 11, 3, 7, 15, 12, 4
4_13_02 5, 13, 1, 9
6_1_16 9, 1, 5, 13, 10, 2
1_29_16 12
3_30_08 4, 12, 16
1_4_10 10
4_23_14 9, 1, 5, 13
7_1_10 6, 14, 2, 10, 7, 15, 3
3_17_12 7, 15, 3
8_8_00 2, 10, 14, 6, 3, 11, 15, 7
7_18_04 3, 11, 15, 7, 16, 8, 12
4_12_12 9, 1, 5, 13
2_8_18 7, 15
6_27_04 5, 13, 1, 9, 6, 14
3_12_18 8, 16, 12
5_19_20 11, 3, 7, 15, 4
8_30_00 4, 12, 16, 8, 1, 9, 13, 5
4_29_08 8, 16, 4, 12
7_1_04 3, 11, 15, 7, 4, 12, 16
1_23_06 13
5_11_00 3, 11, 15, 7, 12
8_15_06 7, 15, 3, 11, 4, 12, 16, 8
6_12_18 12, 4, 8, 16, 9, 1
6_20_16 9, 1, 5, 13, 6, 14
2_21_02 3, 11
6_16_20 14, 6, 10, 2, 7, 15
2_24_22 9, 1
1_5_14 9
3_12_06 2, 10, 6
3_3_02 2, 10, 6
5_6_02 3, 11, 15, 7, 16
4_24_10 7, 15, 3, 11
5_26_08 7, 15, 3, 11, 4
3_30_16 8, 16, 4
2_9_00 3, 11
5_11_12 9, 1, 5, 13, 2
5_30_08 8, 16, 4, 12, 1
8_29_22 15, 7, 11, 3, 12, 4, 8, 16
6_28_16 11, 3, 7, 15, 8, 16
4_21_12 8, 16, 4, 12
4_8_04 4, 12, 16, 8
5_27_22 14, 6, 10, 2, 7
2_9_00 3, 11
5_29_22 15, 7, 11, 3, 12
1_20_08 9
5_9_12 9, 1, 5, 13, 10
1_28_10 12
2_2_22 8, 16
2_30_06 3, 11
8_19_22 12, 4, 8, 16, 13, 5, 9, 1
1_26_06 2
4_25_14 10, 2, 6, 14
2_26_18 8, 16
8_7_02 3, 11, 15, 7, 4, 12, 16, 8
2_18_04 15, 7
1_10_02 16
8_24_12 8, 16, 4, 12, 9, 1, 5, 13
2_11_22 14, 6
3_29_16 12, 4, 8
3_24_06 1, 9, 5
7_25_04 5, 13, 1, 9, 6, 14, 2
5_9_12 9, 1, 5, 13, 10
5_6_12 8, 16, 4, 12, 5
8_31_10 9, 1, 5, 13, 6, 14, 2, 10
5_9_02 4, 12, 16, 8, 5
8_19_06 4, 12, 16, 8, 5, 13, 1, 9
1_17_16 9
1_9_04 5
3_31_10 9, 1, 13
6_9_04 5, 13, 1, 9, 6, 14
8_4_20 11, 3, 7, 15, 12, 4, 8, 16
1_22_00 14
3_25_10 8, 16, 4
7_3_14 8, 16, 4, 12, 1, 9, 13
8_25_16 11, 3, 7, 15, 12, 4, 8, 16
5_1_10 6, 14, 2, 10, 7
2_23_22 13, 5
6_5_04 4, 12, 16, 8, 5, 13
1_28_14 14
5_22_08 6, 14, 2, 10, 3
7_3_20 11, 3, 7, 15, 4, 12, 16
8_2_14 8, 16, 4, 12, 9, 1, 5, 13
3_1_08 5, 13, 1
8_27_04 5, 13, 1, 9, 6, 14, 2, 10
5_23_14 9, 1, 5, 13, 2
1_11_10 16
4_12_02 4, 12, 16, 8
8_15_16 12, 4, 8, 16, 9, 1, 5, 13
1_15_04 14
7_25_02 4, 12, 16, 8, 5, 13, 1
7_19_08 5, 13, 1, 9, 14, 6, 10
7_9_16 11, 3, 7, 15, 12, 4, 8
1_26_04 1
5_24_04 4, 12, 16, 8, 9
6_11_04 5, 13, 1, 9, 6, 14
2_2_02 14, 6
3_21_22 13, 5, 9
7_8_10 7, 15, 3, 11, 12, 4, 8
5_22_02 3, 11, 15, 7, 16
2_31_08 8, 16
7_5_02 3, 11, 15, 7, 4, 12, 16
7_2_20 11, 3, 7, 15, 8, 16, 4
3_8_18 7, 15, 11
5_21_06 5, 13, 1, 9, 6
6_21_22 13, 5, 9, 1, 14, 6
4_7_06 5, 13, 1, 9
4_13_04 6, 14, 2, 10
3_31_02 5, 13, 9
4_1_00 1, 9, 13, 5
8_23_08 6, 14, 2, 10, 7, 15, 3, 11
6_7_10 7, 15, 3, 11, 8, 16
3_8_04 16, 8, 4
2_3_22 12, 4
2_14_08 4, 12
2_22_14 5, 13
2_23_18 11, 3
7_8_14 9, 1, 5, 13, 14, 6, 10
7_19_12 7, 15, 3, 11, 16, 8, 12
8_31_00 4, 12, 16, 8, 1, 9, 13, 5
2_26_08 3, 11
5_11_02 4, 12, 16, 8, 13
1_9_16 11
1_14_16 8
7_15_10 9, 1, 5, 13, 14, 6, 10
2_10_20 9, 1
2_4_18 6, 14
4_3_04 3, 11, 15, 7
7_14_14 11, 3, 7, 15, 4, 12, 16
3_5_06 5, 13, 1
4_28_04 5, 13, 1, 9
8_2_22 12, 4, 8, 16, 13, 5, 9, 1
7_31_12 10, 2, 6, 14, 15, 7, 11
8_13_02 5, 13, 1, 9, 2, 10, 14, 6
7_14_04 6, 14, 2, 10, 15, 7, 11
1_3_00 9
4_5_18 11, 3, 7, 15
4_22_22 13, 5, 9, 1
2_20_04 15, 7
8_17_12 7, 15, 3, 11, 8, 16, 4, 12
8_23_12 8, 16, 4, 12, 9, 1, 5, 13
4_23_06 5, 13, 1, 9
3_19_02 2, 10, 6
1_11_04 13
2_23_00 2, 10
6_27_04 5, 13, 1, 9, 6, 14
5_29_02 5, 13, 1, 9, 2
6_12_12 9, 1, 5, 13, 6, 14
1_26_02 16
5_9_12 9, 1, 5, 13, 10
5_22_04 4, 12, 16, 8, 1
3_17_22 12, 4, 8
6_26_08 7, 15, 3, 11, 4, 12
8_14_10 9, 1, 5, 13, 6, 14, 2, 10
6_21_22 13, 5, 9, 1, 14, 6
1_13_18 13
5_3_20 11, 3, 7, 15, 4
8_23_22 13, 5, 9, 1, 14, 6, 10, 2
5_9_04 5, 13, 1, 9, 6
5_11_12 9, 1, 5, 13, 2
3_14_10 5, 13, 1
6_5_14 9, 1, 5, 13, 10, 2
7_8_20 12, 4, 8, 16, 1, 9, 13
8_3_02 2, 10, 14, 6, 3, 11, 15, 7
8_10_20 13, 5, 9, 1, 14, 6, 10, 2
6_14_14 11, 3, 7, 15, 4, 12
8_14_04 6, 14, 2, 10, 3, 11, 15, 7
5_11_14 10, 2, 6, 14, 3
3_14_08 4, 12, 16
7_23_18 11, 3, 7, 15, 4, 12, 16
8_7_02 3, 11, 15, 7, 4, 12, 16, 8
4_10_00 3, 11, 15, 7
7_3_10 6, 14, 2, 10, 15, 7, 11
2_6_20 8, 16
7_7_20 12, 4, 8, 16, 5, 13, 1
3_15_10 9, 1, 13
7_6_08 6, 14, 2, 10, 3, 11, 15
1_16_00 8
7_3_00 1, 9, 13, 5, 10, 2, 6
3_2_06 16, 8, 12
2_15_08 8, 16
2_11_08 7, 15
8_14_22 15, 7, 11, 3, 12, 4, 8, 16
5_22_04 4, 12, 16, 8, 1
7_1_02 2, 10, 14, 6, 3, 11, 15
8_15_10 9, 1, 5, 13, 6, 14, 2, 10
3_18_22 8, 16, 4
3_13_14 11, 3, 7
8_4_12 7, 15, 3, 11, 8, 16, 4, 12
7_11_14 10, 2, 6, 14, 3, 11, 15
6_28_18 12, 4, 8, 16, 9, 1
7_15_18 13, 5, 9, 1, 2, 10, 14
1_21_14 9
5_18_06 4, 12, 16, 8, 1
6_10_02 4, 12, 16, 8, 1, 9
5_18_08 5, 13, 1, 9, 2
4_5_10 7, 15, 3, 11
8_3_20 11, 3, 7, 15, 12, 4, 8, 16
4_19_08 5, 13, 1, 9
4_2_12 7, 15, 3, 11
2_18_14 4, 12
2_5_14 9, 1
5_17_04 3, 11, 15, 7, 4
7_8_04 4, 12, 16, 8, 9, 1, 5
8_23_16 10, 2, 6, 14, 11, 3, 7, 15
4_21_12 8, 16, 4, 12
6_11_16 11, 3, 7, 15, 12, 4
4_31_14 11, 3, 7, 15
8_24_00 2, 10, 14, 6, 3, 11, 15, 7
5_8_14 9, 1, 5, 13, 14
5_6_04 4, 12, 16, 8, 1
6_12_16 11, 3, 7, 15, 8, 16
6_10_00 3, 11, 15, 7, 16, 8
5_11_12 9, 1, 5, 13, 2
8_20_20 11, 3, 7, 15, 12, 4, 8, 16
7_9_12 9, 1, 5, 13, 10, 2, 6
3_7_10 7, 15, 11
8_22_14 9, 1, 5, 13, 10, 2, 6, 14
3_30_18 9, 1, 5
4_21_16 10, 2, 6, 14
3_11_02 4, 12, 8
1_29_14 11
3_8_22 9, 1, 13
8_19_14 8, 16, 4, 12, 9, 1, 5, 13
8_11_20 13, 5, 9, 1, 14, 6, 10, 2
2_21_10 7, 15
5_15_02 5, 13, 1, 9, 10
8_2_06 4, 12, 16, 8, 5, 13, 1, 9
2_13_22 15, 7
8_15_14 11, 3, 7, 15, 8, 16, 4, 12
3_23_16 10, 2, 14
1_20_12 11
3_18_22 8, 16, 4
5_3_06 4, 12, 16, 8, 13
2_13_02 5, 13
2_2_18 6, 14
6_21_00 2, 10, 14, 6, 3, 11
5_1_06 4, 12, 16, 8, 5
4_4_12 7, 15, 3, 11
2_21_08 6, 14
2_23_02 3, 11
8_18_06 4, 12, 16, 8, 5, 13, 1, 9
7_28_02 4, 12, 16, 8, 9, 1, 5
4_18_10 6, 14, 2, 10
6_29_12 10, 2, 6, 14, 7, 15
7_2_12 7, 15, 3, 11, 4, 12, 16
2_22_06 1, 9
8_1_16 9, 1, 5, 13, 10, 2, 6, 14
3_26_20 9, 1, 5
3_4_22 8, 16, 12
3_27_20 13, 5, 1
3_1_08 5, 13, 1
4_10_14 10, 2, 6, 14
8_3_14 8, 16, 4, 12, 9, 1, 5, 13
6_29_14 11, 3, 7, 15, 8, 16
6_26_04 5, 13, 1, 9, 2, 10
5_11_14 10, 2, 6, 14, 3
7_7_16 10, 2, 6, 14, 3, 11, 15
8_10_18 12, 4, 8, 16, 13, 5, 9, 1
1_10_10 4
6_11_10 8, 16, 4, 12, 9, 1
5_7_14 9, 1, 5, 13, 2
8_14_18 13, 5, 9, 1, 10, 2, 6, 14
1_1_20 11
1_7_20 4
7_18_00 1, 9, 13, 5, 14, 6, 10
5_15_16 12, 4, 8, 16, 1
5_9_18 12, 4, 8, 16, 13
5_27_04 5, 13, 1, 9, 14
8_26_20 13, 5, 9, 1, 14, 6, 10, 2
6_31_00 4, 12, 16, 8, 1, 9
4_26_12 9, 1, 5, 13
7_7_18 11, 3, 7, 15, 4, 12, 16
8_14_18 13, 5, 9, 1, 10, 2, 6, 14
6_11_12 9, 1, 5, 13, 10, 2
8_22_20 12, 4, 8, 16, 13, 5, 9, 1
3_27_16 11, 3, 15
2_9_08 7, 15
2_15_20 14, 6
1_25_22 14
3_3_14 8, 16, 12
3_24_04 16, 8, 4
1_13_12 10
5_5_00 2, 10, 14, 6, 3
6_21_22 13, 5, 9, 1, 14, 6
4_29_06 7, 15, 3, 11
6_28_04 5, 13, 1, 9, 2, 10
2_7_08 6, 14
8_26_14 10, 2, 6, 14, 11, 3, 7, 15
3_6_20 8, 16, 4
3_5_10 7, 15, 3
5_12_00 3, 11, 15, 7, 8
7_24_00 2, 10, 14, 6, 7, 15, 3
7_20_14 8, 16, 4, 12, 13, 5, 9
7_8_10 7, 15, 3, 11, 12, 4, 8
8_6_20 12, 4, 8, 16, 13, 5, 9, 1
1_17_14 8
3_28_20 9, 1, 13
8_24_06 5, 13, 1, 9, 6, 14, 2, 10
7_8_06 5, 13, 1, 9, 10, 2, 6
1_21_02 3
5_12_20 13, 5, 9, 1, 2
1_13_06 7
7_22_00 2, 10, 14, 6, 15, 7, 11
8_21_14 9, 1, 5, 13, 10, 2, 6, 14
8_5_18 11, 3, 7, 15, 12, 4, 8, 16
1_4_06 8
3_10_10 4, 12, 16
4_10_06 6, 14, 2, 10
1_7_08 14
3_29_18 13, 5, 9
4_7_04 4, 12, 16, 8
3_22_22 9, 1, 5
8_16_20 14, 6, 10, 2, 11, 3, 7, 15
2_24_18 7, 15
3_10_12 5, 13, 1
5_21_22 13, 5, 9, 1, 14
5_6_18 11, 3, 7, 15, 8
2_19_04 3, 11
6_6_04 4, 12, 16, 8, 1, 9
4_29_02 5, 13, 1, 9
6_1_16 9, 1, 5, 13, 10, 2
3_13_04 6, 14, 2
4_14_18 13, 5, 9, 1
3_8_00 14, 6, 2
7_25_20 13, 5, 9, 1, 14, 6, 10
8_8_12 8, 16, 4, 12, 9, 1, 5, 13
7_9_10 8, 16, 4, 12, 9, 1, 5
6_26_10 8, 16, 4, 12, 5, 13
1_3_22 4
3_3_20 11, 3, 15
6_17_10 6, 14, 2, 10, 7, 15
1_27_16 3
3_6_12 4, 12, 16
6_31_02 5, 13, 1, 9, 2, 10
2_8_18 7, 15
3_24_08 2, 10, 6
5_3_06 4, 12, 16, 8, 13
6_23_02 3, 11, 15, 7, 4, 12
3_16_14 7, 15, 11
4_26_06 6, 14, 2, 10
7_9_18 12, 4, 8, 16, 13, 5, 9
6_12_16 11, 3, 7, 15, 8, 16
1_24_06 9
1_2_18 6
2_4_02 14, 6
8_14_04 6, 14, 2, 10, 3, 11, 15, 7
4_31_20 14, 6, 10, 2
4_3_16 9, 1, 5, 13
2_20_12 3, 11
5_7_12 8, 16, 4, 12, 1
7_1_12 7, 15, 3, 11, 8, 16, 4
4_10_12 9, 1, 5, 13
4_20_14 8, 16, 4, 12
8_9_20 13, 5, 9, 1, 14, 6, 10, 2
4_29_20 14, 6, 10, 2
7_18_18 10, 2, 6, 14, 7, 15, 3
5_10_06 6, 14, 2, 10, 3
3_22_02 15, 7, 11
7_6_18 11, 3, 7, 15, 8, 16, 4
3_27_14 10, 2, 14
1_2_06 16
5_26_20 13, 5, 9, 1, 10
8_28_14 10, 2, 6, 14, 11, 3, 7, 15
2_8_00 14, 6
8_8_06 5, 13, 1, 9, 6, 14, 2, 10
8_2_00 1, 9, 13, 5, 2, 10, 14, 6
8_24_08 6, 14, 2, 10, 7, 15, 3, 11
8_6_04 4, 12, 16, 8, 5, 13, 1, 9
8_28_22 14, 6, 10, 2, 15, 7, 11, 3
4_7_02 3, 11, 15, 7
3_19_10 6, 14, 10
5_4_12 7, 15, 3, 11, 12
2_21_00 2, 10
2_31_06 7, 15
6_21_00 2, 10, 14, 6, 3, 11
3_23_14 9, 1, 13
6_4_10 6, 14, 2, 10, 3, 11
4_14_08 8, 16, 4, 12
2_26_06 2, 10
2_10_22 10, 2
5_13_10 9, 1, 5, 13, 6
5_31_00 4, 12, 16, 8, 9
7_15_10 9, 1, 5, 13, 14, 6, 10
2_2_06 16, 8
7_7_20 12, 4, 8, 16, 5, 13, 1
4_18_08 5, 13, 1, 9
6_10_04 5, 13, 1, 9, 2, 10
6_19_08 5, 13, 1, 9, 6, 14
2_26_08 3, 11
4_22_18 11, 3, 7, 15
1_18_12 3
2_21_12 8, 16
3_15_16 12, 4, 16
8_27_10 8, 16, 4, 12, 9, 1, 5, 13
6_21_20 12, 4, 8, 16, 13, 5
2_31_14 11, 3
8_11_08 7, 15, 3, 11, 8, 16, 4, 12
4_6_08 6, 14, 2, 10
2_16_06 3, 11
6_22_00 2, 10, 14, 6, 15, 7
7_28_08 7, 15, 3, 11, 12, 4, 8
8_9_20 13, 5, 9, 1, 14, 6, 10, 2
3_12_04 1, 9, 5
2_23_02 3, 11
6_12_00 3, 11, 15, 7, 16, 8
5_17_02 2, 10, 14, 6, 3
8_14_00 4, 12, 16, 8, 1, 9, 13, 5
1_9_22 14
4_15_00 4,12, 16, 8
5_23_10 7, 15, 3, 11, 16
3_27_06 6, 14, 10
3_5_20 12, 4, 8
1_22_02 15
8_26_10 8, 16, 4, 12, 9, 1, 5, 13
5_17_16 9, 1, 5, 13, 10
7_9_04 5, 13, 1, 9, 6, 14, 2
4_30_12 10, 2, 6, 14
1_26_04 1
7_14_20 14, 6, 10, 2, 7, 15, 3
4_12_20 13, 5, 9, 1
4_4_12 7, 15, 3, 11
8_17_04 3, 11, 15, 7, 4, 12, 16, 8
8_2_00 1, 9, 13, 5, 2, 10, 14, 6
4_20_04 3, 11, 15, 7
8_27_06 6, 14, 2, 10, 7, 15, 3, 11
8_30_08 8, 16, 4, 12, 5, 13, 1, 9
8_31_08 8, 16, 4, 12, 5, 13, 1, 9
6_20_08 5, 13, 1, 9, 2, 10
1_20_02 6
7_16_06 7, 15, 3, 11, 8, 16, 4
3_21_06 5, 13, 1
3_2_20 7, 15, 3
8_13_12 10, 2, 6, 14, 7, 15, 3, 11
1_11_18 4
5_5_04 4, 12, 16, 8, 5
5_13_08 8, 16, 4, 12, 5
3_9_10 8, 16, 4
7_12_16 11, 3, 7, 15, 16, 8, 12
4_24_12 8, 16, 4, 12
5_31_20 14, 6, 10, 2, 3
2_9_04 5, 13
4_18_20 11, 3, 7, 15
6_24_12 8, 16, 4, 12, 5, 13
7_7_16 10, 2, 6, 14, 3, 11, 15
5_24_06 5, 13, 1, 9, 10
1_7_08 14
4_22_12 8, 16, 4, 12
3_26_20 9, 1, 5
1_20_08 9
2_25_00 3, 11
6_21_00 2, 10, 14, 6, 3, 11
5_10_20 13, 5, 9, 1, 10
8_8_04 4, 12, 16, 8, 5, 13, 1, 9
6_13_00 4, 12, 16, 8, 1, 9
8_14_00 4, 12, 16, 8, 1, 9, 13, 5
8_30_16 12, 4, 8, 16, 9, 1, 5, 13
1_1_16 9
2_8_12 4, 12
3_23_14 9, 1, 13
1_9_04 5
7_15_12 10, 2, 6, 14, 15, 7, 11
3_25_10 8, 16, 4
3_29_02 5, 13, 1
6_25_22 14, 6, 10, 2, 15, 7
3_13_14 11, 3, 7
1_14_16 8
2_26_16 7, 15
8_22_18 11, 3, 7, 15, 12, 4, 8, 16
8_7_12 8, 16, 4, 12, 9, 1, 5, 13
7_19_22 12, 4, 8, 16, 5, 13, 1
3_17_22 12, 4, 8
7_28_14 10, 2, 6, 14, 15, 7, 11
2_2_12 3, 11
5_28_10 8, 16, 4, 12, 13
1_8_00 6
3_5_12 8, 16, 4
8_8_02 3, 11, 15, 7, 4, 12, 16, 8
4_2_14 8, 16, 4, 12
2_20_22 8, 16
8_3_02 2, 10, 14, 6, 3, 11, 15, 7
4_13_08 8, 16, 4, 12
2_13_22 15, 7
1_1_12 7
4_25_20 13, 5, 9, 1
5_9_06 6, 14, 2, 10, 7
3_8_12 4, 12, 8
3_20_22 8, 16, 12
3_24_00 14, 6, 2
2_27_02 4, 12
2_7_18 11, 3
7_29_14 11, 3, 7, 15, 8, 16, 4
6_22_08 6, 14, 2, 10, 3, 11
6_5_16 10, 2, 6, 14, 11, 3
1_30_16 8
7_14_18 13, 5, 9, 1, 6, 14, 2
7_29_04 6, 14, 2, 10, 3, 11, 15
6_15_18 13, 5, 9, 1, 10, 2
2_20_10 2, 10
2_11_00 3, 11
2_8_04 16, 8
8_15_04 6, 14, 2, 10, 3, 11, 15, 7
3_17_04 3, 11, 15
7_16_20 14, 6, 10, 2, 15, 7, 11
5_26_04 5, 13, 1, 9, 2
5_21_20 12, 4, 8, 16, 13
7_21_04 4, 12, 16, 8, 5, 13, 1
1_20_16 13
1_12_02 8
7_18_10 6, 14, 2, 10, 3, 11, 15
1_9_22 14
2_7_18 11, 3
4_22_00 2, 10, 14, 6
8_5_02 3, 11, 15, 7, 4, 12, 16, 8
7_7_14 9, 1, 5, 13, 2, 10, 14
1_23_00 10
8_21_02 3, 11, 15, 7, 4, 12, 16, 8
6_4_08 5, 13, 1, 9, 2, 10
2_15_18 13, 5
4_24_14 9, 1, 5, 13
5_8_08 6, 14, 2, 10, 11
5_6_16 10, 2, 6, 14, 7
3_2_06 16, 8, 12
4_31_14 11, 3, 7, 15
2_14_12 6, 14
7_3_22 12, 4, 8, 16, 5, 13, 1
7_19_02 2, 10, 14, 6, 11, 3, 7
5_7_14 9, 1, 5, 13, 2
2_30_02 1, 9
6_23_08 6, 14, 2, 10, 7, 15
8_19_12 7, 15, 3, 11, 8, 16, 4, 12
6_10_00 3, 11, 15, 7, 16, 8
5_4_06 4, 12, 16, 8, 9
5_23_20 12, 4, 8, 16, 5
2_22_08 2, 10
2_18_18 6, 14
7_31_08 8, 16, 4, 12, 13, 5, 9
6_24_06 5, 13, 1, 9, 2, 10
7_15_20 14, 6, 10, 2, 3, 11, 15
5_3_10 6, 14, 2, 10, 15
2_11_06 6, 14
8_7_16 10, 2, 6, 14, 11, 3, 7, 15
2_29_00 4,12
6_23_22 13, 5, 9, 1, 14, 6
5_9_12 9, 1, 5, 13, 10
5_18_20 11, 3, 7, 15, 8
4_25_18 12, 4, 8, 16
6_22_12 8, 16, 4, 12, 5, 13
7_28_06 6, 14, 2, 10, 11, 3, 7
7_26_00 3, 11, 15, 7, 16, 8, 12
5_31_08 8, 16, 4, 12, 13
1_19_00 9
4_2_14 8, 16, 4, 12
1_21_14 9
3_29_06 7, 15, 3
4_7_10 7, 15, 3, 11
7_2_14 8, 16, 4, 12, 5, 13, 1
3_5_20 12, 4, 8
5_25_08 7, 15, 3, 11, 8
8_24_10 7, 15, 3, 11, 8, 16, 4, 12
7_11_10 8, 16, 4, 12, 1, 9, 13
3_4_02 14, 6, 2
4_16_10 9, 1, 5, 13
2_16_12 6, 14
6_30_00 4, 12, 16, 8, 13, 5
4_5_22 13, 5, 9, 1
2_2_22 8, 16
1_2_08 1
4_7_04 4, 12, 16, 8
7_13_06 7, 15, 3, 11, 4, 12, 16
7_14_12 10, 2, 6, 14, 3, 11, 15
1_8_08 10
8_4_16 9, 1, 5, 13, 10, 2, 6, 14
4_21_08 6, 14, 2, 10
4_24_16 10, 2, 6, 14
3_18_04 15, 7, 11
4_31_12 10, 2, 6, 14
8_15_18 13, 5, 9, 1, 10, 2, 6, 14
7_4_02 2, 10, 14, 6, 7, 15, 3
6_25_14 10, 2, 6, 14, 11, 3
4_31_10 9, 1, 5, 13
1_28_22 2
1_25_12 9
3_14_08 4, 12, 16
2_13_04 6, 14
6_22_08 6, 14, 2, 10, 3, 11
8_14_04 6, 14, 2, 10, 3, 11, 15, 7
8_23_22 13, 5, 9, 1, 14, 6, 10, 2
3_27_18 12, 4, 16
1_28_06 10
1_11_16 3
4_29_10 9, 1, 5, 13
7_4_12 7, 15, 3, 11, 12, 4, 8
1_13_16 12
7_20_04 3, 11, 15, 7, 8, 16, 4
8_4_18 10, 2, 6, 14, 11, 3, 7, 15
3_21_20 12, 4, 8
5_5_04 4, 12, 16, 8, 5
7_1_02 2, 10, 14, 6, 3, 11, 15
2_17_04 3, 11
5_28_18 12, 4, 8, 16, 1
7_29_20 14, 6, 10, 2, 11, 3, 7
2_2_06 16, 8
7_16_16 12, 4, 8, 16, 13, 5, 9
8_2_14 8, 16, 4, 12, 9, 1, 5, 13
8_17_00 1, 9, 13, 5, 2, 10, 14, 6
4_21_18 11, 3, 7, 15
6_3_10 6, 14, 2, 10, 7, 15
5_10_22 14, 6, 10, 2, 11
3_12_08 3, 11, 7
6_8_06 5, 13, 1, 9, 2, 10
1_16_22 3
1_23_08 14
7_17_14 8, 16, 4, 12, 9, 1, 5
7_7_12 8, 16, 4, 12, 1, 9, 13
1_6_14 5
1_1_14 8
3_11_06 6, 14, 10
3_15_14 11, 3, 15
4_5_04 4, 12, 16, 8
6_3_22 12, 4, 8, 16, 13, 5
7_30_22 15, 7, 11, 3, 8, 16, 4
7_17_14 8, 16, 4, 12, 9, 1, 5
3_29_18 13, 5, 9
2_3_14 8, 16
5_21_02 3, 11, 15, 7, 4
1_8_00 6
7_30_18 13, 5, 9, 1, 6, 14, 2
2_30_14 7, 15
8_6_22 13, 5, 9, 1, 14, 6, 10, 2
3_21_14 9, 1, 5
1_2_12 3
7_8_00 2, 10, 14, 6, 7, 15, 3
7_2_08 5, 13, 1, 9, 2, 10, 14
6_10_20 13, 5, 9, 1, 10, 2
5_18_20 11, 3, 7, 15, 8
7_9_06 6, 14, 2, 10, 7, 15, 3
5_31_12 10, 2, 6, 14, 15
1_17_14 8
1_22_20 8
6_8_20 12, 4, 8, 16, 9, 1
5_3_08 5, 13, 1, 9, 14
8_9_22 14, 6, 10, 2, 15, 7, 11, 3
6_29_08 8, 16, 4, 12, 5, 13
2_28_20 9, 1
8_13_14 11, 3, 7, 15, 8, 16, 4, 12
7_10_02 4, 12, 16, 8, 1, 9, 13
3_25_04 5, 13, 1
8_24_02 3, 11, 15, 7, 4, 12, 16, 8
6_22_06 5, 13, 1, 9, 2, 10
3_17_18 10, 2, 6
5_29_00 4, 12, 16, 8, 1
1_16_06 11
7_27_20 13, 5, 9, 1, 6, 14, 2
6_2_22 12, 4, 8, 16, 9, 1
3_20_08 1, 9, 5
5_21_04 4, 12, 16, 8, 5
2_6_08 2, 10
8_18_20 11, 3, 7, 15, 12, 4, 8, 16
3_21_20 12, 4, 8
3_18_20 7, 15, 3
3_3_06 4, 12, 8
4_16_02 5, 13, 1, 9
6_20_10 6, 14, 2, 10, 3, 11
2_25_18 12, 4
8_14_02 5, 13, 1, 9, 2, 10, 14, 6
1_28_04 9
2_7_20 12, 4
4_22_18 11, 3, 7, 15
6_16_04 6, 14, 2, 10, 15, 7
6_6_10 7, 15, 3, 11, 4, 12
8_16_20 14, 6, 10, 2, 11, 3, 7, 15
8_6_10 7, 15, 3, 11, 8, 16, 4, 12
4_11_06 6, 14, 2, 10
4_8_06 5, 13, 1, 9
5_9_10 8, 16, 4, 12, 9
2_6_18 7, 15
4_7_16 10, 2, 6, 14
5_4_02 2, 10, 14, 6, 7
7_5_22 13, 5, 9, 1, 14, 6, 10
5_24_04 4, 12, 16, 8, 9
6_2_20 11, 3, 7, 15, 8, 16
5_13_08 8, 16, 4, 12, 5
8_7_14 9, 1, 5, 13, 10, 2, 6, 14
1_24_10 11
5_19_12 7, 15, 3, 11, 16
4_26_02 4, 12, 16, 8
6_31_18 13, 5, 9, 1, 10, 2
7_30_12 10, 2, 6, 14, 3, 11, 15
1_16_00 8
7_7_00 2, 10, 14, 6, 11, 3, 7
8_8_12 8, 16, 4, 12, 9, 1, 5, 13
8_18_20 11, 3, 7, 15, 12, 4, 8, 16
6_8_22 13, 5, 9, 1, 10, 2
2_31_16 12, 4
1_14_16 8
2_4_18 6, 14
7_14_10 9, 1, 5, 13, 2, 10, 14
8_23_00 2, 10, 14, 6, 3, 11, 15, 7
2_7_04 4, 12
8_15_12 10, 2, 6, 14, 7, 15, 3, 11
1_3_18 2
2_28_12 5, 13
6_21_02 3, 11, 15, 7, 4, 12
3_29_08 8, 16, 4
6_11_18 12, 4, 8, 16, 13, 5
1_3_10 14
1_29_16 12
7_19_14 8, 16, 4, 12, 1, 9, 13
2_7_04 4, 12
2_30_06 3, 11
3_4_22 8, 16, 12
4_2_18 10, 2, 6, 14
5_3_04 3, 11, 15, 7, 12
4_7_02 3, 11, 15, 7
5_4_02 2, 10, 14, 6, 7
3_25_00 3, 11, 15
5_27_10 8, 16, 4, 12, 1
2_14_20 10, 2
7_5_12 8, 16, 4, 12, 9, 1, 5
8_31_16 12, 4, 8, 16, 9, 1, 5, 13
3_9_14 10, 2, 6
1_16_02 9
4_14_04 6, 14, 2, 10
6_15_16 12, 4, 8, 16, 9, 1
8_16_02 5, 13, 1, 9, 2, 10, 14, 6
7_15_16 12, 4, 8, 16, 1, 9, 13
3_24_10 3, 11, 7
1_9_22 14
8_14_12 10, 2, 6, 14, 7, 15, 3, 11
1_13_04 6
1_19_14 16
3_1_06 4, 12, 16
5_7_14 9, 1, 5, 13, 2
4_7_12 8, 16, 4, 12
2_19_10 6, 14
4_27_14 10, 2, 6, 14
8_4_14 8, 16, 4, 12, 9, 1, 5, 13
7_11_08 7, 15, 3, 11, 16, 8, 12
6_30_18 13, 5, 9, 1, 6, 14
6_27_02 4, 12, 16, 8, 5, 13
2_14_00 16, 8
2_21_20 12, 4
3_15_10 9, 1, 13
7_30_16 12, 4, 8, 16, 5, 13, 1
5_21_04 4, 12, 16, 8, 5
6_22_04 4, 12, 16, 8, 1, 9
1_27_12 1
4_25_10 8, 16, 4, 12
6_16_20 14, 6, 10, 2, 7, 15
3_15_02 5, 13, 9
6_18_14 8, 16, 4, 12, 5, 13
4_17_12 7, 15, 3, 11
6_6_06 5, 13, 1, 9, 2, 10
8_28_08 7, 15, 3, 11, 8, 16, 4, 12
3_23_10 7, 15, 11
2_11_02 4, 12
7_13_02 5, 13, 1, 9, 2, 10, 14
5_6_12 8, 16, 4, 12, 5
5_31_16 12, 4, 8, 16, 1
1_30_08 4
1_16_06 11
6_24_22 13, 5, 9, 1, 10, 2
7_20_08 5, 13, 1, 9, 10, 2, 6
3_4_10 2, 10, 6
2_21_22 13, 5
8_15_04 6, 14, 2, 10, 3, 11, 15, 7
5_30_22 15, 7, 11, 3, 8
7_17_04 3, 11, 15, 7, 4, 12, 16
6_2_18 10, 2, 6, 14, 7, 15
4_17_06 4, 12, 16, 8
3_17_22 12, 4, 8
8_31_18 13, 5, 9, 1, 10, 2, 6, 14
8_31_00 4, 12, 16, 8, 1, 9, 13, 5
6_15_18 13, 5, 9, 1, 10, 2
7_23_10 7, 15, 3, 11, 16, 8, 12
1_31_10 1
5_25_08 7, 15, 3, 11, 8
2_28_18 8, 16
6_16_20 14, 6, 10, 2, 7, 15
2_29_22 15, 7
1_16_14 15
8_9_18 12, 4, 8, 16, 13, 5, 9, 1
2_16_04 2, 10
2_12_20 9, 1
2_6_00 14, 6
8_21_08 6, 14, 2, 10, 7, 15, 3, 11
5_2_04 3, 11, 15, 7, 16
8_4_14 8, 16, 4, 12, 9, 1, 5, 13
1_27_06 14
2_17_04 3, 11
2_8_06 1, 9
7_18_04 3, 11, 15, 7, 16, 8, 12
1_23_06 13
5_29_04 6, 14, 2, 10, 3
7_18_08 5, 13, 1, 9, 2, 10, 14
1_4_10 10
7_9_10 8, 16, 4, 12, 9, 1, 5
7_27_04 5, 13, 1, 9, 14, 6, 10
8_9_16 11, 3, 7, 15, 12, 4, 8, 16
4_4_10 6, 14, 2, 10
4_8_18 11, 3, 7, 15
8_21_16 10, 2, 6, 14, 11, 3, 7, 15
2_12_22 10, 2
3_9_00 3, 11, 15
7_12_06 6, 14, 2, 10, 11, 3, 7
6_1_08 5, 13, 1, 9, 6, 14
7_9_02 4, 12, 16, 8, 5, 13, 1
6_2_08 5, 13, 1, 9, 2, 10
4_9_08 7, 15, 3, 11
2_3_16 9, 1
3_19_20 11, 3, 15
8_25_18 12, 4, 8, 16, 13, 5, 9, 1
8_8_14 9, 1, 5, 13, 10, 2, 6, 14
1_22_02 15
3_29_14 11, 3, 7
5_12_10 8, 16, 4, 12, 13
1_18_14 4
3_29_10 9, 1, 5
6_12_08 7, 15, 3, 11, 4, 12
3_7_18 11, 3, 15
8_20_16 9, 1, 5, 13, 10, 2, 6, 14
4_27_04 5, 13, 1, 9
6_11_22 14, 6, 10, 2, 15, 7
1_9_00 3
1_11_04 13
6_26_22 14, 6, 10, 2, 11, 3
6_30_20 14, 6, 10, 2, 7, 15
5_29_22 15, 7, 11, 3, 12
1_29_04 6
2_26_18 8, 16
4_31_04 6, 14, 2, 10
8_9_20 13, 5, 9, 1, 14, 6, 10, 2
7_4_12 7, 15, 3, 11, 12, 4, 8
1_7_08 14
4_30_10 9, 1, 5, 13
6_9_14 10, 2, 6, 14, 11, 3
8_16_16 12, 4, 8, 16, 9, 1, 5, 13
6_28_10 8, 16, 4, 12, 5, 13
4_6_04 4, 12, 16, 8
7_20_14 8, 16, 4, 12, 13, 5, 9
3_2_02 14, 6, 10
7_8_20 12, 4, 8, 16, 1, 9, 13
8_13_02 5, 13, 1, 9, 2, 10, 14, 6
2_28_16 7, 15
1_5_12 8
3_1_06 4, 12, 16
6_12_08 7, 15, 3, 11, 4, 12
8_7_18 11, 3, 7, 15, 12, 4, 8, 16
4_18_02 2, 10, 14, 6
8_10_14 10, 2, 6, 14, 11, 3, 7, 15
8_17_14 8, 16, 4, 12, 9, 1, 5, 13
8_1_22 12, 4, 8, 16, 13, 5, 9, 1
7_7_18 11, 3, 7, 15, 4, 12, 16
4_16_16 12, 4, 8, 16
5_25_02 4, 12, 16, 8, 5
3_3_10 6, 14, 10
2_28_16 7, 15
5_2_10 6, 14, 2, 10, 3
3_8_10 3, 11, 7
3_20_16 5, 13, 9
2_1_20 11, 3
6_3_14 8, 16, 4, 12, 9, 1
2_21_02 3, 11
8_3_18 10, 2, 6, 14, 11, 3, 7, 15
8_19_10 6, 14, 2, 10, 7, 15, 3, 11
1_31_16 4
2_2_16 5, 13
5_14_18 13, 5, 9, 1, 6
8_8_00 2, 10, 14, 6, 3, 11, 15, 7
5_20_10 6, 14, 2, 10, 11
7_14_02 5, 13, 1, 9, 14, 6, 10
5_16_10 9, 1, 5, 13, 10
3_29_20 14, 6, 10
7_15_18 13, 5, 9, 1, 2, 10, 14
3_18_06 16, 8, 12
3_27_06 6, 14, 10
7_22_00 2, 10, 14, 6, 15, 7, 11
2_15_22 15, 7
8_1_00 1, 9, 13, 5, 2, 10, 14, 6
7_9_22 14, 6, 10, 2, 15, 7, 11
6_20_14 8, 16, 4, 12, 5, 13
6_12_20 13, 5, 9, 1, 10, 2
1_5_02 3
8_7_12 8, 16, 4, 12, 9, 1, 5, 13
4_22_04 4, 12, 16, 8
3_5_02 3, 11, 15
1_30_14 7
2_26_14 6, 14
8_27_00 3, 11, 15, 7, 4, 12, 16, 8
5_21_12 8, 16, 4, 12, 9
3_10_08 3, 11, 15
4_13_06 7, 15, 3, 11
6_11_14 10, 2, 6, 14, 11, 3
2_3_12 7, 15
7_10_04 5, 13, 1, 9, 2, 10, 14
6_7_16 10, 2, 6, 14, 11, 3
5_17_14 8, 16, 4, 12, 9
6_26_06 6, 14, 2, 10, 3, 11
6_17_22 12, 4, 8, 16, 13, 5
2_17_16 9, 1
6_20_20 11, 3, 7, 15, 8, 16
6_19_18 10, 2, 6, 14, 11, 3
2_12_12 5, 13
3_7_14 9, 1, 13
1_21_04 4
8_18_18 10, 2, 6, 14, 11, 3, 7, 15
3_19_22 12, 4, 16
4_16_04 6, 14, 2, 10
3_26_22 10, 2, 6
5_30_22 15, 7, 11, 3, 8
4_2_12 7, 15, 3, 11
1_8_20 16
4_27_12 9, 1, 5, 13
6_22_22 13, 5, 9, 1, 10, 2
8_4_12 7, 15, 3, 11, 8, 16, 4, 12
7_16_08 8, 16, 4, 12, 9, 1, 5
2_13_12 10, 2
1_4_16 13
5_8_12 8, 16, 4, 12, 13
6_6_14 9, 1, 5, 13, 6, 14
6_4_16 9, 1, 5, 13, 6, 14
3_23_16 10, 2, 14
7_10_08 7, 15, 3, 11, 4, 12, 16
8_5_02 3, 11, 15, 7, 4, 12, 16, 8
6_26_08 7, 15, 3, 11, 4, 12
7_2_22 12, 4, 8, 16, 9, 1, 5
5_20_18 10, 2, 6, 14, 15
5_22_04 4, 12, 16, 8, 1
6_5_16 10, 2, 6, 14, 11, 3
7_27_16 11, 3, 7, 15, 4, 12, 16
3_5_12 8, 16, 4
5_22_22 13, 5, 9, 1, 10
8_13_00 4, 12, 16, 8, 1, 9, 13, 5
1_28_04 9
2_18_08 1, 9
2_29_08 8, 16
7_22_08 6, 14, 2, 10, 3, 11, 15
6_31_22 15, 7, 11, 3, 12, 4
2_18_10 2, 10
2_9_04 5, 13
3_7_02 3, 11, 7
8_15_14 11, 3, 7, 15, 8, 16, 4, 12
1_24_12 12
6_29_04 6, 14, 2, 10, 3, 11
6_31_04 6, 14, 2, 10, 3, 11
3_14_22 11, 3, 7
7_19_04 3, 11, 15, 7, 12, 4, 8
5_26_22 14, 6, 10, 2, 11
1_9_22 14
2_29_12 10, 2
3_25_20 13, 5, 9
4_1_16 9, 1, 5, 13
8_6_02 3, 11, 15, 7, 4, 12, 16, 8
2_9_16 11, 3
1_24_06 9
7_12_22 14, 6, 10, 2, 3, 11, 15
6_6_20 12, 4, 8, 16, 9, 1
2_10_20 9, 1
6_10_00 3, 11, 15, 7, 16, 8
1_7_10 15
8_20_22 12, 4, 8, 16, 13, 5, 9, 1
5_2_08 5, 13, 1, 9, 2
3_5_02 3, 11, 15
6_7_16 10, 2, 6, 14, 11, 3
5_30_16 12, 4, 8, 16, 5
1_1_04 3
8_19_14 8, 16, 4, 12, 9, 1, 5, 13
8_8_06 5, 13, 1, 9, 6, 14, 2, 10
8_15_16 12, 4, 8, 16, 9, 1, 5, 13
2_20_22 8, 16
2_28_04 1, 9
8_20_16 9, 1, 5, 13, 10, 2, 6, 14
6_18_16 9, 1, 5, 13, 6, 14
8_20_20 11, 3, 7, 15, 12, 4, 8, 16
3_9_06 6, 14, 2
3_29_12 10, 2, 6
5_8_08 6, 14, 2, 10, 11
2_5_06 5, 13
1_28_22 2
3_23_12 8, 16, 12
8_2_14 8, 16, 4, 12, 9, 1, 5, 13
4_28_12 9, 1, 5, 13
6_7_16 10, 2, 6, 14, 11, 3
2_24_16 6, 14
6_15_18 13, 5, 9, 1, 10, 2
5_31_10 9, 1, 5, 13, 14
6_30_06 7, 15, 3, 11, 16, 8
5_3_14 8, 16, 4, 12, 1
3_15_12 10, 2, 14
8_25_06 6, 14, 2, 10, 7, 15, 3, 11
2_8_18 7, 15
4_30_16 12, 4, 8, 16
3_11_00 3, 11, 7
3_12_16 7, 15, 11
5_9_08 7, 15, 3, 11, 8
8_2_04 3, 11, 15, 7, 4, 12, 16, 8
3_17_00 1, 9, 13
6_13_04 6, 14, 2, 10, 3, 11
7_14_16 12, 4, 8, 16, 5, 13, 1
6_15_22 15, 7, 11, 3, 12, 4
8_22_12 8, 16, 4, 12, 9, 1, 5, 13
8_7_22 13, 5, 9, 1, 14, 6, 10, 2
2_21_06 5, 13
6_28_04 5, 13, 1, 9, 2, 10
1_19_18 2
8_25_10 8, 16, 4, 12, 9, 1, 5, 13
1_11_12 1
4_19_12 7, 15, 3, 11
2_19_10 6, 14
4_1_08 5, 13, 1, 9
3_3_08 5, 13, 9
6_8_16 10, 2, 6, 14, 7, 15
1_9_16 11
1_20_20 15
1_25_04 5
2_16_22 11, 3
5_10_20 13, 5, 9, 1, 10
3_11_08 7, 15, 11
2_19_18 10, 2
6_8_02 3, 11, 15, 7, 16, 8
2_3_08 5, 13
4_20_12 7, 15, 3, 11
5_26_14 10, 2, 6, 14, 7
8_29_06 7, 15, 3, 11, 4, 12, 16, 8
4_2_14 8, 16, 4, 12
8_14_18 13, 5, 9, 1, 10, 2, 6, 14
5_25_02 4, 12, 16, 8, 5
7_25_06 6, 14, 2, 10, 7, 15, 3
8_7_06 5, 13, 1, 9, 6, 14, 2, 10
4_21_22 13, 5, 9, 1
1_3_04 11
1_31_00 12
3_12_08 3, 11, 7
2_29_16 12, 4
5_3_04 3, 11, 15, 7, 12
7_28_12 9, 1, 5, 13, 14, 6, 10
1_4_08 9
4_25_12 9, 1, 5, 13
4_29_14 11, 3, 7, 15
3_20_10 2, 10, 6
8_9_12 9, 1, 5, 13, 10, 2, 6, 14
4_19_22 12, 4, 8, 16
3_18_14 4, 12, 16
7_14_06 7, 15, 3, 11, 16, 8, 12
7_10_12 9, 1, 5, 13, 6, 14, 2
8_27_20 13, 5, 9, 1, 14, 6, 10, 2
2_26_18 8, 16
5_26_08 7, 15, 3, 11, 4
8_5_00 2, 10, 14, 6, 3, 11, 15, 7
2_2_18 6, 14
7_19_04 3, 11, 15, 7, 12, 4, 8
8_1_10 6, 14, 2, 10, 7, 15, 3, 11
4_9_12 9, 1, 5, 13
2_20_22 8, 16
4_17_08 5, 13, 1, 9
6_12_16 11, 3, 7, 15, 8, 16
7_12_04 5, 13, 1, 9, 10, 2, 6
8_5_08 6, 14, 2, 10, 7, 15, 3, 11
1_18_00 13
5_12_20 13, 5, 9, 1, 2
7_29_22 15, 7, 11, 3, 12, 4, 8
6_14_20 14, 6, 10, 2, 7, 15
7_8_08 6, 14, 2, 10, 11, 3, 7
2_29_14 11, 3
5_9_00 3, 11, 15, 7, 4
4_14_16 12, 4, 8, 16
1_21_04 4
6_1_18 10, 2, 6, 14, 11, 3
6_10_04 5, 13, 1, 9, 2, 10
1_29_22 15
1_18_10 2
8_23_02 3, 11, 15, 7, 4, 12, 16, 8
3_31_04 6, 14, 10
8_29_22 15, 7, 11, 3, 12, 4, 8, 16
1_8_22 1
7_1_12 7, 15, 3, 11, 8, 16, 4
3_9_20 13, 5, 9
2_9_10 8, 16
8_7_12 8, 16, 4, 12, 9, 1, 5, 13
3_6_06 1, 9, 13
1_15_00 12
2_17_14 8, 16
3_6_02 15, 7, 11
7_9_08 7, 15, 3, 11, 8, 16, 4
7_18_06 4, 12, 16, 8, 1, 9, 13
7_8_18 11, 3, 7, 15, 16, 8, 12
3_16_04 2, 10, 6
7_10_22 14, 6, 10, 2, 11, 3, 7
4_6_16 10, 2, 6, 14
2_25_20 13, 5
8_26_04 5, 13, 1, 9, 6, 14, 2, 10
3_1_10 6, 14, 2
4_23_02 3, 11, 15, 7
7_27_14 10, 2, 6, 14, 3, 11, 15
2_10_00 15, 7
4_11_20 13, 5, 9, 1
6_31_20 14, 6, 10, 2, 11, 3
1_27_02 12
5_23_06 5, 13, 1, 9, 14
3_14_04 2, 10, 14
5_9_16 11, 3, 7, 15, 12
8_3_08 5, 13, 1, 9, 6, 14, 2, 10
1_30_16 8
7_27_16 11, 3, 7, 15, 4, 12, 16
4_27_16 11, 3, 7, 15
1_15_20 6
5_22_22 13, 5, 9, 1, 10
3_25_14 10, 2, 6
2_9_14 10, 2
2_14_22 11, 3
5_4_02 2, 10, 14, 6, 7
5_11_22 14, 6, 10, 2, 7
6_17_08 5, 13, 1, 9, 6, 14
7_22_18 11, 3, 7, 15, 8, 16, 4
8_21_06 5, 13, 1, 9, 6, 14, 2, 10
1_31_18 5
3_26_14 6, 14, 2
6_25_02 4, 12, 16, 8, 5, 13
8_1_06 4, 12, 16, 8, 5, 13, 1, 9
8_6_14 9, 1, 5, 13, 10, 2, 6, 14
2_23_06 5, 13
5_23_12 8, 16, 4, 12, 1
3_26_12 5, 13, 1
1_19_22 4
5_19_14 8, 16, 4, 12, 1
5_25_00 3, 11, 15, 7, 4
5_9_14 10, 2, 6, 14, 11
4_1_02 2, 10, 14, 6
6_18_00 1, 9, 13, 5, 14, 6
3_24_18 7, 15, 11
7_28_08 7, 15, 3, 11, 12, 4, 8
2_17_06 4, 12
8_28_04 5, 13, 1, 9, 6, 14, 2, 10
6_12_00 3, 11, 15, 7, 16, 8
1_15_16 4
2_26_12 5, 13
5_4_10 6, 14, 2, 10, 11
8_8_08 6, 14, 2, 10, 7, 15, 3, 11
5_7_18 11, 3, 7, 15, 4
3_9_06 6, 14, 2
5_8_04 4, 12, 16, 8, 9
1_10_14 6
2_31_12 10, 2
7_15_06 7, 15, 3, 11, 12, 4, 8
5_31_06 7, 15, 3, 11, 12
7_23_22 13, 5, 9, 1, 6, 14, 2
2_1_00 1, 9
3_21_14 9, 1, 5
7_8_20 12, 4, 8, 16, 1, 9, 13
5_24_18 11, 3, 7, 15, 16
4_10_20 13, 5, 9, 1
2_23_18 11, 3
2_18_22 8, 16
2_5_18 11, 3
7_27_20 13, 5, 9, 1, 6, 14, 2
2_24_22 9, 1
8_24_14 9, 1, 5, 13, 10, 2, 6, 14
5_30_12 10, 2, 6, 14, 3
6_28_18 12, 4, 8, 16, 9, 1
5_31_10 9, 1, 5, 13, 14
1_6_16 6
7_25_00 3, 11, 15, 7, 4, 12, 16
2_15_08 8, 16
2_5_06 5, 13
2_27_08 7, 15
6_10_00 3, 11, 15, 7, 16, 8
3_1_14 8, 16, 4
8_1_10 6, 14, 2, 10, 7, 15, 3, 11
1_2_16 5
2_15_20 14, 6
3_7_10 7, 15, 11
1_5_04 4
2_8_04 16, 8
2_12_00 15, 7
1_6_06 1
4_29_12 10, 2, 6, 14
6_7_10 7, 15, 3, 11, 8, 16
3_31_20 14, 6, 2
4_5_18 11, 3, 7, 15
4_8_14 9, 1, 5, 13
7_15_02 5, 13, 1, 9, 10, 2, 6
3_14_16 8, 16, 4
2_19_10 6, 14
7_5_12 8, 16, 4, 12, 9, 1, 5
4_17_04 3, 11, 15, 7
7_19_20 11, 3, 7, 15, 4, 12, 16
2_15_00 4,12
1_13_16 12
8_13_14 11, 3, 7, 15, 8, 16, 4, 12
6_10_02 4, 12, 16, 8, 1, 9
6_16_06 7, 15, 3, 11, 16, 8
6_31_04 6, 14, 2, 10, 3, 11
1_29_04 6
8_6_14 9, 1, 5, 13, 10, 2, 6, 14
6_21_16 10, 2, 6, 14, 11, 3
2_10_08 3, 11
2_26_04 1, 9
2_12_20 9, 1
2_8_20 8, 16
2_20_00 13, 5
6_18_20 11, 3, 7, 15, 8, 16
3_1_12 7, 15, 3
3_21_22 13, 5, 9
1_21_14 9
3_16_20 10, 2, 14
3_9_16 11, 3, 7
6_14_00 4, 12, 16, 8, 13, 5
5_8_02 3, 11, 15, 7, 8
2_11_12 9, 1
8_3_02 2, 10, 14, 6, 3, 11, 15, 7
3_17_22 12, 4, 8
2_4_08 1, 9
8_22_12 8, 16, 4, 12, 9, 1, 5, 13
4_17_20 11, 3, 7, 15
7_16_12 10, 2, 6, 14, 11, 3, 7
4_15_04 6, 14, 2, 10
6_10_06 6, 14, 2, 10, 3, 11
2_8_02 15, 7
7_27_06 6, 14, 2, 10, 15, 7, 11
4_31_08 8, 16, 12
4_8_16 10, 2, 6, 14
6_22_00 2, 10, 14, 6, 15, 7
6_1_12 7, 15, 3, 11, 8, 16
3_29_20 14, 6, 10
7_2_18 10, 2, 6, 14, 7, 15, 3
7_14_08 8, 16, 4, 12, 1, 9, 13
1_25_08 7
7_29_12 10, 2, 6, 14, 7, 15, 3
3_17_08 5, 13, 1
1_23_20 4
6_27_20 13, 5, 9, 1, 14, 6
4_15_16 12, 4, 8, 16
6_25_00 3, 11, 15, 7, 4, 12
8_22_18 11, 3, 7, 15, 12, 4, 8, 16
5_22_00 2, 10, 14, 6, 15
5_21_04 4, 12, 16, 8, 5
1_28_18 16
4_8_08 6, 14, 2, 10
1_13_10 9
4_6_14 9, 1, 5, 13
4_29_16 12, 4, 8, 16
3_31_14 11, 3, 15
3_5_02 3, 11, 15
5_1_04 3, 11, 15, 7, 4
4_8_20 12, 4, 8, 16
5_8_02 3, 11, 15, 7, 8
5_26_06 6, 14, 2, 10, 3
3_19_18 10, 2, 14
5_23_04 4, 12, 16, 8, 13
8_30_04 6, 14, 2, 10, 3, 11, 15, 7
7_23_14 9, 1, 5, 13, 2, 10, 14
2_5_20 12, 4
4_30_06 7, 15, 3, 11
6_31_22 15, 7, 11, 3, 12, 4
2_25_16 11, 3
5_14_00 4, 12, 16, 8, 13
1_18_00 13
8_1_02 2, 10, 14, 6, 3, 11, 15, 7
1_21_18 11
1_8_14 13
1_28_22 2
1_23_00 10
2_21_06 5, 13
3_26_14 6, 14, 2
3_7_10 7, 15, 11
3_24_14 5, 13, 9
3_26_12 5, 13, 1
2_29_20 14, 6
8_5_12 8, 16, 4, 12, 9, 1, 5, 13
6_23_12 8, 16, 4, 12, 9, 1
6_22_02 3, 11, 15, 7, 16, 8
6_14_12 10, 2, 6, 14, 3, 11
7_10_04 5, 13, 1, 9, 2, 10, 14
2_20_06 16, 8
6_3_14 8, 16, 4, 12, 9, 1
8_15_06 7, 15, 3, 11, 4, 12, 16, 8
4_19_12 7, 15, 3, 11
6_16_16 12, 4, 8, 16, 5, 13
3_27_08 7, 15, 11
3_7_20 12, 4, 16
1_29_16 12
5_2_18 10, 2, 6, 14, 7
5_24_20 12, 4, 8, 16, 1
1_28_22 2
2_12_02 16, 8
5_2_18 10, 2, 6, 14, 7
3_12_02 16, 8, 4
8_30_06 7, 15, 3, 11, 4, 12, 16, 8
7_1_18 10, 2, 6, 14, 11, 3, 7
6_8_04 4, 12, 16, 8, 1, 9
3_29_22 15, 7, 11
3_25_14 10, 2, 6
2_9_18 12, 4
5_11_20 13, 5, 9, 1, 6
1_26_12 5
4_23_10 7, 15, 3, 11
6_19_10 6, 14, 2, 10, 7, 15
4_25_16 11, 3, 7, 15
6_28_18 12, 4, 8, 16, 9, 1
8_23_08 6, 14, 2, 10, 7, 15, 3, 11
1_2_10 2
6_26_20 13, 5, 9, 1, 10, 2
1_3_18 2
7_16_16 12, 4, 8, 16, 13, 5, 9
8_8_22 13, 5, 9, 1, 14, 6, 10, 2
6_21_12 8, 16, 4, 12, 9, 1
7_16_00 4, 12, 16, 8, 5, 13, 1
8_14_10 9, 1, 5, 13, 6, 14, 2, 10
8_30_18 13, 5, 9, 1, 10, 2, 6, 14
8_31_02 5, 13, 1, 9, 2, 10, 14, 6
4_25_14 10, 2, 6, 14
4_15_20 14, 6, 10, 2
3_15_06 7, 15, 11
7_21_20 12, 4, 8, 16, 13, 5, 9
3_17_06 4, 12, 16
1_28_12 13
8_1_06 4, 12, 16, 8, 5, 13, 1, 9
2_23_00 2, 10
5_2_16 9, 1, 5, 13, 6
3_28_14 6, 14, 10
5_9_14 10, 2, 6, 14, 11
8_25_18 12, 4, 8, 16, 13, 5, 9, 1
5_14_08 8, 16, 4, 12, 1
5_3_08 5, 13, 1, 9, 14
4_19_14 8, 16, 4, 12
7_17_14 8, 16, 4, 12, 9, 1, 5
3_16_04 2, 10, 6
8_23_08 6, 14, 2, 10, 7, 15, 3, 11
8_18_02 2, 10, 14, 6, 3, 11, 15, 7
6_28_08 7, 15, 3, 11, 4, 12
7_19_10 6, 14, 2, 10, 15, 7, 11
1_13_22 15
5_12_08 7, 15, 3, 11, 12
3_23_22 13, 5, 1
5_30_04 6, 14, 2, 10, 15
2_25_16 11, 3
6_16_02 5, 13, 1, 9, 14, 6
8_1_04 3, 11, 15, 7, 4, 12, 16, 8
1_17_02 2
6_13_12 10, 2, 6, 14, 7, 15
3_20_04 15, 7, 3
8_21_06 5, 13, 1, 9, 6, 14, 2, 10
4_24_04 4, 12, 16, 8
6_1_06 4, 12, 16, 8, 5, 13
7_12_22 14, 6, 10, 2, 3, 11, 15
7_31_06 7, 15, 3, 11, 12, 4, 8
7_19_04 3, 11, 15, 7, 12, 4, 8
5_19_12 7, 15, 3, 11, 16
1_18_18 6
1_15_02 13
2_9_04 5, 13
7_5_06 5, 13, 1, 9, 6, 14, 2
2_15_00 4,12
7_28_12 9, 1, 5, 13, 14, 6, 10
5_9_08 7, 15, 3, 11, 8
3_4_08 1, 9, 5
1_11_18 4
4_19_00 1, 9, 13, 5
3_27_12 9, 1, 13
4_29_00 4,12, 16, 8
7_26_02 4, 12, 16, 8, 1, 9, 13
3_21_22 13, 5, 9
5_31_02 5, 13, 1, 9, 10
1_13_06 7
4_15_00 4,12, 16, 8
5_10_16 11, 3, 7, 15, 8
1_17_12 7
6_16_14 11, 3, 7, 15, 4, 12
5_25_04 5, 13, 1, 9, 6
2_11_08 7, 15
2_29_04 6, 14
6_8_16 10, 2, 6, 14, 7, 15
1_18_04 15
5_8_00 2, 10, 14, 6, 7
5_26_20 13, 5, 9, 1, 10
8_13_22 15, 7, 11, 3, 12, 4, 8, 16
1_8_16 14
3_28_10 4, 12, 8
5_20_22 12, 4, 8, 16, 1
7_21_12 8, 16, 4, 12, 9, 1, 5
8_26_00 3, 11, 15, 7, 4, 12, 16, 8
1_5_00 2
2_24_10 3, 11
6_30_20 14, 6, 10, 2, 7, 15
6_4_20 11, 3, 7, 15, 8, 16
7_21_00 2, 10, 14, 6, 3, 11, 15
4_9_10 8, 16, 4, 12
4_2_14 8, 16, 4, 12
2_27_08 7, 15
1_1_16 9
4_10_12 9, 1, 5, 13
2_22_20 8, 16
2_21_02 3, 11
3_31_04 6, 14, 10
7_12_16 11, 3, 7, 15, 16, 8, 12
5_5_08 6, 14, 2, 10, 7
7_6_18 11, 3, 7, 15, 8, 16, 4
8_14_00 4, 12, 16, 8, 1, 9, 13, 5
5_12_08 7, 15, 3, 11, 12
8_7_06 5, 13, 1, 9, 6, 14, 2, 10
1_5_20 12
4_9_16 11, 3, 7, 15
4_13_22 15, 7, 11, 3
5_31_16 12, 4, 8, 16, 1
2_10_02 16, 8
5_26_04 5, 13, 1, 9, 2
3_3_02 2, 10, 6
6_2_16 9, 1, 5, 13, 6, 14
4_14_06 7, 15, 3, 11
5_14_06 7, 15, 3, 11, 16
2_16_04 2, 10
8_4_04 3, 11, 15, 7, 4, 12, 16, 8
6_26_02 4, 12, 16, 8, 1, 9
3_16_06 3, 11, 7
5_8_08 6, 14, 2, 10, 11
7_22_22 13, 5, 9, 1, 10, 2, 6
5_4_00 1, 9, 13, 5, 6
4_27_14 10, 2, 6, 14
8_31_08 8, 16, 4, 12, 5, 13, 1, 9
6_8_14 9, 1, 5, 13, 6, 14
2_17_16 9, 1
7_12_18 12, 4, 8, 16, 1, 9, 13
3_10_00 15, 7, 11
2_16_06 3, 11
3_17_02 2, 10, 14
2_24_16 6, 14
7_19_08 5, 13, 1, 9, 14, 6, 10
8_15_00 4, 12, 16, 8, 1, 9, 13, 5
1_3_10 14
1_31_18 5
6_17_04 3, 11, 15, 7, 4, 12
1_2_18 6
6_18_22 12, 4, 8, 16, 9, 1
7_5_20 12, 4, 8, 16, 13, 5, 9
3_1_06 4, 12, 16
1_15_12 2
1_20_06 8
1_9_06 6
8_21_04 4, 12, 16, 8, 5, 13, 1, 9
4_7_16 10, 2, 6, 14
3_25_16 11, 3, 7
2_16_20 10, 2
6_26_20 13, 5, 9, 1, 10, 2
1_9_12 9
7_17_00 1, 9, 13, 5, 2, 10, 14
8_4_10 6, 14, 2, 10, 7, 15, 3, 11
4_7_18 11, 3, 7, 15
6_15_00 4, 12, 16, 8, 1, 9
1_25_06 6
2_25_18 12, 4
2_9_14 10, 2
5_22_06 5, 13, 1, 9, 2
2_6_10 3, 11
8_11_18 12, 4, 8, 16, 13, 5, 9, 1
4_28_06 6, 14, 2, 10
2_31_14 11, 3
6_2_12 7, 15, 3, 11, 4, 12
6_16_16 12, 4, 8, 16, 5, 13
4_14_16 12, 4, 8, 16
2_30_08 4, 12
4_15_16 12, 4, 8, 16
7_4_12 7, 15, 3, 11, 12, 4, 8
3_12_18 8, 16, 12
1_21_00 2
7_15_04 6, 14, 2, 10, 11, 3, 7
8_22_16 10, 2, 6, 14, 11, 3, 7, 15
8_20_06 4, 12, 16, 8, 5, 13, 1, 9
5_9_10 8, 16, 4, 12, 9
7_2_02 2, 10, 14, 6, 15, 7, 11
7_3_14 8, 16, 4, 12, 1, 9, 13
4_8_10 7, 15, 3, 11
3_26_12 5, 13, 1
4_6_08 6, 14, 2, 10
3_12_02 16, 8, 4
3_13_14 11, 3, 7
8_16_06 7, 15, 3, 11, 4, 12, 16, 8
6_8_08 6, 14, 2, 10, 3, 11
5_13_20 14, 6, 10, 2, 11
2_22_14 5, 13
1_27_14 2
2_7_04 4, 12
1_31_18 5
2_1_14 8, 16
8_16_06 7, 15, 3, 11, 4, 12, 16, 8
5_24_02 3, 11, 15, 7, 8
7_21_06 5, 13, 1, 9, 6, 14, 2
6_16_08 8, 16, 4, 12, 1, 9
5_8_18 11, 3, 7, 15, 16
7_21_06 5, 13, 1, 9, 6, 14, 2
4_30_16 12, 4, 8, 16
5_19_00 1, 9, 13, 5, 10
3_28_22 10, 2, 14
8_26_22 14, 6, 10, 2, 15, 7, 11, 3
8_8_06 5, 13, 1, 9, 6, 14, 2, 10
2_8_02 15, 7
5_25_22 14, 6, 10, 2, 15
5_29_12 10, 2, 6, 14, 7
6_19_18 10, 2, 6, 14, 11, 3
2_13_08 8, 16
7_3_20 11, 3, 7, 15, 4, 12, 16
4_27_18 12, 4, 8, 16
3_16_02 1, 9, 5
3_23_14 9, 1, 13
4_30_10 9, 1, 5, 13
7_13_06 7, 15, 3, 11, 4, 12, 16
1_12_06 10
4_28_06 6, 14, 2, 10
3_13_06 7, 15, 3
5_2_10 6, 14, 2, 10, 3
1_16_18 1
4_27_02 4, 12, 16, 8
5_25_16 11, 3, 7, 15, 12
8_19_14 8, 16, 4, 12, 9, 1, 5, 13
7_20_10 6, 14, 2, 10, 11, 3, 7
7_24_02 3, 11, 15, 7, 8, 16, 4
4_28_02 4, 12, 16, 8
8_11_04 5, 13, 1, 9, 6, 14, 2, 10
2_12_18 8, 16
7_8_20 12, 4, 8, 16, 1, 9, 13
4_25_06 6, 14, 2, 10
6_16_06 7, 15, 3, 11, 16, 8
3_8_16 6, 14, 10
5_25_06 6, 14, 2, 10, 7
3_14_10 5, 13, 1
8_11_00 3, 11, 15, 7, 4, 12, 16, 8
4_29_18 13, 5, 9, 1
6_13_02 5, 13, 1, 9, 2, 10
4_20_18 10, 2, 6, 14
6_29_10 9, 1, 5, 13, 6, 14
6_28_00 3, 11, 15, 7, 16, 8
5_22_12 8, 16, 4, 12, 5
1_20_16 13
1_25_16 11
8_4_14 8, 16, 4, 12, 9, 1, 5, 13
1_28_02 8
8_7_20 12, 4, 8, 16, 13, 5, 9, 1
5_23_12 8, 16, 4, 12, 1
5_24_16 10, 2, 6, 14, 15
4_28_02 4, 12, 16, 8
5_6_20 12, 4, 8, 16, 9
2_23_00 2, 10
5_8_06 5, 13, 1, 9, 10
6_11_02 4, 12, 16, 8, 5, 13
8_20_14 8, 16, 4, 12, 9, 1, 5, 13
5_2_08 5, 13, 1, 9, 2
2_14_20 10, 2
5_22_20 12, 4, 8, 16, 9
6_21_02 3, 11, 15, 7, 4, 12
8_4_04 3, 11, 15, 7, 4, 12, 16, 8
5_3_02 2, 10, 14, 6, 11
1_14_06 3
8_25_00 3, 11, 15, 7, 4, 12, 16, 8
1_11_04 13
5_24_14 9, 1, 5, 13, 14
6_31_22 15, 7, 11, 3, 12, 4
5_12_00 3, 11, 15, 7, 8
3_8_06 1, 9, 5
6_20_06 4, 12, 16, 8, 1, 9
3_21_12 8, 16, 4
7_8_16 10, 2, 6, 14, 15, 7, 11
1_6_08 2
2_29_02 5, 13
7_19_18 10, 2, 6, 14, 3, 11, 15
8_2_04 3, 11, 15, 7, 4, 12, 16, 8
6_13_20 14, 6, 10, 2, 11, 3
6_4_20 11, 3, 7, 15, 8, 16
1_2_08 1
4_3_04 3, 11, 15, 7
8_26_16 11, 3, 7, 15, 12, 4, 8, 16
5_22_18 11, 3, 7, 15, 8
2_23_14 9, 1
7_12_00 3, 11, 15, 7, 8, 16, 4
8_10_04 5, 13, 1, 9, 6, 14, 2, 10
6_26_16 11, 3, 7, 15, 8, 16
2_26_12 5, 13
7_3_16 9, 1, 5, 13, 2, 10, 14
1_1_04 3
3_9_18 12, 4, 8
8_13_12 10, 2, 6, 14, 7, 15, 3, 11
8_5_20 12, 4, 8, 16, 13, 5, 9, 1
2_10_02 16, 8
7_28_10 8, 16, 4, 12, 13, 5, 9
7_14_04 6, 14, 2, 10, 15, 7, 11
2_22_12 4, 12
3_19_10 6, 14, 10
2_9_16 11, 3
7_8_06 5, 13, 1, 9, 10, 2, 6
3_14_02 1, 9, 13
4_3_00 1, 9, 13, 5
2_16_18 9, 1
6_16_14 11, 3, 7, 15, 4, 12
5_1_12 7, 15, 3, 11, 8
5_25_04 5, 13, 1, 9, 6
5_25_00 3, 11, 15, 7, 4
8_22_18 11, 3, 7, 15, 12, 4, 8, 16
8_6_14 9, 1, 5, 13, 10, 2, 6, 14
5_31_04 6, 14, 2, 10, 11
6_10_08 7, 15, 3, 11, 4, 12
5_23_18 11, 3, 7, 15, 4
4_15_02 5, 13, 1, 9
2_3_18 10, 2
8_13_18 13, 5, 9, 1, 10, 2, 6, 14
8_7_04 4, 12, 16, 8, 5, 13, 1, 9
2_28_04 1, 9
7_4_14 8, 16, 4, 12, 13, 5, 9
7_1_20 11, 3, 7, 15, 12, 4, 8
8_29_22 15, 7, 11, 3, 12, 4, 8, 16
4_9_02 4, 12, 16, 8
3_7_04 4, 12, 8
3_20_00 13, 5, 1
1_22_10 3
1_29_14 11
3_6_14 5, 13, 1
1_1_02 2
2_24_20 8, 16
1_18_00 13
4_16_18 13, 5, 9, 1
7_4_02 2, 10, 14, 6, 7, 15, 3
6_23_22 13, 5, 9, 1, 14, 6
7_24_20 12, 4, 8, 16, 1, 9, 13
7_8_14 9, 1, 5, 13, 14, 6, 10
6_4_00 1, 9, 13, 5, 14, 6
4_23_10 7, 15, 3, 11
2_2_06 16, 8
2_2_00 13, 5
5_10_00 3, 11, 15, 7, 16
7_19_14 8, 16, 4, 12, 1, 9, 13
6_28_00 3, 11, 15, 7, 16, 8
6_29_14 11, 3, 7, 15, 8, 16
6_20_04 3, 11, 15, 7, 16, 8
1_29_14 11
8_19_20 11, 3, 7, 15, 12, 4, 8, 16
8_18_20 11, 3, 7, 15, 12, 4, 8, 16
8_31_12 10, 2, 6, 14, 7, 15, 3, 11
8_23_18 11, 3, 7, 15, 12, 4, 8, 16
7_22_16 10, 2, 6, 14, 7, 15, 3
5_30_18 13, 5, 9, 1, 6
7_10_04 5, 13, 1, 9, 2, 10, 14
6_26_22 14, 6, 10, 2, 11, 3
8_24_08 6, 14, 2, 10, 7, 15, 3, 11
3_3_20 11, 3, 15
6_3_16 9, 1, 5, 13, 10, 2
8_13_16 12, 4, 8, 16, 9, 1, 5, 13
1_28_02 8
4_11_20 13, 5, 9, 1
2_9_08 7, 15
5_4_22 12, 4, 8, 16, 1
8_13_20 14, 6, 10, 2, 11, 3, 7, 15
2_31_12 10, 2
1_15_08 16
5_9_10 8, 16, 4, 12, 9
4_4_04 3, 11, 15, 7
1_29_16 12
3_31_00 4,12, 8
6_20_04 3, 11, 15, 7, 16, 8
3_31_06 7, 15, 11
5_7_12 8, 16, 4, 12, 1
3_26_08 3, 11, 15
3_12_08 3, 11, 7
8_23_10 7, 15, 3, 11, 8, 16, 4, 12
5_14_08 8, 16, 4, 12, 1
1_25_12 9
4_20_02 2, 10, 14, 6
5_16_20 14, 6, 10, 2, 15
7_9_08 7, 15, 3, 11, 8, 16, 4
2_16_10 5, 13
6_9_12 9, 1, 5, 13, 10, 2
1_6_18 7
4_15_08 8, 16, 12
8_29_18 13, 5, 9, 1, 10, 2, 6, 14
7_10_06 6, 14, 2, 10, 3, 11, 15
1_31_04 14
1_1_06 4
1_4_02 6
4_5_08 6, 14, 2, 10
6_17_00 1, 9, 13, 5, 2, 10
3_5_12 8, 16, 4
1_27_08 15
6_14_08 8, 16, 4, 12, 1, 9
4_7_22 13, 5, 9, 1
2_25_02 4, 12
1_5_04 4
7_31_02 5, 13, 1, 9, 10, 2, 6
3_11_00 3, 11, 7
8_23_10 7, 15, 3, 11, 8, 16, 4, 12
3_9_14 10, 2, 6
4_23_10 7, 15, 3, 11
8_31_14 11, 3, 7, 15, 8, 16, 4, 12
1_8_16 14
3_30_22 11, 3, 7
7_23_22 13, 5, 9, 1, 6, 14, 2
7_25_04 5, 13, 1, 9, 6, 14, 2
3_28_08 3, 11, 7
5_18_14 8, 16, 4, 12, 5
7_29_14 11, 3, 7, 15, 8, 16, 4
8_30_14 11, 3, 7, 15, 8, 16, 4, 12
2_21_02 3, 11
1_12_06 10
8_21_22 13, 5, 9, 1, 14, 6, 10, 2
2_21_06 5, 13
8_26_22 14, 6, 10, 2, 15, 7, 11, 3
8_21_18 11, 3, 7, 15, 12, 4, 8, 16
6_1_18 10, 2, 6, 14, 11, 3
7_3_12 7, 15, 3, 11, 16, 8, 12
2_27_18 12, 4
8_21_14 9, 1, 5, 13, 10, 2, 6, 14
4_14_02 5, 13, 1, 9
5_24_16 10, 2, 6, 14, 15
8_7_14 9, 1, 5, 13, 10, 2, 6, 14
1_1_06 4
1_29_14 11
3_28_14 6, 14, 10
4_17_02 2, 10, 14, 6
5_5_10 7, 15, 3, 11, 8
8_24_14 9, 1, 5, 13, 10, 2, 6, 14
3_4_10 2, 10, 6
5_25_02 4, 12, 16, 8, 5
2_19_18 10, 2
4_7_16 10, 2, 6, 14
4_22_02 3, 11, 15, 7
5_8_16 10, 2, 6, 14, 15
1_23_16 2
5_14_10 9, 1, 5, 13, 2
4_29_08 8, 16, 4, 12
8_12_02 4, 12, 16, 8, 5, 13, 1, 9
1_26_02 16
4_25_08 7, 15, 3, 11
8_9_18 12, 4, 8, 16, 13, 5, 9, 1
4_15_06 7, 15, 3, 11
8_5_02 3, 11, 15, 7, 4, 12, 16, 8
2_25_00 3, 11
4_7_06 5, 13, 1, 9
4_21_00 2, 10, 14, 6
3_23_04 4, 12, 8
3_22_20 8, 16, 4
5_24_04 4, 12, 16, 8, 9
1_24_12 12
6_22_12 8, 16, 4, 12, 5, 13
5_3_18 10, 2, 6, 14, 3
4_5_02 3, 11, 15, 7
1_22_12 4
4_15_04 6, 14, 2, 10
7_11_22 14, 6, 10, 2, 7, 15, 3
2_10_02 16, 8
4_13_06 7, 15, 3, 11
4_22_06 5, 13, 1, 9
4_28_10 8, 16, 4, 12
6_2_04 3, 11, 15, 7, 16, 8
7_17_18 10, 2, 6, 14, 11, 3, 7
3_23_14 9, 1, 13
5_20_22 12, 4, 8, 16, 1
4_31_22 15, 7, 11, 3
2_8_16 6, 14
1_1_04 3
6_3_08 5, 13, 1, 9, 6, 14
5_1_12 7, 15, 3, 11, 8
2_24_22 9, 1
6_11_12 9, 1, 5, 13, 10, 2
8_10_22 14, 6, 10, 2, 15, 7, 11, 3
8_14_16 12, 4, 8, 16, 9, 1, 5, 13
8_30_00 4, 12, 16, 8, 1, 9, 13, 5
3_18_02 14, 6, 10
8_30_22 15, 7, 11, 3, 12, 4, 8, 16
6_23_18 11, 3, 7, 15, 12, 4
2_9_16 11, 3
6_18_12 7, 15, 3, 11, 4, 12
2_8_04 16, 8
7_6_22 13, 5, 9, 1, 10, 2, 6
3_13_20 14, 6, 10
8_9_06 6, 14, 2, 10, 7, 15, 3, 11
1_6_20 8
1_15_08 16
5_28_20 13, 5, 9, 1, 2
8_31_04 6, 14, 2, 10, 3, 11, 15, 7
3_23_00 2, 10, 6
5_24_02 3, 11, 15, 7, 8
8_24_18 11, 3, 7, 15, 12, 4, 8, 16
5_22_12 8, 16, 4, 12, 5
4_16_10 9, 1, 5, 13
4_15_04 6, 14, 2, 10
3_5_14 9, 1, 5
4_29_18 13, 5, 9, 1
4_17_18 10, 2, 6, 14
7_9_02 4, 12, 16, 8, 5, 13, 1
8_20_06 4, 12, 16, 8, 5, 13, 1, 9
8_6_12 8, 16, 4, 12, 9, 1, 5, 13
1_26_06 2
2_8_18 7, 15
8_13_06 7, 15, 3, 11, 4, 12, 16, 8
6_8_12 8, 16, 4, 12, 5, 13
8_8_20 12, 4, 8, 16, 13, 5, 9, 1
6_30_18 13, 5, 9, 1, 6, 14
4_28_06 6, 14, 2, 10
2_19_02 2, 10
1_12_00 7
2_1_16 9, 1
8_15_12 10, 2, 6, 14, 7, 15, 3, 11
3_3_12 7, 15, 11
4_19_20 11, 3, 7, 15
3_18_22 8, 16, 4
3_27_12 9, 1, 13
6_28_04 5, 13, 1, 9, 2, 10
6_12_02 4, 12, 16, 8, 1, 9
6_27_16 11, 3, 7, 15, 12, 4
4_3_18 10, 2, 6, 14
1_16_06 11
3_2_14 4, 12, 16
4_20_16 9, 1, 5, 13
6_2_12 7, 15, 3, 11, 4, 12
5_24_20 12, 4, 8, 16, 1
6_17_04 3, 11, 15, 7, 4, 12
5_27_18 12, 4, 8, 16, 5
4_30_14 11, 3, 7, 15
1_15_10 1
6_17_22 12, 4, 8, 16, 13, 5
1_6_20 8
6_25_20 13, 5, 9, 1, 14, 6
5_3_10 6, 14, 2, 10, 15
5_28_14 10, 2, 6, 14, 15
2_27_06 6, 14
8_13_12 10, 2, 6, 14, 7, 15, 3, 11
1_6_18 7
4_29_06 7, 15, 3, 11
2_21_16 10, 2
1_21_04 4
1_19_18 2
4_23_16 10, 2, 6, 14
8_7_10 7, 15, 3, 11, 8, 16, 4, 12
2_23_16 10, 2
3_30_02 1, 9, 13
4_19_04 3, 11, 15, 7
3_26_12 5, 13, 1
3_9_06 6, 14, 2
6_15_04 6, 14, 2, 10, 3, 11
6_15_22 15, 7, 11, 3, 12, 4
4_29_18 13, 5, 9, 1
8_11_06 6, 14, 2, 10, 7, 15, 3, 11
8_8_08 6, 14, 2, 10, 7, 15, 3, 11
4_17_06 4, 12, 16, 8
1_27_04 13
7_22_16 10, 2, 6, 14, 7, 15, 3
1_1_18 10
1_24_06 9
3_22_18 7, 15, 3
3_1_12 7, 15, 3
7_10_00 3, 11, 15, 7, 16, 8, 12
1_10_06 2
5_18_14 8, 16, 4, 12, 5
8_27_00 3, 11, 15, 7, 4, 12, 16, 8
3_11_02 4, 12, 8
1_13_12 10
6_2_20 11, 3, 7, 15, 8, 16
2_15_22 15, 7
8_23_02 3, 11, 15, 7, 4, 12, 16, 8
2_27_18 12, 4
3_5_14 9, 1, 5
2_25_02 4, 12
6_7_20 12, 4, 8, 16, 13, 5
7_2_00 1, 9, 13, 5, 14, 6, 10
3_30_14 7, 15, 3
3_24_00 14, 6, 2
5_19_10 6, 14, 2, 10, 15
1_15_02 13
2_6_04 16, 8
1_29_14 11
1_31_20 6
4_25_20 13, 5, 9, 1
5_11_12 9, 1, 5, 13, 2
3_26_16 7, 15, 3
1_23_06 13
4_21_10 7, 15, 3, 11
5_17_18 10, 2, 6, 14, 11
5_24_20 12, 4, 8, 16, 1
7_9_02 4, 12, 16, 8, 5, 13, 1
6_2_10 6, 14, 2, 10, 3, 11
7_7_04 4, 12, 16, 8, 13, 5, 9
7_1_04 3, 11, 15, 7, 4, 12, 16
5_20_10 6, 14, 2, 10, 11
5_25_14 10, 2, 6, 14, 11
2_6_22 9, 1
4_29_04 6, 14, 2, 10
1_18_12 3
6_5_18 11, 3, 7, 15, 12, 4
1_23_08 14
6_11_22 14, 6, 10, 2, 15, 7
3_11_14 10, 2, 14
5_14_02 5, 13, 1, 9, 14
1_22_14 5
8_14_12 10, 2, 6, 14, 7, 15, 3, 11
3_14_18 9, 1, 5
8_5_06 5, 13, 1, 9, 6, 14, 2, 10
1_14_04 2
6_2_08 5, 13, 1, 9, 2, 10
6_5_06 5, 13, 1, 9, 6, 14
7_12_08 7, 15, 3, 11, 12, 4, 8
2_5_06 5, 13
1_2_22 8
7_21_08 6, 14, 2, 10, 7, 15, 3
8_28_22 14, 6, 10, 2, 15, 7, 11, 3
1_30_00 16
4_5_22 13, 5, 9, 1
6_11_06 6, 14, 2, 10, 7, 15
4_5_06 5, 13, 1, 9
6_5_14 9, 1, 5, 13, 10, 2
8_13_04 6, 14, 2, 10, 3, 11, 15, 7
6_10_06 6, 14, 2, 10, 3, 11
3_8_00 14, 6, 2
8_17_08 5, 13, 1, 9, 6, 14, 2, 10
3_19_18 10, 2, 14
5_10_06 6, 14, 2, 10, 3
7_27_08 7, 15, 3, 11, 16, 8, 12
4_6_18 11, 3, 7, 15
6_9_18 12, 4, 8, 16, 13, 5
5_17_20 11, 3, 7, 15, 12
4_31_20 14, 6, 10, 2
6_16_06 7, 15, 3, 11, 16, 8
7_31_16 12, 4, 8, 16, 1, 9, 13
4_30_10 9, 1, 5, 13
7_7_00 2, 10, 14, 6, 11, 3, 7
3_10_10 4, 12, 16
2_3_12 7, 15
5_1_02 2, 10, 14, 6, 3
8_28_04 5, 13, 1, 9, 6, 14, 2, 10
1_23_10 15
8_10_10 8, 16, 4, 12, 9, 1, 5, 13
4_25_18 12, 4, 8, 16
7_28_00 3, 11, 15, 7, 8, 16, 4
3_15_20 14, 6, 2
1_8_16 14
1_1_02 2
1_27_08 15
8_14_04 6, 14, 2, 10, 3, 11, 15, 7
6_10_12 9, 1, 5, 13, 6, 14
7_3_14 8, 16, 4, 12, 1, 9, 13
2_8_18 7, 15
6_13_10 9, 1, 5, 13, 6, 14
5_15_02 5, 13, 1, 9, 10
6_8_02 3, 11, 15, 7, 16, 8
3_26_20 9, 1, 5
2_21_00 2, 10
1_28_00 7
5_31_06 7, 15, 3, 11, 12
8_24_16 10, 2, 6, 14, 11, 3, 7, 15
2_13_14 11, 3
1_15_06 15
2_14_00 16, 8
2_31_14 11, 3
2_9_02 4, 12
6_12_18 12, 4, 8, 16, 9, 1
3_11_12 9, 1, 13
4_10_20 13, 5, 9, 1
6_5_04 4, 12, 16, 8, 5, 13
8_20_00 1, 9, 13, 5, 2, 10, 14, 6
4_15_20 14, 6, 10, 2
5_8_20 12, 4, 8, 16, 1
1_8_22 1
3_9_04 5, 13, 1
7_25_18 12, 4, 8, 16, 13, 5, 9
7_31_00 4, 12, 16, 8, 9, 1, 5
1_2_12 3
8_27_10 8, 16, 4, 12, 9, 1, 5, 13
3_27_18 12, 4, 16
8_12_08 7, 15, 3, 11, 8, 16, 4, 12
7_28_22 14, 6, 10, 2, 3, 11, 15
5_13_06 7, 15, 3, 11, 4
7_18_20 11, 3, 7, 15, 8, 16, 4
3_27_08 7, 15, 11
2_20_20 7, 15
4_31_02 5, 13, 1, 9
2_7_18 11, 3
4_1_00 1, 9, 13, 5
2_27_18 12, 4
7_21_20 12, 4, 8, 16, 13, 5, 9
2_24_04 16, 8
6_30_06 7, 15, 3, 11, 16, 8
6_29_16 12, 4, 8, 16, 9, 1
1_29_22 15
5_27_20 13, 5, 9, 1, 6
8_12_20 13, 5, 9, 1, 14, 6, 10, 2
8_7_00 2, 10, 14, 6, 3, 11, 15, 7
3_25_04 5, 13, 1
3_27_18 12, 4, 16
5_18_18 10, 2, 6, 14, 7
7_7_04 4, 12, 16, 8, 13, 5, 9
5_31_16 12, 4, 8, 16, 1
7_12_02 4, 12, 16, 8, 9, 1, 5
2_19_14 8, 16
3_1_14 8, 16, 4
8_3_12 7, 15, 3, 11, 8, 16, 4, 12
7_15_16 12, 4, 8, 16, 1, 9, 13
8_26_10 8, 16, 4, 12, 9, 1, 5, 13
7_14_02 5, 13, 1, 9, 14, 6, 10
1_10_10 4
2_20_10 2, 10
7_27_14 10, 2, 6, 14, 3, 11, 15
2_17_12 7, 15
6_3_08 5, 13, 1, 9, 6, 14
1_18_18 6
5_9_04 5, 13, 1, 9, 6
4_31_04 6, 14, 2, 10
2_10_00 15, 7
7_27_08 7, 15, 3, 11, 16, 8, 12
8_19_22 12, 4, 8, 16, 13, 5, 9, 1
8_27_20 13, 5, 9, 1, 14, 6, 10, 2
2_18_10 2, 10
7_8_18 11, 3, 7, 15, 16, 8, 12
1_4_16 13
1_16_10 13
6_31_20 14, 6, 10, 2, 11, 3
6_24_22 13, 5, 9, 1, 10, 2
5_11_20 13, 5, 9, 1, 6
1_27_18 4
8_15_18 13, 5, 9, 1, 10, 2, 6, 14
1_12_18 16
1_5_02 3
1_23_00 10
1_27_08 15
7_21_00 2, 10, 14, 6, 3, 11, 15
2_29_16 12, 4
2_16_22 11, 3
6_9_06 6, 14, 2, 10, 7, 15
5_5_10 7, 15, 3, 11, 8
8_1_04 3, 11, 15, 7, 4, 12, 16, 8
3_13_00 4,12, 16
5_2_10 6, 14, 2, 10, 3
6_6_16 10, 2, 6, 14, 7, 15
1_19_18 2
1_21_16 10
5_31_22 15, 7, 11, 3, 4
4_9_14 10, 2, 6, 14
1_22_20 8
3_9_10 8, 16, 4
3_11_12 9, 1, 13
2_24_10 3, 11
2_30_00 16, 8
3_10_06 2, 10, 14
3_9_04 5, 13, 1
3_8_08 2, 10, 6
