7_2_14 8, 16, 4, 12, 5, 13, 1
3_26_02 16, 8, 12
6_24_06 5, 13, 1, 9, 2, 10
3_29_04 6, 14, 2
5_27_20 13, 5, 9, 1, 6
2_14_08 4, 12
1_11_14 2
3_13_18 13, 5, 9
7_8_08 6, 14, 2, 10, 11, 3, 7
1_4_10 10
5_22_10 7, 15, 3, 11, 4
7_29_02 5, 13, 1, 9, 2, 10, 14
2_9_12 9, 1
1_22_22 9
4_27_12 9, 1, 5, 13
1_29_18 13
1_9_14 10
7_23_02 3, 11, 15, 7, 12, 4, 8
4_24_12 8, 16, 4, 12
3_18_16 5, 13, 1
2_11_14 10, 2
7_21_04 4, 12, 16, 8, 5, 13, 1
5_12_04 5, 13, 1, 9, 10
5_21_06 5, 13, 1, 9, 6
8_28_06 6, 14, 2, 10, 7, 15, 3, 11
3_12_18 8, 16, 12
3_8_22 9, 1, 13
7_24_20 12, 4, 8, 16, 1, 9, 13
1_25_22 14
1_22_08 2
2_11_04 5, 13
5_15_22 15, 7, 11, 3, 4
6_19_04 3, 11, 15, 7, 4, 12
4_28_20 13, 5, 9, 1
2_21_14 9, 1
3_14_20 10, 2, 6
5_29_22 15, 7, 11, 3, 12
3_30_02 1, 9, 13
1_24_14 13
8_20_04 3, 11, 15, 7, 4, 12, 16, 8
5_16_00 4, 12, 16, 8, 5
6_17_16 9, 1, 5, 13, 10, 2
1_25_18 12
1_23_20 4
7_1_16 9, 1, 5, 13, 10, 2, 6
8_9_16 11, 3, 7, 15, 12, 4, 8, 16
4_2_22 12, 4, 8, 16
1_11_08 15
7_3_12 7, 15, 3, 11, 16, 8, 12
1_20_14 12
2_19_12 7, 15
6_14_14 11, 3, 7, 15, 4, 12
1_21_04 4
5_6_02 3, 11, 15, 7, 16
5_1_08 5, 13, 1, 9, 6
1_20_04 7
3_1_04 3, 11, 15
7_3_10 6, 14, 2, 10, 15, 7, 11
4_23_02 3, 11, 15, 7
1_4_00 5
8_17_10 6, 14, 2, 10, 7, 15, 3, 11
8_14_22 15, 7, 11, 3, 12, 4, 8, 16
6_1_06 4, 12, 16, 8, 5, 13
5_3_20 11, 3, 7, 15, 4
2_19_20 11, 3
6_7_14 9, 1, 5, 13, 10, 2
4_18_08 5, 13, 1, 9
2_27_16 11, 3
3_8_20 8, 16, 12
8_7_22 13, 5, 9, 1, 14, 6, 10, 2
4_2_00 1, 9, 13, 5
4_17_10 6, 14, 2, 10
3_25_06 6, 14, 2
2_2_20 7, 15
7_27_00 3, 11, 15, 7, 12, 4, 8
3_1_06 4, 12, 16
6_1_08 5, 13, 1, 9, 6, 14
3_11_18 12, 4, 16
3_26_04 1, 9, 13
2_2_12 3, 11
1_3_10 14
2_28_18 8, 16
7_21_10 7, 15, 3, 11, 8, 16, 4
8_15_04 6, 14, 2, 10, 3, 11, 15, 7
4_16_06 7, 15, 3, 11
7_20_14 8, 16, 4, 12, 13, 5, 9
7_10_02 4, 12, 16, 8, 1, 9, 13
5_7_14 9, 1, 5, 13, 2
8_17_22 12, 4, 8, 16, 13, 5, 9, 1
8_23_08 6, 14, 2, 10, 7, 15, 3, 11
1_25_18 12
3_22_08 2, 10, 14
8_31_10 9, 1, 5, 13, 6, 14, 2, 10
8_24_16 10, 2, 6, 14, 11, 3, 7, 15
4_6_20 12, 4, 8, 16
2_21_20 12, 4
6_29_00 4, 12, 16, 8, 1, 9
2_23_12 8, 16
5_3_08 5, 13, 1, 9, 14
2_6_02 15, 7
7_3_20 11, 3, 7, 15, 4, 12, 16
4_5_02 3, 11, 15, 7
4_2_12 7, 15, 3, 11
4_4_18 10, 2, 6, 14
6_24_18 11, 3, 7, 15, 8, 16
7_14_18 13, 5, 9, 1, 6, 14, 2
3_29_16 12, 4, 8
4_9_12 9, 1, 5, 13
3_30_04 2, 10, 14
3_12_22 10, 2, 14
6_16_16 12, 4, 8, 16, 5, 13
3_5_20 12, 4, 8
4_16_20 14, 6, 10, 2
3_18_20 7, 15, 3
4_11_14 10, 2, 6, 14
7_19_16 9, 1, 5, 13, 2, 10, 14
7_27_16 11, 3, 7, 15, 4, 12, 16
5_31_10 9, 1, 5, 13, 14
5_28_18 12, 4, 8, 16, 1
8_20_12 7, 15, 3, 11, 8, 16, 4, 12
4_31_20 14, 6, 10, 2
5_30_16 12, 4, 8, 16, 5
1_3_16 1
5_13_18 13, 5, 9, 1, 10
5_25_18 12, 4, 8, 16, 13
5_30_06 7, 15, 3, 11, 16
6_20_16 9, 1, 5, 13, 6, 14
2_14_06 3, 11
1_3_12 15
4_31_04 6, 14, 2, 10
2_8_00 14, 6
2_28_16 7, 15
5_22_06 5, 13, 1, 9, 2
1_23_00 10
8_27_00 3, 11, 15, 7, 4, 12, 16, 8
6_15_12 10, 2, 6, 14, 7, 15
5_26_10 8, 16, 4, 12, 5
1_13_12 10
2_30_08 4, 12
7_2_08 5, 13, 1, 9, 2, 10, 14
7_5_00 2, 10, 14, 6, 3, 11, 15
7_10_12 9, 1, 5, 13, 6, 14, 2
2_5_04 4, 12
1_18_20 7
2_29_10 9, 1
3_25_16 11, 3, 7
6_4_14 8, 16, 4, 12, 5, 13
4_1_22 12, 4, 8, 16
2_23_10 7, 15
3_13_00 4,12, 16
8_1_18 10, 2, 6, 14, 11, 3, 7, 15
7_17_08 5, 13, 1, 9, 6, 14, 2
6_15_12 10, 2, 6, 14, 7, 15
8_4_12 7, 15, 3, 11, 8, 16, 4, 12
3_25_10 8, 16, 4
6_8_20 12, 4, 8, 16, 9, 1
7_24_22 13, 5, 9, 1, 2, 10, 14
6_14_20 14, 6, 10, 2, 7, 15
6_23_18 11, 3, 7, 15, 12, 4
8_18_16 9, 1, 5, 13, 10, 2, 6, 14
4_15_00 4,12, 16, 8
8_14_14 11, 3, 7, 15, 8, 16, 4, 12
5_9_00 3, 11, 15, 7, 4
6_21_22 13, 5, 9, 1, 14, 6
1_13_02 5
1_2_04 15
6_6_14 9, 1, 5, 13, 6, 14
8_3_22 12, 4, 8, 16, 13, 5, 9, 1
7_26_22 14, 6, 10, 2, 11, 3, 7
6_7_08 6, 14, 2, 10, 7, 15
5_30_06 7, 15, 3, 11, 16
4_19_04 3, 11, 15, 7
6_7_18 11, 3, 7, 15, 12, 4
1_10_12 5
4_22_14 9, 1, 5, 13
1_20_10 10
3_21_16 10, 2, 6
1_21_16 10
2_9_14 10, 2
5_20_18 10, 2, 6, 14, 15
5_31_22 15, 7, 11, 3, 4
4_4_16 9, 1, 5, 13
1_9_16 11
8_2_18 10, 2, 6, 14, 11, 3, 7, 15
1_3_12 15
2_16_16 8, 16
6_10_06 6, 14, 2, 10, 3, 11
2_11_08 7, 15
7_27_10 8, 16, 4, 12, 1, 9, 13
6_1_20 11, 3, 7, 15, 12, 4
1_19_10 14
5_5_22 13, 5, 9, 1, 14
3_13_16 12, 4, 8
4_22_12 8, 16, 4, 12
5_16_10 9, 1, 5, 13, 10
8_25_22 14, 6, 10, 2, 15, 7, 11, 3
8_23_08 6, 14, 2, 10, 7, 15, 3, 11
4_1_20 11, 3, 7, 15
7_3_00 1, 9, 13, 5, 10, 2, 6
1_13_02 5
8_6_12 8, 16, 4, 12, 9, 1, 5, 13
3_17_02 2, 10, 14
8_25_02 4, 12, 16, 8, 5, 13, 1, 9
5_28_14 10, 2, 6, 14, 15
2_25_10 8, 16
6_13_18 13, 5, 9, 1, 10, 2
6_10_16 11, 3, 7, 15, 8, 16
5_31_06 7, 15, 3, 11, 12
1_12_16 15
2_31_18 13, 5
8_30_20 14, 6, 10, 2, 11, 3, 7, 15
5_7_16 10, 2, 6, 14, 3
8_14_22 15, 7, 11, 3, 12, 4, 8, 16
8_1_00 1, 9, 13, 5, 2, 10, 14, 6
5_18_08 5, 13, 1, 9, 2
1_9_08 7
3_1_02 2, 10, 14
5_28_08 7, 15, 3, 11, 12
1_3_20 3
6_8_22 13, 5, 9, 1, 10, 2
1_15_14 3
5_24_00 2, 10, 14, 6, 7
6_3_02 2, 10, 14, 6, 3, 11
5_31_00 4, 12, 16, 8, 9
1_10_04 1
7_23_06 5, 13, 1, 9, 14, 6, 10
1_27_06 14
8_17_10 6, 14, 2, 10, 7, 15, 3, 11
4_17_02 2, 10, 14, 6
1_2_08 1
2_4_04 15, 7
4_16_10 9, 1, 5, 13
8_25_16 11, 3, 7, 15, 12, 4, 8, 16
3_6_22 9, 1, 5
5_11_16 11, 3, 7, 15, 4
1_5_20 12
5_19_16 9, 1, 5, 13, 2
2_5_14 9, 1
3_21_06 5, 13, 1
7_21_04 4, 12, 16, 8, 5, 13, 1
8_8_08 6, 14, 2, 10, 7, 15, 3, 11
2_27_20 13, 5
4_26_14 10, 2, 6, 14
4_14_14 11, 3, 7, 15
8_26_22 14, 6, 10, 2, 15, 7, 11, 3
7_10_20 13, 5, 9, 1, 10, 2, 6
6_5_10 7, 15, 3, 11, 8, 16
2_6_06 1, 9
5_28_14 10, 2, 6, 14, 15
8_29_08 8, 16, 4, 12, 5, 13, 1, 9
